ProductId,Visited,RightPupilValidity,RightPupilDiameter,LeftPupilValidity,LeftPupilDiameter,RightGazePointValidity,RightGazePointOnDisplayAreaX,RightGazePointOnDisplayAreaY,RightGazePointInUserCoordinateSystemX,RightGazePointInUserCoordinateSystemY,RightGazePointInUserCoordinateSystemZ,LeftGazePointValidity,LeftGazePointOnDisplayAreaX,LeftGazePointOnDisplayAreaY,LeftGazePointInUserCoordinateSystemX,LeftGazePointInUserCoordinateSystemY,LeftGazePointInUserCoordinateSystemZ,RightGazeOriginValidity,RightGazeOriginInUserCoordinateSystemX,RightGazeOriginInUserCoordinateSystemY,RightGazeOriginInUserCoordinateSystemZ,RightGazeOriginInTrackboxCoordinateSystemX,RightGazeOriginInTrackboxCoordinateSystemY,RightGazeOriginInTrackboxCoordinateSystemZ,LeftGazeOriginValidity,LeftGazeOriginInUserCoordinateSystemX,LeftGazeOriginInUserCoordinateSystemY,LeftGazeOriginInUserCoordinateSystemZ,LeftGazeOriginInTrackboxCoordinateSystemX,LeftGazeOriginInTrackboxCoordinateSystemY,LeftGazeOriginInTrackboxCoordinateSystemZ,SystemTimestamp,DeviceTimestamp
0,0,0,nan,0,nan,0,nan,nan,nan,nan,nan,0,nan,nan,nan,nan,nan,0,nan,nan,nan,nan,nan,nan,0,nan,nan,nan,nan,nan,nan,60959754587,2055952242
0,0,0,nan,0,nan,0,nan,nan,nan,nan,nan,0,nan,nan,nan,nan,nan,0,nan,nan,nan,nan,nan,nan,0,nan,nan,nan,nan,nan,nan,60959762919,2055960575
0,0,0,nan,0,nan,0,nan,nan,nan,nan,nan,0,nan,nan,nan,nan,nan,0,nan,nan,nan,nan,nan,nan,0,nan,nan,nan,nan,nan,nan,60959771252,2055968909
0,0,0,nan,0,nan,0,nan,nan,nan,nan,nan,0,nan,nan,nan,nan,nan,0,nan,nan,nan,nan,nan,nan,0,nan,nan,nan,nan,nan,nan,60959779585,2055977242
0,0,0,nan,0,nan,0,nan,nan,nan,nan,nan,0,nan,nan,nan,nan,nan,0,nan,nan,nan,nan,nan,nan,0,nan,nan,nan,nan,nan,nan,60959787917,2055985575
0,0,0,nan,0,nan,0,nan,nan,nan,nan,nan,0,nan,nan,nan,nan,nan,0,nan,nan,nan,nan,nan,nan,0,nan,nan,nan,nan,nan,nan,60959796251,2055993909
0,0,0,nan,0,nan,0,nan,nan,nan,nan,nan,0,nan,nan,nan,nan,nan,0,nan,nan,nan,nan,nan,nan,0,nan,nan,nan,nan,nan,nan,60959804582,2056002241
0,0,0,nan,0,nan,0,nan,nan,nan,nan,nan,0,nan,nan,nan,nan,nan,0,nan,nan,nan,nan,nan,nan,0,nan,nan,nan,nan,nan,nan,60959812915,2056010575
0,0,0,nan,0,nan,0,nan,nan,nan,nan,nan,0,nan,nan,nan,nan,nan,0,nan,nan,nan,nan,nan,nan,0,nan,nan,nan,nan,nan,nan,60959821248,2056018908
0,0,0,nan,0,nan,0,nan,nan,nan,nan,nan,0,nan,nan,nan,nan,nan,0,nan,nan,nan,nan,nan,nan,0,nan,nan,nan,nan,nan,nan,60959829650,2056027311
0,0,1,2.372100830078125,1,2.47418212890625,1,0.45735445618629456,0.39443230628967285,-13.583924293518066,118.5028305053711,32.48972702026367,1,0.37549927830696106,0.5192391276359558,-41.81203842163086,95.75276947021484,24.209373474121094,1,-0.6264313459396362,31.494449615478516,642.332275390625,0.5025348663330078,0.4403883218765259,0.435586541891098,1,-67.29801940917969,32.3323974609375,642.6842651367188,0.6419365406036377,0.43855926394462585,0.44401273131370544,60959838054,2056035715
0,0,1,2.3389434814453125,1,2.458251953125,1,0.46304500102996826,0.4372798800468445,-11.621503829956055,110.69247436523438,29.647005081176758,1,0.3634797930717468,0.508202075958252,-45.95701217651367,97.7646255493164,24.94164276123047,1,-0.5738622546195984,31.452407836914062,642.3899536132812,0.5024245977401733,0.44048357009887695,0.43570569157600403,1,-67.25696563720703,32.321136474609375,642.659423828125,0.6418570876121521,0.43857938051223755,0.44394823908805847,60959846387,2056044049
0,0,1,2.3387298583984375,1,2.4340667724609375,1,0.4707019031047821,0.43461117148399353,-8.981003761291504,111.17893981933594,29.824058532714844,1,0.36293163895606995,0.48031100630760193,-46.14604187011719,102.84867095947266,26.79206085205078,1,-0.5285161137580872,31.407068252563477,642.1846313476562,0.5023301243782043,0.4405503571033478,0.435253769159317,1,-67.21676635742188,32.29423522949219,642.7365112304688,0.6417544484138489,0.4386459290981293,0.4441017508506775,60959854724,2056052382
0,0,1,2.377960205078125,1,2.3903350830078125,1,0.460945725440979,0.43603527545928955,-12.345462799072266,110.91935729980469,29.72956085205078,1,0.3774046301841736,0.44631296396255493,-41.154972076416016,109.0458984375,29.047704696655273,1,-0.4867340326309204,31.401630401611328,642.2183837890625,0.5022425651550293,0.4405663013458252,0.43532609939575195,1,-67.17113494873047,32.310611724853516,642.8741455078125,0.6416253447532654,0.4386308491230011,0.4443908631801605,60959863062,2056060715
0,0,0,nan,0,nan,0,nan,nan,nan,nan,nan,0,nan,nan,nan,nan,nan,0,nan,nan,nan,nan,nan,nan,0,nan,nan,nan,nan,nan,nan,60959871400,2056069048
0,0,0,nan,0,nan,0,nan,nan,nan,nan,nan,0,nan,nan,nan,nan,nan,0,nan,nan,nan,nan,nan,nan,0,nan,nan,nan,nan,nan,nan,60959879739,2056077381
0,0,0,nan,0,nan,0,nan,nan,nan,nan,nan,0,nan,nan,nan,nan,nan,0,nan,nan,nan,nan,nan,nan,0,nan,nan,nan,nan,nan,nan,60959888078,2056085715
0,0,0,nan,0,nan,0,nan,nan,nan,nan,nan,0,nan,nan,nan,nan,nan,0,nan,nan,nan,nan,nan,nan,0,nan,nan,nan,nan,nan,nan,60959896416,2056094047
0,0,1,2.34625244140625,1,2.43585205078125,1,0.46220842003822327,0.4187626540660858,-11.910013198852539,114.06783294677734,30.875534057617188,1,0.33782586455345154,0.476671040058136,-54.80389404296875,103.5121841430664,27.033557891845703,1,-0.3503718972206116,31.217918395996094,642.5174560546875,0.501956582069397,0.4409884512424469,0.43594905734062195,1,-66.96565246582031,32.163116455078125,642.6136474609375,0.6412616968154907,0.4389023184776306,0.44376206398010254,60959904751,2056102381
0,0,1,2.3547821044921875,1,2.4409332275390625,1,0.46204084157943726,0.4428454041481018,-11.967812538146973,109.67799377441406,29.277742385864258,1,0.3568993806838989,0.470967173576355,-48.22629928588867,104.55191040039062,27.41196060180664,1,-0.32973188161849976,31.192312240600586,642.4833984375,0.5019134879112244,0.4410371482372284,0.43587154150009155,1,-66.96331787109375,32.15243911743164,642.7891845703125,0.6412138342857361,0.43894845247268677,0.444138765335083,60959913084,2056110714
0,0,1,2.348480224609375,1,2.48614501953125,1,0.4538763463497162,0.4594559073448181,-14.783365249633789,106.65017700195312,28.17574691772461,1,0.3670732378959656,0.5118352174758911,-44.717796325683594,97.10237884521484,24.700637817382812,1,-0.3074607253074646,31.183950424194336,642.4376831054688,0.5018669366836548,0.4410485029220581,0.43577125668525696,1,-66.97442626953125,32.174312591552734,643.066650390625,0.6411688327789307,0.4389408528804779,0.44474315643310547,60959921417,2056119047
0,0,1,2.3172760009765625,1,2.412811279296875,1,0.45002982020378113,0.4404143691062927,-16.109872817993164,110.12112426757812,29.439062118530273,1,0.37222814559936523,0.47677022218704224,-42.94011306762695,103.49409484863281,27.02698516845703,1,-0.2930358946323395,31.17605209350586,642.4839477539062,0.5018366575241089,0.44107115268707275,0.435870498418808,1,-66.97726440429688,32.18506622314453,643.2879028320312,0.6411204934120178,0.43894872069358826,0.4452226758003235,60959929751,2056127381
0,0,1,2.34320068359375,1,2.4192352294921875,1,0.4513171315193176,0.44305145740509033,-15.66591739654541,109.64039611816406,29.264118194580078,1,0.35412469506263733,0.4572541117668152,-49.18315887451172,107.051513671875,28.32183074951172,1,-0.2786221504211426,31.162776947021484,642.5530395507812,0.5018064379692078,0.44110795855522156,0.4360184371471405,1,-66.94052124023438,32.16781234741211,643.1783447265625,0.6410709023475647,0.4389696717262268,0.4449756145477295,60959938084,2056135714
0,0,1,2.33258056640625,1,2.465576171875,1,0.44790950417518616,0.4430522620677948,-16.841066360473633,109.6402816772461,29.264026641845703,1,0.3704357445240021,0.4690244197845459,-43.5582275390625,104.90602111816406,27.5408992767334,1,-0.26633161306381226,31.175931930541992,642.5986328125,0.5017805099487305,0.44108667969703674,0.43611928820610046,1,-66.93611145019531,32.17462158203125,643.1919555664062,0.6410583257675171,0.43895742297172546,0.44500505924224854,60959946419,2056144048
0,0,1,2.3650970458984375,1,2.432769775390625,1,0.44898301362991333,0.4511464536190033,-16.470855712890625,108.16484069824219,28.727041244506836,1,0.3376082479953766,0.4572020471096039,-54.878936767578125,107.06102752685547,28.325260162353516,1,-0.3043440878391266,31.13802146911621,642.6898193359375,0.5018600821495056,0.44117751717567444,0.436311811208725,1,-66.9644775390625,32.174930572509766,643.279541015625,0.6410959362983704,0.43896862864494324,0.4452003836631775,60959954753,2056152384
0,0,1,2.399566650390625,1,2.4729766845703125,1,0.43024763464927673,0.45241788029670715,-22.931835174560547,107.93309783935547,28.642656326293945,1,0.3341035544872284,0.4778086543083191,-56.08753967285156,103.30480194091797,26.958112716674805,1,-0.33014702796936035,31.156368255615234,642.7581787109375,0.5019140243530273,0.44114843010902405,0.4364626705646515,1,-67.00398254394531,32.20539855957031,643.5531005859375,0.6411110162734985,0.4389426112174988,0.445803701877594,60959963083,2056160717
0,0,1,2.407928466796875,1,2.4448394775390625,1,0.4296378493309021,0.4591226577758789,-23.142118453979492,106.71092224121094,28.19784927368164,1,0.34806162118911743,0.45887765288352966,-51.27405548095703,106.75558471679688,28.214134216308594,1,-0.3210304379463196,31.13876724243164,642.8156127929688,0.5018948912620544,0.4411926865577698,0.43658486008644104,1,-66.99663543701172,32.20915985107422,643.658203125,0.6410700082778931,0.4389491379261017,0.44602954387664795,60959971414,2056169050
0,0,1,2.36859130859375,1,2.45428466796875,1,0.44157472252845764,0.43782106041908264,-19.025644302368164,110.59382629394531,29.611114501953125,1,0.32637232542037964,0.4531743824481964,-58.75369644165039,107.79521179199219,28.592435836791992,1,-0.30402156710624695,31.126401901245117,642.83837890625,0.5018592476844788,0.4412214159965515,0.43663251399993896,1,-66.98173522949219,32.21070861816406,643.7312622070312,0.6410211324691772,0.4389559328556061,0.446183979511261,60959979744,2056177384
0,0,1,2.3711700439453125,1,2.4494171142578125,1,0.4380803108215332,0.44783100485801697,-20.230693817138672,108.76920318603516,28.946964263916016,1,0.3315981924533844,0.4632764458656311,-56.95152282714844,105.95377349853516,27.92225456237793,1,-0.28314757347106934,31.12848663330078,642.861328125,0.5018154978752136,0.4412201941013336,0.4366825222969055,1,-66.96040344238281,32.21388626098633,643.7467651367188,0.640972912311554,0.4389514923095703,0.44621315598487854,60959988074,2056185717
0,0,1,2.351318359375,1,2.4886474609375,1,0.44077783823013306,0.4257884621620178,-19.30046844482422,112.78716278076172,30.409414291381836,1,0.3611895740032196,0.5073946118354797,-46.746822357177734,97.91181182861328,24.99518394470215,1,-0.2722266912460327,31.072845458984375,642.95263671875,0.5017926096916199,0.4413478970527649,0.4368729293346405,1,-66.96260833740234,32.210853576660156,643.8641357421875,0.6409487724304199,0.4389737546443939,0.4464665949344635,60959996404,2056194050
0,0,1,2.3604736328125,1,2.4747161865234375,1,0.43510866165161133,0.42956405878067017,-21.255495071411133,112.09894561767578,30.15888786315918,1,0.3457195460796356,0.48702511191368103,-52.08170700073242,101.62482452392578,26.34660530090332,1,-0.2562524378299713,31.076032638549805,642.9758911132812,0.5017591714859009,0.44134438037872314,0.4369237422943115,1,-66.95285034179688,32.21416091918945,643.9716796875,0.6409022212028503,0.4389815628528595,0.446696937084198,60960004737,2056202384
0,0,1,2.42242431640625,1,2.5223388671875,1,0.42295536398887634,0.4469463527202606,-25.44661521911621,108.93046569824219,29.005666732788086,1,0.3483985960483551,0.5240280032157898,-51.15784454345703,94.8798599243164,23.891626358032227,1,-0.23313802480697632,31.043643951416016,643.0548706054688,0.5017107725143433,0.44142216444015503,0.437090665102005,1,-66.93167877197266,32.19607925415039,643.9638061523438,0.6408601999282837,0.43901804089546204,0.446672648191452,60960013070,2056210717
0,0,1,2.38214111328125,1,2.49847412109375,1,0.4258522391319275,0.4405248761177063,-24.447603225708008,110.10096740722656,29.431720733642578,1,0.35555392503738403,0.5082245469093323,-48.69028091430664,97.76054382324219,24.94014549255371,1,-0.21389032900333405,31.033979415893555,643.134765625,0.5016704797744751,0.44145286083221436,0.437262624502182,1,-66.89997863769531,32.17388916015625,643.8641967773438,0.64081871509552,0.4390505850315094,0.446447491645813,60960021403,2056219051
0,0,1,2.3878326416015625,1,2.49462890625,1,0.4336722493171692,0.4475950002670288,-21.750850677490234,108.81221771240234,28.962646484375,1,0.34994882345199585,0.5247791409492493,-50.623226165771484,94.74293518066406,23.841815948486328,1,-0.1996251493692398,31.029151916503906,643.146728515625,0.5016404986381531,0.44146448373794556,0.437287837266922,1,-66.87692260742188,32.16478729248047,643.881591796875,0.6407665014266968,0.439071923494339,0.4464786648750305,60960029745,2056227393
0,0,1,2.40191650390625,1,2.4573516845703125,1,0.4307915270328522,0.46913811564445496,-22.74427604675293,104.88528442382812,27.533388137817383,1,0.33887383341789246,0.4810183048248291,-54.44248962402344,102.7197494506836,26.74515151977539,1,-0.18261925876140594,31.018590927124023,643.2272338867188,0.5016049742698669,0.44149714708328247,0.4374609887599945,1,-66.84393310546875,32.1322021484375,643.8648071289062,0.6407021284103394,0.43913736939430237,0.446430504322052,60960038078,2056235726
0,0,1,2.366485595703125,1,2.4619903564453125,1,0.42174914479255676,0.4669921100139618,-25.86257553100586,105.27648162841797,27.675710678100586,1,0.33907070755958557,0.5138909220695496,-54.37459182739258,96.72767639160156,24.56418800354004,1,-0.15825119614601135,30.99933433532715,643.193115234375,0.501554012298584,0.44153261184692383,0.43738430738449097,1,-66.82382202148438,32.12675094604492,643.9052734375,0.6406504511833191,0.4391542077064514,0.4465126395225525,60960046411,2056244059
0,0,1,2.379486083984375,1,2.4602813720703125,1,0.43427085876464844,0.4581117630004883,-21.54440689086914,106.89519500732422,28.264925003051758,1,0.339927077293396,0.4830617606639862,-54.07928466796875,102.34725952148438,26.6096134185791,1,-0.13867336511611938,30.961118698120117,643.2054443359375,0.5015131235122681,0.44161364436149597,0.4374057948589325,1,-66.81153869628906,32.097023010253906,644.0126342773438,0.6405988335609436,0.4392305016517639,0.4467374086380005,60960054744,2056252392
0,0,1,2.402191162109375,1,2.4940185546875,1,0.43060019612312317,0.4707445502281189,-22.81024169921875,104.59246063232422,27.426773071289062,1,0.3536483347415924,0.4891951382160187,-49.34743881225586,101.2292709350586,26.202634811401367,1,-0.11987598240375519,30.935880661010742,643.228515625,0.5014737844467163,0.4416691064834595,0.43745237588882446,1,-66.7615966796875,32.07911682128906,643.8482055664062,0.6405351161956787,0.43924540281295776,0.446368932723999,60960063077,2056260725
0,0,1,2.3722076416015625,1,2.499542236328125,1,0.4347541630268097,0.4252970516681671,-21.37774085998535,112.87672424316406,30.442047119140625,1,0.3509170114994049,0.49734845757484436,-50.28936004638672,99.7430648803711,25.661746978759766,1,-0.09519346058368683,30.9185791015625,643.3206787109375,0.5014221668243408,0.441717267036438,0.4376499354839325,1,-66.72665405273438,32.06193161010742,643.7613525390625,0.6404836773872375,0.43926939368247986,0.446171373128891,60960071413,2056269059
0,0,1,2.354827880859375,1,2.4770965576171875,1,0.43853917717933655,0.41505441069602966,-20.072465896606445,114.7437973022461,31.121545791625977,1,0.3452509939670563,0.46666085720062256,-52.2432975769043,105.33686065673828,27.69770622253418,1,-0.07298661023378372,30.902708053588867,643.36669921875,0.5013757348060608,0.44175633788108826,0.43774744868278503,1,-66.71295928955078,32.062400817871094,643.8828735351562,0.6404255032539368,0.43928495049476624,0.44643062353134155,60960079751,2056277395
0,0,1,2.3781585693359375,1,2.4740753173828125,1,0.4487364590167999,0.447435587644577,-16.555891036987305,108.84127807617188,28.97319793701172,1,0.3264108896255493,0.4588736593723297,-58.74039077758789,106.75631713867188,28.21436882019043,1,-0.0460529550909996,30.887317657470703,643.401123046875,0.501319408416748,0.4417928457260132,0.437820166349411,1,-66.67984771728516,32.06819534301758,643.8646850585938,0.6403610110282898,0.4392704963684082,0.44638484716415405,60960088077,2056285720
0,0,1,2.3707275390625,1,2.4767303466796875,1,0.4386950135231018,0.43362826108932495,-20.01872444152832,111.35810089111328,29.88928985595703,1,0.33610886335372925,0.46257224678993225,-55.39599609375,106.0821304321289,27.96896743774414,1,-0.013603368774056435,30.87619400024414,643.4241943359375,0.5012515187263489,0.44181907176971436,0.437868595123291,1,-66.65345764160156,32.078392028808594,643.9281005859375,0.6402906775474548,0.43925800919532776,0.44651728868484497,60960096421,2056294062
0,0,1,2.3636627197265625,1,2.5180816650390625,1,0.43068748712539673,0.4298691749572754,-22.780147552490234,112.0433120727539,30.1386661529541,1,0.35581493377685547,0.5097336173057556,-48.60027313232422,97.4854507446289,24.840068817138672,1,0.012025240808725357,30.875877380371094,643.3896484375,0.5011979341506958,0.44181525707244873,0.43779364228248596,1,-66.65168762207031,32.118202209472656,644.1978149414062,0.6402212381362915,0.43921205401420593,0.4471045434474945,60960104748,2056302387
0,0,1,2.3767242431640625,1,2.4846954345703125,1,0.4325020909309387,0.43298226594924927,-22.154382705688477,111.47586059570312,29.9321346282959,1,0.33658668398857117,0.45420047640800476,-55.23122787475586,107.60819244384766,28.524343490600586,1,0.034518010914325714,30.85671615600586,643.320556640625,0.5011509656906128,0.44184592366218567,0.43764105439186096,1,-66.61613464355469,32.113677978515625,644.1591796875,0.6401566863059998,0.4392162561416626,0.447012722492218,60960113081,2056310720
0,0,1,2.4134368896484375,1,2.478546142578125,1,0.436172217130661,0.44738247990608215,-20.88872528076172,108.8509750366211,28.976707458496094,1,0.3402104079723358,0.48230981826782227,-53.98155975341797,102.48430633544922,26.659530639648438,1,0.05569739639759064,30.86522102355957,643.3665161132812,0.5011066198348999,0.44183439016342163,0.43774187564849854,1,-66.58865356445312,32.12169647216797,644.0580444335938,0.6401240229606628,0.4391859173774719,0.44678956270217896,60960121415,2056319054
0,0,1,2.3571319580078125,1,2.4886016845703125,1,0.43994322419166565,0.4299377501010895,-19.588272094726562,112.03081512451172,30.134143829345703,1,0.35988980531692505,0.5172112584114075,-47.19503402709961,96.12242889404297,24.34391212463379,1,0.07162939012050629,30.863880157470703,643.389404296875,0.5010732412338257,0.4418402314186096,0.4377913773059845,1,-66.55943298339844,32.11817169189453,643.9592895507812,0.6400873064994812,0.4391798675060272,0.44656941294670105,60960129756,2056327395
0,0,1,2.3618011474609375,1,2.4136199951171875,1,0.4395105242729187,0.42300117015838623,-19.73748207092285,113.29524230957031,30.594324111938477,1,0.3348974287509918,0.44934573769569397,-55.81377029418945,108.49310302734375,28.846458435058594,1,0.09065531194210052,30.871877670288086,643.5377197265625,0.5010334849357605,0.4418432116508484,0.43811434507369995,1,-66.53208923339844,32.114410400390625,643.99951171875,0.6400206685066223,0.4391932487487793,0.4466497004032135,60960138089,2056335728
0,0,1,2.3717193603515625,1,2.4850921630859375,1,0.4310714602470398,0.4500352740287781,-22.647733688354492,108.36740112304688,28.800731658935547,1,0.35165542364120483,0.493151992559433,-50.03470230102539,100.50798797607422,25.94015121459961,1,0.11628285050392151,30.864744186401367,643.5037841796875,0.5009799003601074,0.4418535530567169,0.43803974986076355,1,-66.52120208740234,32.11738204956055,644.131103515625,0.6399660706520081,0.4392049312591553,0.4469316601753235,60960146423,2056344062
0,0,1,2.3375396728515625,1,2.4654693603515625,1,0.4347139894962311,0.4286426603794098,-21.391599655151367,112.26689147949219,30.22005271911621,1,0.35379940271377563,0.4778693616390228,-49.295326232910156,103.29373931884766,26.954111099243164,1,0.14318865537643433,30.856990814208984,643.5604248046875,0.5009236931800842,0.44187718629837036,0.43816158175468445,1,-66.50019073486328,32.094635009765625,644.1806640625,0.6399104595184326,0.4392589330673218,0.4470309019088745,60960154745,2056352386
0,0,1,2.365509033203125,1,2.458160400390625,1,0.43281683325767517,0.4497052729129791,-22.04583740234375,108.42755889892578,28.822635650634766,1,0.3562728464603424,0.4708442687988281,-48.44236373901367,104.57430267333984,27.420148849487305,1,0.1675175279378891,30.85074806213379,643.572509765625,0.5008728504180908,0.44189178943634033,0.438186913728714,1,-66.4872055053711,32.10004425048828,644.2898559570312,0.6398569941520691,0.4392625391483307,0.4472644329071045,60960163085,2056360728
0,0,1,2.3761749267578125,1,2.478912353515625,1,0.4447798430919647,0.45943760871887207,-17.92034149169922,106.65352630615234,28.17694854736328,1,0.36230286955833435,0.47237148880958557,-46.362884521484375,104.29589080810547,27.31890106201172,1,0.18901388347148895,30.844097137451172,643.5262451171875,0.5008279085159302,0.4418995678424835,0.438085675239563,1,-66.45777893066406,32.09833908081055,644.294921875,0.6397945880889893,0.43926680088043213,0.447268545627594,60960171417,2056369062
0,0,1,2.350982666015625,1,2.422027587890625,1,0.4366205036640167,0.4677833616733551,-20.734119415283203,105.13226318359375,27.623170852661133,1,0.3448902368545532,0.46854227781295776,-52.36771011352539,104.99391174316406,27.572853088378906,1,0.212119460105896,30.8314208984375,643.4465942382812,0.5007795691490173,0.4419153928756714,0.4379110634326935,1,-66.4305419921875,32.0689697265625,644.2430419921875,0.6397506594657898,0.43932077288627625,0.447146475315094,60960179740,2056377387
0,0,1,2.3567352294921875,1,2.459625244140625,1,0.43429723381996155,0.4447416067123413,-21.535322189331055,109.33235168457031,29.151947021484375,1,0.348187118768692,0.46828722953796387,-51.230770111083984,105.04041290283203,27.58978271484375,1,0.23016348481178284,30.83152961730957,643.4581298828125,0.5007418394088745,0.44191673398017883,0.43793612718582153,1,-66.40478515625,32.07419967651367,644.20166015625,0.639707088470459,0.43930432200431824,0.4470522701740265,60960188071,2056385720
0,0,1,2.3483428955078125,1,2.447845458984375,1,0.4343322813510895,0.45982199907302856,-21.523221969604492,106.58346557617188,28.151430130004883,1,0.34697872400283813,0.4840966463088989,-51.64747619628906,102.15862274169922,26.54092025756836,1,0.24674946069717407,30.829120635986328,643.46923828125,0.5007070899009705,0.44192320108413696,0.4379598796367645,1,-66.38428497314453,32.07493209838867,644.2176513671875,0.6396605372428894,0.43930503726005554,0.44708240032196045,60960196403,2056394054
0,0,1,2.4090118408203125,1,2.429901123046875,1,0.43256670236587524,0.48876985907554626,-22.13209342956543,101.30677032470703,26.230876922607422,1,0.35049310326576233,0.4837779402732849,-50.435543060302734,102.2166976928711,26.5621280670166,1,0.2620519995689392,30.826967239379883,643.435302734375,0.5006750822067261,0.44192323088645935,0.43788596987724304,1,-66.35619354248047,32.08453369140625,644.0934448242188,0.6396321654319763,0.4392683207988739,0.44680944085121155,60960204736,2056402387
0,0,1,2.325286865234375,1,2.474822998046875,1,0.44062575697898865,0.46920642256736755,-19.352901458740234,104.87284851074219,27.528831481933594,1,0.35316845774650574,0.5221188068389893,-49.51293182373047,95.22785186767578,24.018417358398438,1,0.2762739062309265,30.82919692993164,643.4239501953125,0.5006453394889832,0.44191715121269226,0.43786171078681946,1,-66.3377456665039,32.10881042480469,644.0391845703125,0.6396068334579468,0.4392106235027313,0.44669175148010254,60960213072,2056410723
0,0,1,2.3487091064453125,1,2.4625244140625,1,0.4310787618160248,0.4760853052139282,-22.645221710205078,103.61895751953125,27.07242774963379,1,0.3519239127635956,0.49005040526390076,-49.942115783691406,101.07335662841797,26.145912170410156,1,0.29369908571243286,30.82927703857422,643.4007568359375,0.5006089210510254,0.4419139623641968,0.43781140446662903,1,-66.31318664550781,32.11070251464844,643.9630126953125,0.6395741701126099,0.4391964077949524,0.44652217626571655,60960221404,2056419056
0,0,1,2.309173583984375,1,2.44891357421875,1,0.44307011365890503,0.44812244176864624,-18.509952545166016,108.7160873413086,28.927644729614258,1,0.34857115149497986,0.5160055756568909,-51.09832763671875,96.34220886230469,24.42388153076172,1,0.31488728523254395,30.839290618896484,643.4241333007812,0.5005645751953125,0.44189631938934326,0.4378635585308075,1,-66.29497528076172,32.140296936035156,643.9661865234375,0.6395354270935059,0.43913546204566956,0.44652920961380005,60960229737,2056427389
0,0,1,2.3770904541015625,1,2.4555511474609375,1,0.4359726309776306,0.46961286664009094,-20.957550048828125,104.79875946044922,27.501834869384766,1,0.357320636510849,0.5143244862556458,-48.08103942871094,96.64862823486328,24.535457611083984,1,0.3368401825428009,30.842273712158203,643.412353515625,0.5005186200141907,0.44188860058784485,0.43783846497535706,1,-66.27664184570312,32.15080261230469,643.9699096679688,0.6394963264465332,0.43911415338516235,0.446534663438797,60960238071,2056435723
0,0,1,2.3300323486328125,1,2.4392852783203125,1,0.44244974851608276,0.4226436913013458,-18.723892211914062,113.36038970947266,30.618064880371094,1,0.3517109751701355,0.5103564262390137,-50.01555633544922,97.3719482421875,24.7987003326416,1,0.35744237899780273,30.844131469726562,643.4467163085938,0.5004756450653076,0.44188931584358215,0.437913179397583,1,-66.26129913330078,32.153785705566406,644.0083618164062,0.6394550800323486,0.4391132593154907,0.4466148018836975,60960246413,2056444065
0,0,1,2.3461761474609375,1,2.4689483642578125,1,0.4373391568660736,0.451498419046402,-20.486299514770508,108.10070037841797,28.703641891479492,1,0.3556053638458252,0.5308794975280762,-48.67256164550781,93.63096618652344,23.437088012695312,1,0.3760868310928345,30.852951049804688,643.49267578125,0.5004366040229797,0.4418770968914032,0.43801429867744446,1,-66.25192260742188,32.169410705566406,644.0452270507812,0.639426589012146,0.43908587098121643,0.44669440388679504,60960254746,2056452398
0,0,1,2.2948760986328125,1,2.40863037109375,1,0.4455118775367737,0.42288726568222046,-17.667884826660156,113.31598663330078,30.601865768432617,1,0.34857186675071716,0.48203593492507935,-51.098079681396484,102.53424835205078,26.67767906188965,1,0.39421749114990234,30.845731735229492,643.435302734375,0.500398576259613,0.4418845474720001,0.4378887712955475,1,-66.23381042480469,32.16008377075195,644.0023193359375,0.6393993496894836,0.4390994608402252,0.44659650325775146,60960263079,2056460732
0,0,1,2.3466644287109375,1,2.4337615966796875,1,0.44003596901893616,0.4428290128707886,-19.556289672851562,109.68097686767578,29.27882957458496,1,0.36044394969940186,0.5208091735839844,-47.00394058227539,95.46656799316406,24.105228424072266,1,0.41110759973526,30.84734535217285,643.424072265625,0.500363290309906,0.4418797791004181,0.43786463141441345,1,-66.21415710449219,32.15989685058594,643.9826049804688,0.6393632292747498,0.43909716606140137,0.446549654006958,60960271415,2056469065
0,0,1,2.3068389892578125,1,2.424346923828125,1,0.43362271785736084,0.44049495458602905,-21.767925262451172,110.10643005371094,29.43367576599121,1,0.3610245883464813,0.4864773750305176,-46.80370330810547,101.72466278076172,26.382953643798828,1,0.42540574073791504,30.83957290649414,643.3212280273438,0.5003332495689392,0.44188234210014343,0.437640517950058,1,-66.1915283203125,32.152366638183594,643.893310546875,0.6393377780914307,0.4391007125377655,0.44635090231895447,60960279752,2056477398
0,0,1,2.3360595703125,1,2.4930419921875,1,0.4350515902042389,0.4562207758426666,-21.275165557861328,107.23990631103516,28.39032745361328,1,0.36512720584869385,0.5165358185768127,-45.38890075683594,96.24555969238281,24.388729095458984,1,0.4390244483947754,30.82955551147461,643.2980346679688,0.5003048181533813,0.4419001340866089,0.43758878111839294,1,-66.18549346923828,32.12822723388672,643.8948974609375,0.6393249034881592,0.4391510486602783,0.446349561214447,60960288090,2056485732
0,0,1,2.264617919921875,1,2.4005279541015625,1,0.4263048470020294,0.4110237956047058,-24.291515350341797,115.47847747802734,31.388999938964844,1,0.36869874596595764,0.48026639223098755,-44.15724182128906,102.8568115234375,26.795061111450195,1,0.45286428928375244,30.835220336914062,643.3211059570312,0.5002759099006653,0.4418914318084717,0.4376397132873535,1,-66.17036437988281,32.14281463623047,643.944580078125,0.6392813920974731,0.43912753462791443,0.44645556807518005,60960296427,2056494065
0,0,1,2.3120574951171875,1,2.406158447265625,1,0.4362134337425232,0.44030243158340454,-20.87451171875,110.14153289794922,29.446435928344727,1,0.36002811789512634,0.4693696200847626,-47.147335052490234,104.8431167602539,27.51793670654297,1,0.4649602770805359,30.827098846435547,643.2985229492188,0.500250518321991,0.44190531969070435,0.437589555978775,1,-66.16413116455078,32.122413635253906,644.05126953125,0.6392427086830139,0.43918439745903015,0.44668155908584595,60960304763,2056502398
0,0,1,2.3424072265625,1,2.4563751220703125,1,0.44213593006134033,0.4705061912536621,-18.832115173339844,104.63591766357422,27.44260025024414,1,0.3594897985458374,0.47163379192352295,-47.33300018310547,104.43038177490234,27.36776351928711,1,0.4762556552886963,30.827444076538086,643.321044921875,0.5002269148826599,0.4419076144695282,0.437638521194458,1,-66.14176177978516,32.10944747924805,643.9743041992188,0.6392148733139038,0.43920087814331055,0.4465087950229645,60960313100,2056510731
0,0,1,2.321868896484375,1,2.428863525390625,1,0.44343867897987366,0.45687583088874817,-18.382844924926758,107.12049102783203,28.346900939941406,1,0.34269949793815613,0.46708470582962036,-53.12320327758789,105.25961303710938,27.669574737548828,1,0.48881763219833374,30.82662582397461,643.2984619140625,0.500200629234314,0.4419063627719879,0.4375894367694855,1,-66.1177978515625,32.1017951965332,643.8858642578125,0.639186441898346,0.4392048120498657,0.44631147384643555,60960321435,2056519065
0,0,1,2.320465087890625,1,2.4630126953125,1,0.43922269344329834,0.46167024970054626,-19.836750030517578,106.24654388427734,28.028841018676758,1,0.3714556396007538,0.5032140016555786,-43.20651626586914,98.67389678955078,25.27255630493164,1,0.5018689632415771,30.814563751220703,643.218505859375,0.5001732110977173,0.4419208765029907,0.437414288520813,1,-66.10047149658203,32.07886505126953,643.8541259765625,0.6391581296920776,0.43924811482429504,0.4462359845638275,60960329768,2056527398
0,0,1,2.3069915771484375,1,2.4520721435546875,1,0.4411288797855377,0.45136308670043945,-19.17940330505371,108.12535858154297,28.71265983581543,1,0.3582097291946411,0.47958314418792725,-47.7744255065918,102.98135375976562,26.840383529663086,1,0.5138037800788879,30.816383361816406,643.2300415039062,0.5001482367515564,0.4419187009334564,0.437439501285553,1,-66.08123016357422,32.079288482666016,643.7869873046875,0.6391342878341675,0.43923813104629517,0.4460868537425995,60960338101,2056535731
0,0,1,2.327911376953125,1,2.4456939697265625,1,0.43463143706321716,0.46288609504699707,-21.420072555541992,106.02491760253906,27.948171615600586,1,0.36682289838790894,0.46181726455688477,-44.80413055419922,106.21975708007812,28.019067764282227,1,0.5275241136550903,30.808055877685547,643.1845703125,0.5001195669174194,0.44192999601364136,0.4373398423194885,1,-66.07262420654297,32.07054138183594,643.8603515625,0.6390987038612366,0.43926629424095154,0.446242094039917,60960346437,2056544067
0,0,1,2.3264617919921875,1,2.4558868408203125,1,0.4414258897304535,0.4281918704509735,-19.076961517333984,112.34906005859375,30.249948501586914,1,0.35450297594070435,0.47269561886787415,-49.052711486816406,104.2368392944336,27.297290802001953,1,0.5425938367843628,30.804763793945312,643.18408203125,0.5000879764556885,0.44193676114082336,0.437338262796402,1,-66.05784606933594,32.06936264038086,643.8855590820312,0.6390618681907654,0.4392721951007843,0.44629305601119995,60960354763,2056552392
0,0,1,2.27825927734375,1,2.431671142578125,1,0.44483819603919983,0.4502939283847809,-17.900230407714844,108.32025146484375,28.78359031677246,1,0.35779237747192383,0.46923768520355225,-47.9183349609375,104.86715698242188,27.526697158813477,1,0.5588176846504211,30.79790496826172,643.1617431640625,0.5000540018081665,0.4419481158256531,0.43728891015052795,1,-66.04962921142578,32.06086730957031,643.9219970703125,0.6390360593795776,0.43929481506347656,0.4463688135147095,60960363095,2056560725
0,0,1,2.309967041015625,1,2.48187255859375,1,0.4365563988685608,0.45487353205680847,-20.756237030029297,107.48548889160156,28.479707717895508,1,0.37491562962532043,0.4731302261352539,-42.01332473754883,104.1575927734375,27.268505096435547,1,0.570084810256958,30.79759979248047,643.161865234375,0.5000303983688354,0.4419487714767456,0.43728914856910706,1,-66.04092407226562,32.05928039550781,643.9715576171875,0.6390060186386108,0.43930482864379883,0.446473628282547,60960371428,2056569058
0,0,1,2.3446044921875,1,2.4626617431640625,1,0.44466933608055115,0.4913492798805237,-17.958454132080078,100.83660888671875,26.05973243713379,1,0.38134822249412537,0.4778704047203064,-39.79500198364258,103.29357147216797,26.95396614074707,1,0.6281593441963196,30.80066680908203,643.2301025390625,0.49990907311439514,0.4419515132904053,0.4374377727508545,1,-65.98468017578125,32.07054138183594,643.9698486328125,0.6388893723487854,0.4392813742160797,0.44645917415618896,60960379761,2056577391
0,0,1,2.3554840087890625,1,2.400177001953125,1,0.4957812428474426,0.4998558759689331,-0.33227869868278503,99.28598022460938,25.495384216308594,1,0.4173949062824249,0.4532524049282074,-27.364154815673828,107.78096008300781,28.587316513061523,1,0.749181866645813,30.769643783569336,643.3685302734375,0.4996562898159027,0.44203439354896545,0.43773406744003296,1,-65.84075927734375,32.041053771972656,643.7567749023438,0.6386412382125854,0.4393139183521271,0.44596371054649353,60960388094,2056585725
0,0,1,2.3176116943359375,1,2.4405059814453125,1,0.5247597098350525,0.5045707821846008,9.661056518554688,98.42655944824219,25.182567596435547,1,0.4465194344520569,0.49693426489830017,-17.32042694091797,99.81855773925781,25.689208984375,1,0.8487259745597839,30.73997688293457,643.3690185546875,0.4994480609893799,0.44209620356559753,0.4377312660217285,1,-65.76319885253906,32.07194519042969,644.063232421875,0.6384060978889465,0.4392915368080139,0.44661253690719604,60960396436,2056594067
0,0,1,2.3181304931640625,1,2.4447021484375,1,0.5213232636451721,0.47157126665115356,8.475974082946777,104.44178771972656,27.37191390991211,1,0.4605847895145416,0.504315972328186,-12.469943046569824,98.47301483154297,25.199438095092773,1,0.9029136300086975,30.687984466552734,643.3577880859375,0.4993348717689514,0.44220277667045593,0.43769994378089905,1,-65.696044921875,32.03958511352539,643.7841796875,0.6383335590362549,0.43932098150253296,0.44599103927612305,60960404770,2056602400
0,0,1,2.3199462890625,1,2.455169677734375,1,0.515412449836731,0.46847161650657654,6.437629222869873,105.00678253173828,27.57754135131836,1,0.44908127188682556,0.511962890625,-16.436979293823242,97.07908630371094,24.692150115966797,1,0.9202566146850586,30.6759033203125,643.38037109375,0.49929866194725037,0.44223085045814514,0.4377473294734955,1,-65.68217468261719,32.03986358642578,643.83203125,0.6382932066917419,0.4393269419670105,0.44609135389328003,60960413095,2056610725
0,0,1,2.306884765625,1,2.418975830078125,1,0.5248712301254272,0.46975985169410706,9.699515342712402,104.77197265625,27.49210548400879,1,0.4372076988220215,0.4985424280166626,-20.531635284423828,99.5254135131836,25.582555770874023,1,0.9326443672180176,30.67308807373047,643.3800048828125,0.49927276372909546,0.44223663210868835,0.4377462565898895,1,-65.66250610351562,32.02977752685547,643.779541015625,0.6382648348808289,0.4393408000469208,0.44597235321998596,60960421428,2056619058
0,0,1,2.309539794921875,1,2.4552764892578125,1,0.5227823853492737,0.4759159982204437,8.979178428649902,103.64981079101562,27.083667755126953,1,0.43055298924446106,0.49588310718536377,-22.826520919799805,100.01017761230469,25.7589168548584,1,0.9468756914138794,30.670509338378906,643.437744140625,0.4992431700229645,0.4422496557235718,0.4378712475299835,1,-65.63667297363281,32.017486572265625,643.7030029296875,0.6382295489311218,0.4393559694290161,0.445799857378006,60960429770,2056627400
0,0,1,2.2884674072265625,1,2.412811279296875,1,0.5173724889755249,0.45218223333358765,7.113533020019531,107.97603607177734,28.658357620239258,1,0.43865272402763367,0.49396899342536926,-20.033300399780273,100.35907745361328,25.885957717895508,1,0.9657552242279053,30.67439842224121,643.5289306640625,0.49920395016670227,0.44225355982780457,0.438069611787796,1,-65.6219253540039,32.01762390136719,643.7291870117188,0.6381925344467163,0.43935927748680115,0.445853054523468,60960438104,2056635734
0,0,1,2.3210906982421875,1,2.43817138671875,1,0.5223219394683838,0.4762322008609772,8.82039737701416,103.59217834472656,27.062667846679688,1,0.4329780042171478,0.5047444105148315,-21.990253448486328,98.39488983154297,25.171072006225586,1,0.9750880002975464,30.661319732666016,643.541015625,0.4991844892501831,0.4422822892665863,0.43809401988983154,1,-65.61192321777344,32.01286315917969,643.778076171875,0.638159990310669,0.4393758177757263,0.445955753326416,60960446437,2056644067
0,0,1,2.32684326171875,1,2.485443115234375,1,0.5335574746131897,0.47777223587036133,12.695012092590332,103.31147766113281,26.960487365722656,1,0.4434455931186676,0.5170533657073975,-18.38046646118164,96.15121459960938,24.35438346862793,1,0.9832720756530762,30.670312881469727,643.5750732421875,0.4991675019264221,0.44226813316345215,0.4381692707538605,1,-65.61201477050781,32.02155685424805,643.8015747070312,0.6381545662879944,0.43936091661453247,0.44600775837898254,60960454770,2056652400
0,0,1,2.3359832763671875,1,2.463958740234375,1,0.5300021767616272,0.49310675263404846,11.468958854675293,100.51624298095703,25.943145751953125,1,0.4553488790988922,0.5142157673835754,-14.275564193725586,96.66845703125,24.542640686035156,1,0.9920650124549866,30.66883087158203,643.6205444335938,0.49914923310279846,0.442277193069458,0.43826770782470703,1,-65.60818481445312,32.01569366455078,643.823974609375,0.6381412744522095,0.4393761157989502,0.44605448842048645,60960463103,2056660733
0,0,1,2.3265838623046875,1,2.4485626220703125,1,0.5277481079101562,0.4627334177494049,10.691615104675293,106.05278015136719,27.958209991455078,1,0.45687636733055115,0.5202684998512268,-13.74880313873291,95.5651626586914,24.141050338745117,1,0.993309736251831,30.663415908813477,643.6209106445312,0.4991466701030731,0.44228845834732056,0.43826770782470703,1,-65.59600830078125,32.00563049316406,643.74609375,0.6381345987319946,0.4393865168094635,0.44588226079940796,60960471440,2056669070
0,0,1,2.3191375732421875,1,2.4720916748046875,1,0.5265080332756042,0.47441399097442627,10.263980865478516,103.92359924316406,27.183319091796875,1,0.44889241456985474,0.5295931696891785,-16.502103805541992,93.86540985107422,23.522449493408203,1,0.9940203428268433,30.67302703857422,643.6550903320312,0.4991452991962433,0.44227302074432373,0.43834322690963745,1,-65.59869384765625,32.01253128051758,643.8042602539062,0.6381261944770813,0.43938007950782776,0.4460093677043915,60960479774,2056677404
0,0,1,2.3087615966796875,1,2.4812774658203125,1,0.5302406549453735,0.46260401606559753,11.55118465423584,106.07634735107422,27.96686363220215,1,0.46215692162513733,0.5293136239051819,-11.927774429321289,93.91636657714844,23.540990829467773,1,0.9889379739761353,30.66388702392578,643.6777954101562,0.4991559684276581,0.4422948956489563,0.43839123845100403,1,-65.60752868652344,32.00568389892578,643.8612060546875,0.6381310224533081,0.4394019544124603,0.4461332857608795,60960488107,2056685737
0,0,1,2.3430938720703125,1,2.4620513916015625,1,0.5299665331840515,0.49191543459892273,11.456652641296387,100.73339080810547,26.02219581604004,1,0.458770215511322,0.5332306027412415,-13.095697402954102,93.20238494873047,23.281116485595703,1,0.9814859628677368,30.677156448364258,643.7008056640625,0.499171644449234,0.4422703981399536,0.43844300508499146,1,-65.6136245727539,32.014076232910156,643.91845703125,0.6381299495697021,0.4393922984600067,0.44625934958457947,60960496444,2056694070
0,0,1,2.3462066650390625,1,2.4498748779296875,1,0.5246163606643677,0.48669514060020447,9.611634254455566,101.68498229980469,26.368511199951172,1,0.4489663243293762,0.4975508153438568,-16.47662925720215,99.7061767578125,25.648305892944336,1,0.9703491926193237,30.69176483154297,643.7006225585938,0.4991949200630188,0.44224002957344055,0.43844446539878845,1,-65.62506103515625,32.02265548706055,643.9857177734375,0.6381375789642334,0.4393835663795471,0.446408212184906,60960504782,2056702404
0,0,1,2.28436279296875,1,2.4949951171875,1,0.5323224663734436,0.4506120979785919,12.269111633300781,108.26226806640625,28.76245880126953,1,0.444288045167923,0.5433955788612366,-18.089933395385742,91.34950256347656,22.60671615600586,1,0.9566766619682312,30.68738555908203,643.6780395507812,0.49922335147857666,0.44224613904953003,0.43839481472969055,1,-65.6341781616211,32.02064514160156,644.031005859375,0.6381456851959229,0.43939387798309326,0.44650760293006897,60960513119,2056710738
0,0,1,2.32940673828125,1,2.5044403076171875,1,0.5117772817611694,0.49272963404655457,5.18402624130249,100.58500671386719,25.96812629699707,1,0.45743700861930847,0.5359489917755127,-13.555465698242188,92.70687103271484,23.100807189941406,1,0.9478587508201599,30.72299575805664,643.700439453125,0.49924182891845703,0.4421751797199249,0.43844830989837646,1,-65.65254211425781,32.04051971435547,644.0857543945312,0.6381707191467285,0.4393600523471832,0.44663259387016296,60960521455,2056719071
0,0,1,2.3062591552734375,1,2.419921875,1,0.520666241645813,0.4909273684024811,8.24941635131836,100.91351318359375,26.087743759155273,1,0.4494773745536804,0.5002842545509338,-16.30037498474121,99.20793914794922,25.466915130615234,1,0.9330989122390747,30.745521545410156,643.7001953125,0.4992726445198059,0.44212841987609863,0.43845081329345703,1,-65.66609191894531,32.042816162109375,644.05908203125,0.6382052898406982,0.4393516182899475,0.44657832384109497,60960529792,2056727404
0,0,1,2.3060455322265625,1,2.451141357421875,1,0.5136875510215759,0.4952749013900757,5.842767715454102,100.12103271484375,25.799270629882812,1,0.4517638087272644,0.5176259279251099,-15.511892318725586,96.04683685302734,24.316410064697266,1,0.9130386114120483,30.769481658935547,643.7005615234375,0.4993145167827606,0.44207873940467834,0.43845492601394653,1,-65.68635559082031,32.05287170410156,644.0678100585938,0.6382453441619873,0.43933188915252686,0.446603000164032,60960538130,2056735738
0,0,1,2.330963134765625,1,2.4409942626953125,1,0.5165442824363708,0.5131109952926636,6.827946186065674,96.86980438232422,24.615999221801758,1,0.4478578269481659,0.5314508080482483,-16.858875274658203,93.52679443359375,23.39925765991211,1,0.8908102512359619,30.820751190185547,643.791015625,0.49936115741729736,0.4419842064380646,0.43865808844566345,1,-65.7193603515625,32.090797424316406,644.1653442382812,0.6382904052734375,0.4392663836479187,0.4468260407447815,60960546465,2056744070
0,0,1,2.3373260498046875,1,2.47149658203125,1,0.5240626335144043,0.5089049935340881,9.42069149017334,97.6364974975586,24.89501953125,1,0.4565805494785309,0.5226749777793884,-13.850814819335938,95.12650299072266,23.981420516967773,1,0.8751770257949829,30.82509994506836,643.8597412109375,0.4993939995765686,0.4419841766357422,0.438807874917984,1,-65.74563598632812,32.095943450927734,644.2535400390625,0.6383238434791565,0.439267635345459,0.44702282547950745,60960554803,2056752404
0,0,1,2.30548095703125,1,2.4583282470703125,1,0.5293564200401306,0.5011895895004272,11.246255874633789,99.04288482666016,25.406904220581055,1,0.4636992812156677,0.5455365180969238,-11.395893096923828,90.959228515625,22.464704513549805,1,0.8570544719696045,30.845035552978516,643.8822631835938,0.49943190813064575,0.44194579124450684,0.43885937333106995,1,-65.76377868652344,32.13074493408203,644.2979736328125,0.638350784778595,0.4392014145851135,0.44712764024734497,60960563140,2056760737
0,0,1,2.332244873046875,1,2.445648193359375,1,0.5200729370117188,0.5192151069641113,8.044828414916992,95.75716400146484,24.210960388183594,1,0.4516388475894928,0.5389447808265686,-15.554975509643555,92.16078186035156,22.902040481567383,1,0.8453856706619263,30.845417022705078,643.89306640625,0.49945634603500366,0.4419463872909546,0.43888285756111145,1,-65.78076171875,32.13689422607422,644.375,0.6383675932884216,0.4391990900039673,0.44729840755462646,60960571469,2056769062
0,0,1,2.3343658447265625,1,2.436065673828125,1,0.5301203727722168,0.4874400496482849,11.509721755981445,101.54918670654297,26.3190860748291,1,0.46035048365592957,0.5323595404624939,-12.550728797912598,93.36116027832031,23.338930130004883,1,0.8322587013244629,30.85325813293457,643.8818969726562,0.49948373436927795,0.4419286549091339,0.43885961174964905,1,-65.78916931152344,32.1524658203125,644.3966064453125,0.6383799314498901,0.4391697347164154,0.44734907150268555,60960579807,2056777396
0,0,1,2.33551025390625,1,2.426849365234375,1,0.5277299284934998,0.4887910485267639,10.685368537902832,101.30292510986328,26.229463577270508,1,0.4544411301612854,0.5188936591148376,-14.588603019714355,95.81575775146484,24.23228645324707,1,0.820525050163269,30.861858367919922,643.93896484375,0.49950844049453735,0.441918283700943,0.43898460268974304,1,-65.79270935058594,32.157997131347656,644.41943359375,0.6383817195892334,0.43916139006614685,0.44739991426467896,60960588144,2056785729
0,0,1,2.3611602783203125,1,2.404327392578125,1,0.5331326127052307,0.49776145815849304,12.548505783081055,99.66777038574219,25.634326934814453,1,0.4481714963912964,0.48198315501213074,-16.75072479248047,102.54388427734375,26.6811466217041,1,0.8102801442146301,30.86467742919922,643.9392700195312,0.4995298385620117,0.4419124722480774,0.43898555636405945,1,-65.80189514160156,32.161598205566406,644.4529418945312,0.6383927464485168,0.4391584098339081,0.44747474789619446,60960596477,2056794062
0,0,1,2.329742431640625,1,2.4527435302734375,1,0.53957200050354,0.4880969524383545,14.769137382507324,101.42943572998047,26.275516510009766,1,0.44974449276924133,0.538629949092865,-16.208263397216797,92.21819305419922,22.922868728637695,1,0.7968392968177795,30.872173309326172,643.99609375,0.49955806136131287,0.44190433621406555,0.4391098618507385,1,-65.81206512451172,32.17381286621094,644.4874267578125,0.6384055614471436,0.4391377568244934,0.4475531578063965,60960604822,2056802406
0,0,1,2.3273468017578125,1,2.44378662109375,1,0.5300517678260803,0.48758214712142944,11.486058235168457,101.52330017089844,26.309650421142578,1,0.4418058693408966,0.5265650749206543,-18.945919036865234,94.41739654541016,23.723344802856445,1,0.7865525484085083,30.866031646728516,643.95068359375,0.49957942962646484,0.44191110134124756,0.43901050090789795,1,-65.8220443725586,32.16620635986328,644.5423583984375,0.6384131908416748,0.4391609728336334,0.44767284393310547,60960613156,2056810740
0,0,1,2.3505096435546875,1,2.453765869140625,1,0.5328070521354675,0.49669021368026733,12.436239242553711,99.86304473876953,25.70538902282715,1,0.4622650444507599,0.5263583660125732,-11.890497207641602,94.45508575439453,23.737041473388672,1,0.7741254568099976,30.870384216308594,643.9849243164062,0.4996054470539093,0.44190657138824463,0.43908533453941345,1,-65.83881378173828,32.173526763916016,644.6090698242188,0.638431966304779,0.43915480375289917,0.4478214383125305,60960621489,2056819072
0,0,1,2.34674072265625,1,2.4923553466796875,1,0.5237385034561157,0.5096239447593689,9.30888843536377,97.50546264648438,24.847293853759766,1,0.45383259654045105,0.5528579950332642,-14.798460006713867,89.6246566772461,21.97894859313965,1,0.7568720579147339,30.867090225219727,643.927978515625,0.4996413588523865,0.4419058859348297,0.4389612674713135,1,-65.84416198730469,32.16533660888672,644.538330078125,0.638460099697113,0.43916216492652893,0.4476688504219055,60960629823,2056827406
0,0,1,2.329864501953125,1,2.4926300048828125,1,0.5374698638916016,0.49239790439605713,14.044200897216797,100.64544677734375,25.990192413330078,1,0.46064820885658264,0.533499538898468,-12.448064804077148,93.15335845947266,23.26324462890625,1,0.7440100908279419,30.866321563720703,643.9281616210938,0.49966827034950256,0.44190746545791626,0.43896153569221497,1,-65.85777282714844,32.156715393066406,644.534912109375,0.6384892463684082,0.43917953968048096,0.44766315817832947,60960638157,2056835739
0,0,1,2.3745574951171875,1,2.4541168212890625,1,0.51545250415802,0.49877500534057617,6.4514288902282715,99.48301696777344,25.56710433959961,1,0.44677361845970154,0.5053514838218689,-17.232772827148438,98.28424072265625,25.130773544311523,1,0.7377909421920776,30.861703872680664,643.8822631835938,0.49968114495277405,0.441910982131958,0.438861221075058,1,-65.86767578125,32.146034240722656,644.5095825195312,0.6385160088539124,0.43919825553894043,0.4476092755794525,60960646482,2056844064
0,0,1,2.3390045166015625,1,2.515777587890625,1,0.5226470828056335,0.5054646730422974,8.93250560760498,98.26360321044922,25.12332534790039,1,0.4742872416973114,0.5546554327011108,-7.744588851928711,89.29701232910156,21.859722137451172,1,0.7303256392478943,30.860042572021484,643.83642578125,0.49969664216041565,0.4419083595275879,0.43876156210899353,1,-65.88148498535156,32.15386962890625,644.5413818359375,0.6385369896888733,0.43918633460998535,0.4476819932460785,60960654825,2056852406
0,0,1,2.3489532470703125,1,2.46588134765625,1,0.5154592990875244,0.480556845664978,6.453784465789795,102.80386352539062,26.77577781677246,1,0.4377705156803131,0.531562089920044,-20.337533950805664,93.50651550292969,23.391845703125,1,0.7254809737205505,30.854942321777344,643.790283203125,0.4997066557407379,0.44191285967826843,0.4386608600616455,1,-65.8860855102539,32.14600372314453,644.4828491210938,0.6385606527328491,0.4391946792602539,0.44755542278289795,60960663150,2056860731
0,0,1,2.3639984130859375,1,2.49737548828125,1,0.5158335566520691,0.5163431763648987,6.58285665512085,96.2806625366211,24.40151596069336,1,0.45698827505111694,0.5322533845901489,-13.710217475891113,93.38052368164062,23.34592056274414,1,0.7205485105514526,30.851688385009766,643.7218017578125,0.4997168183326721,0.44191059470176697,0.43851184844970703,1,-65.90505981445312,32.156944274902344,644.490478515625,0.6385982036590576,0.4391729533672333,0.447577565908432,60960671493,2056869073
0,0,1,2.373565673828125,1,2.5291290283203125,1,0.5173655152320862,0.5190999507904053,7.111144542694092,95.77815246582031,24.218605041503906,1,0.4568897783756256,0.5521026253700256,-13.744178771972656,89.76236724853516,22.02903938293457,1,0.7157121896743774,30.84980010986328,643.721435546875,0.49972695112228394,0.441914439201355,0.4385106563568115,1,-65.9061279296875,32.15361785888672,644.408447265625,0.638620138168335,0.4391687214374542,0.44740042090415955,60960679826,2056877406
0,0,1,2.3569793701171875,1,2.4704437255859375,1,0.5098969340324402,0.5076810717582703,4.535569667816162,97.85958862304688,24.97623634338379,1,0.46120497584342957,0.5349642038345337,-12.256057739257812,92.88636779785156,23.166128158569336,1,0.7139531373977661,30.84252166748047,643.6875,0.49973052740097046,0.441925048828125,0.4384360909461975,1,-65.91161346435547,32.14549255371094,644.3723754882812,0.6386402249336243,0.4391806721687317,0.4473225474357605,60960688151,2056885731
0,0,1,2.3773040771484375,1,2.4554443359375,1,0.5023992657661438,0.5234101414680481,1.949952244758606,94.99249267578125,23.93263053894043,1,0.4480844736099243,0.5128986835479736,-16.78071403503418,96.90853881835938,24.629985809326172,1,0.7151053547859192,30.838285446166992,643.6647338867188,0.4997280538082123,0.4419308602809906,0.43838608264923096,1,-65.91189575195312,32.13881301879883,644.3250122070312,0.6386522650718689,0.4391880929470062,0.44721946120262146,60960696485,2056894064
0,0,1,2.3782806396484375,1,2.50665283203125,1,0.5097885131835938,0.522542417049408,4.498174667358398,95.15062713623047,23.99026107788086,1,0.4494994878768921,0.5328222513198853,-16.292753219604492,93.2768325805664,23.308183670043945,1,0.7170359492301941,30.827239990234375,643.6302490234375,0.49972403049468994,0.4419492781162262,0.43830978870391846,1,-65.90606689453125,32.12794494628906,644.2562255859375,0.6386566758155823,0.439201295375824,0.4470681846141815,60960704820,2056902398
0,0,1,2.38409423828125,1,2.5037384033203125,1,0.5274631977081299,0.5193623304367065,10.593364715576172,95.73033142089844,24.201183319091797,1,0.4727131724357605,0.5278364419937134,-8.28742790222168,94.18565368652344,23.63897132873535,1,0.7165806889533997,30.81393051147461,643.618896484375,0.49972495436668396,0.44197535514831543,0.438283234834671,1,-65.90614318847656,32.11284637451172,644.256103515625,0.6386569142341614,0.43923261761665344,0.4470658004283905,60960713153,2056910731
0,0,1,2.3851165771484375,1,2.5111541748046875,1,0.5116381049156189,0.5169773101806641,5.136029243469238,96.1650619506836,24.35944938659668,1,0.42837607860565186,0.5122320055961609,-23.57725715637207,97.03004455566406,24.674304962158203,1,0.6802240610122681,30.77956771850586,643.67724609375,0.4998011589050293,0.44205427169799805,0.43840503692626953,1,-65.94581604003906,32.061561584472656,644.0474243164062,0.6387897729873657,0.43931061029434204,0.4466167986392975,60960721496,2056919073
0,0,1,2.404052734375,1,2.5406036376953125,1,0.4917607009410858,0.4888131618499756,-1.7187857627868652,101.29888916015625,26.22802734375,1,0.41922515630722046,0.5270470380783081,-26.73299217224121,94.32954406738281,23.691364288330078,1,0.5920106172561646,30.73516082763672,643.6776123046875,0.49998563528060913,0.4421462416648865,0.43839946389198303,1,-66.00696563720703,32.04710388183594,644.21142578125,0.6388776302337646,0.43936270475387573,0.44698208570480347,60960729821,2056927398
0,0,1,2.4244384765625,1,2.50921630859375,1,0.47841471433639526,0.5059548020362854,-6.321218490600586,98.17427062988281,25.09075164794922,1,0.3953781723976135,0.5302836298942566,-34.95672607421875,93.73956298828125,23.476665496826172,1,0.5616986155509949,30.685697555541992,643.7236328125,0.5000492334365845,0.4422548711299896,0.43849247694015503,1,-66.01387023925781,32.012569427490234,644.07080078125,0.6389259696006775,0.4394152760505676,0.44667530059814453,60960738158,2056935734
0,0,1,2.3900909423828125,1,2.5281982421875,1,0.4744052588939667,0.4884820282459259,-7.703886032104492,101.35926055908203,26.249963760375977,1,0.40810665488243103,0.5172826051712036,-30.5672607421875,96.10941314697266,24.339197158813477,1,0.5629103183746338,30.670352935791016,643.746337890625,0.5000467300415039,0.44228965044021606,0.4385397136211395,1,-66.0137939453125,31.996715545654297,644.04736328125,0.6389315128326416,0.43944498896598816,0.446622371673584,60960746500,2056944076
0,0,1,2.425140380859375,1,2.5485382080078125,1,0.48244068026542664,0.49996745586395264,-4.932832717895508,99.26565551757812,25.487974166870117,1,0.41591450572013855,0.5557818412780762,-27.874670028686523,89.09168243408203,21.78497314453125,1,0.5724012851715088,30.65122413635254,643.7119140625,0.5000268816947937,0.44232484698295593,0.43846237659454346,1,-66.00906372070312,31.987489700317383,644.0252685546875,0.6389270424842834,0.4394611418247223,0.446572482585907,60960754834,2056952409
0,0,1,2.3978271484375,1,2.5155487060546875,1,0.48319482803344727,0.49558305740356445,-4.672770023345947,100.06485748291016,25.77887535095215,1,0.3997502028942108,0.5499402284622192,-33.44900894165039,90.15653991699219,22.172473907470703,1,0.5770999193191528,30.633056640625,643.6776733398438,0.5000170469284058,0.4423580765724182,0.43838566541671753,1,-66.01144409179688,31.96715545654297,644.025634765625,0.638931930065155,0.43950340151786804,0.44657087326049805,60960763167,2056960742
0,0,1,2.407684326171875,1,2.5088653564453125,1,0.48676779866218567,0.511283278465271,-3.4406096935272217,97.20298767089844,24.73723030090332,1,0.4056851267814636,0.5434262752532959,-31.402318954467773,91.34388732910156,22.604700088500977,1,0.5771444439888,30.627090454101562,643.6544799804688,0.5000169277191162,0.44236740469932556,0.438334584236145,1,-66.01200103759766,31.959007263183594,644.0125732421875,0.6389362812042236,0.4395185112953186,0.4465416967868805,60960771502,2056969076
0,0,1,2.3936767578125,1,2.5425872802734375,1,0.48481065034866333,0.5120267868041992,-4.115541458129883,97.06744384765625,24.687908172607422,1,0.40644893050193787,0.531164824962616,-31.138933181762695,93.57894134521484,23.418136596679688,1,0.5841346383094788,30.613265991210938,643.6201171875,0.5000022649765015,0.442391574382782,0.43825802206993103,1,-66.00437927246094,31.932933807373047,643.9796142578125,0.6389285326004028,0.4395681619644165,0.4464651346206665,60960779835,2056977409
0,0,1,2.4124603271484375,1,2.56378173828125,1,0.48204725980758667,0.5292322635650635,-5.068517684936523,93.93121337890625,23.5463924407959,1,0.4071441888809204,0.5543853640556335,-30.899166107177734,89.34626007080078,21.877567291259766,1,0.596712052822113,30.601472854614258,643.6204833984375,0.4999760091304779,0.44241613149642944,0.43825724720954895,1,-65.99755096435547,31.91968536376953,644.0152587890625,0.6389058232307434,0.43960049748420715,0.4465387761592865,60960788169,2056985742
0,0,1,2.3976593017578125,1,2.5501708984375,1,0.4841213524341583,0.5167264938354492,-4.3532538414001465,96.21078491210938,24.37605857849121,1,0.4213302731513977,0.5568634271621704,-26.00701141357422,88.89454650878906,21.713165283203125,1,0.6109880208969116,30.593765258789062,643.6781616210938,0.49994632601737976,0.4424397051334381,0.4383814334869385,1,-65.99388122558594,31.92410659790039,644.1455078125,0.6388667821884155,0.43960899114608765,0.4468196630477905,60960796503,2056994076
0,0,1,2.449127197265625,1,2.5164031982421875,1,0.47917383909225464,0.5205446481704712,-6.059427261352539,95.5147933959961,24.122804641723633,1,0.39717721939086914,0.5273501873016357,-34.33631896972656,94.2742919921875,23.67119598388672,1,0.6319924592971802,30.56885528564453,643.724609375,0.49990248680114746,0.44249749183654785,0.43847882747650146,1,-65.97785949707031,31.90108871459961,644.17236328125,0.6388270854949951,0.4396604001522064,0.446870893239975,60960804837,2057002409
0,0,1,2.3961029052734375,1,2.57745361328125,1,0.4758896231651306,0.5007999539375305,-7.192000865936279,99.11392974853516,25.43271255493164,1,0.42325037717819214,0.53655606508255,-25.344871520996094,92.59619903564453,23.060503005981445,1,0.6596969366073608,30.549423217773438,643.7591552734375,0.49984467029571533,0.4425424039363861,0.438551127910614,1,-65.95709228515625,31.89340591430664,644.1767578125,0.6387828588485718,0.439676970243454,0.446874737739563,60960813170,2057010742
0,0,1,2.4470977783203125,1,2.5854949951171875,1,0.4698433578014374,0.50664883852005,-9.277091026306152,98.0477523803711,25.044727325439453,1,0.4159345328807831,0.5495905876159668,-27.867759704589844,90.22025299072266,22.195674896240234,1,0.6938405632972717,30.4956111907959,643.6796875,0.4997732639312744,0.4426437318325043,0.43837133049964905,1,-65.91133117675781,31.86199951171875,644.1268310546875,0.6386998295783997,0.439735472202301,0.446752667427063,60960821505,2057019076
0,0,1,2.4447021484375,1,2.54376220703125,1,0.4724479913711548,0.4884263575077057,-8.378861427307129,101.36939239501953,26.253692626953125,1,0.4090026319026947,0.5269878506660461,-30.258277893066406,94.34031677246094,23.695316314697266,1,0.728033185005188,30.46599769592285,643.6907958984375,0.4997018575668335,0.4427066445350647,0.4383915066719055,1,-65.86991882324219,31.853927612304688,644.1367797851562,0.638611376285553,0.43975362181663513,0.446763813495636,60960829838,2057027409
0,0,1,2.441162109375,1,2.5438232421875,1,0.4861399233341217,0.4839331805706024,-3.6571285724639893,102.18840789794922,26.5517578125,1,0.3912610709667206,0.5266492366790771,-36.37651443481445,94.40203094482422,23.717775344848633,1,0.7601919174194336,30.453157424926758,643.828125,0.4996350407600403,0.44275128841400146,0.438687801361084,1,-65.82496643066406,31.836618423461914,644.0980224609375,0.6385272145271301,0.439784437417984,0.44666799902915955,60960838172,2057035742
0,0,1,2.42877197265625,1,2.572509765625,1,0.4805445075035095,0.4929196536540985,-5.586731910705566,100.55033111572266,25.955595016479492,1,0.4109315872192383,0.5068488717079163,-29.59305763244629,98.01129150390625,25.031421661376953,1,0.811150848865509,30.443742752075195,643.8740234375,0.4995286762714386,0.4427768886089325,0.43878623843193054,1,-65.79696655273438,31.852699279785156,644.2092895507812,0.6384422183036804,0.43976613879203796,0.44690433144569397,60960846506,2057044076
0,0,1,2.4742889404296875,1,2.566070556640625,1,0.48023757338523865,0.5183312296867371,-5.6925859451293945,95.91826629638672,24.269628524780273,1,0.4081405699253082,0.5434445142745972,-30.555545806884766,91.34059143066406,22.603425979614258,1,0.8696609735488892,30.426219940185547,643.8624877929688,0.4994063377380371,0.44281184673309326,0.43875905871391296,1,-65.74595642089844,31.84679412841797,644.324951171875,0.6383085250854492,0.4397940933704376,0.44714197516441345,60960854840,2057052409
0,0,1,2.4520416259765625,1,2.5436553955078125,1,0.4736822545528412,0.514033854007721,-7.953224182128906,96.70162200927734,24.554698944091797,1,0.4049869775772095,0.5447382926940918,-31.643081665039062,91.10474395751953,22.517587661743164,1,0.9141422510147095,30.412206649780273,643.7482299804688,0.499313086271286,0.4428260922431946,0.43850934505462646,1,-65.67546081542969,31.83525848388672,644.2576904296875,0.6381781101226807,0.43980908393859863,0.446979820728302,60960863174,2057060742
0,0,1,2.4623260498046875,1,2.5881195068359375,1,0.4656437337398529,0.5104474425315857,-10.725348472595215,97.3553466796875,24.79267692565918,1,0.3915821611881256,0.5379896759986877,-36.265804290771484,92.33489990234375,22.96535301208496,1,0.9697740077972412,30.391292572021484,643.8511962890625,0.4991971552371979,0.4428829848766327,0.4387301206588745,1,-65.60311889648438,31.80953598022461,644.038330078125,0.6380801796913147,0.43983301520347595,0.44648703932762146,60960871511,2057069079
0,0,1,2.462188720703125,1,2.5792083740234375,1,0.4724767506122589,0.5125728845596313,-8.368945121765137,96.9679183959961,24.651639938354492,1,0.424559086561203,0.5342151522636414,-24.8935604095459,93.0229263305664,23.215801239013672,1,1.0325026512145996,30.368322372436523,643.9091796875,0.4990663528442383,0.44293832778930664,0.438852995634079,1,-65.58029174804688,31.820188522338867,644.2532958984375,0.6379812955856323,0.4398399591445923,0.4469475746154785,60960879845,2057077412
0,0,1,2.43756103515625,1,2.589691162109375,1,0.4894094169139862,0.5025435090065002,-2.529649257659912,98.79610443115234,25.317062377929688,1,0.425551176071167,0.5454372763633728,-24.551435470581055,90.97731018066406,22.47126007080078,1,1.0971637964248657,30.352947235107422,644.0240478515625,0.4989316165447235,0.44298526644706726,0.43910032510757446,1,-65.50634765625,31.829978942871094,644.3038330078125,0.6378154158592224,0.4398266077041626,0.44704192876815796,60960888179,2057085745
0,0,1,2.41070556640625,1,2.5531768798828125,1,0.4784320592880249,0.4905513525009155,-6.315232753753662,100.98204803466797,26.112686157226562,1,0.40316933393478394,0.5190275311470032,-32.26991653442383,95.79133605957031,24.223419189453125,1,1.1601942777633667,30.3074951171875,643.978759765625,0.4987998902797699,0.44307374954223633,0.43899601697921753,1,-65.41340637207031,31.8170223236084,644.1234130859375,0.6376652121543884,0.43982934951782227,0.44663044810295105,60960896514,2057094079
0,0,1,2.419677734375,1,2.5544281005859375,1,0.48846131563186646,0.46560442447662354,-2.8565969467163086,105.52942657470703,27.767791748046875,1,0.4270618259906769,0.5013932585716248,-24.030475616455078,99.0057373046875,25.393417358398438,1,1.2196826934814453,30.282825469970703,644.0819091796875,0.4986760914325714,0.44313839077949524,0.43921682238578796,1,-65.3643569946289,31.820335388183594,644.167724609375,0.6375526785850525,0.4398285746574402,0.44671592116355896,60960904847,2057102412
0,0,1,2.4463653564453125,1,2.5707550048828125,1,0.4805116355419159,0.4778057038784027,-5.598076343536377,103.30535125732422,26.958301544189453,1,0.41115644574165344,0.5034655928611755,-29.51549530029297,98.62801361083984,25.255876541137695,1,1.2924810647964478,30.264163970947266,644.1618041992188,0.49852436780929565,0.4431875944137573,0.43938785791397095,1,-65.3187026977539,31.852279663085938,644.4708251953125,0.637385368347168,0.43980324268341064,0.4473647475242615,60960913181,2057110745
0,0,1,2.4426422119140625,1,2.553192138671875,1,0.4653621017932892,0.4774474501609802,-10.822464942932129,103.37067413330078,26.982051849365234,1,0.4070050120353699,0.5154507160186768,-30.947158813476562,96.44332122802734,24.460771560668945,1,1.360681176185608,30.240182876586914,644.0693969726562,0.49838149547576904,0.4432254433631897,0.43918442726135254,1,-65.23031616210938,31.84905242919922,644.3236083984375,0.6372366547584534,0.439790278673172,0.44702744483947754,60960921515,2057119079
0,0,1,2.430633544921875,1,2.578094482421875,1,0.4709841310977936,0.47819793224334717,-8.883673667907715,103.23384094238281,26.932292938232422,1,0.4289979636669159,0.540864109992981,-23.3627872467041,91.81092071533203,22.774696350097656,1,1.4259123802185059,30.244586944580078,644.2523193359375,0.4982461631298065,0.4432401657104492,0.4395822286605835,1,-65.16123962402344,31.8608455657959,644.313720703125,0.6370953321456909,0.4397646188735962,0.44699281454086304,60960929849,2057127412
0,0,1,2.4283905029296875,1,2.55499267578125,1,0.48628777265548706,0.4921914041042328,-3.6061389446258545,100.68310546875,26.003849029541016,1,0.40948137640953064,0.5174705982208252,-30.09316062927246,96.07515716552734,24.326730728149414,1,1.4955837726593018,30.23767852783203,644.298828125,0.4981009066104889,0.44326066970825195,0.4396825432777405,1,-65.11669921875,31.881732940673828,644.5919189453125,0.636936604976654,0.43975889682769775,0.4475865960121155,60960938183,2057135745
0,0,1,2.426300048828125,1,2.5754852294921875,1,0.4743120074272156,0.5153447985649109,-7.736044406890869,96.46263122558594,24.46778678894043,1,0.4310109615325928,0.5460253357887268,-22.668601989746094,90.8701400756836,22.432239532470703,1,1.5528589487075806,30.21773910522461,644.126708984375,0.49798038601875305,0.44327980279922485,0.4393066465854645,1,-65.03804016113281,31.869888305664062,644.4674072265625,0.6368027329444885,0.43976685404777527,0.44729918241500854,60960946517,2057144079
0,0,1,2.4453887939453125,1,2.541900634765625,1,0.4721488654613495,0.5155344009399414,-8.482019424438477,96.42806243896484,24.45517921447754,1,0.40571942925453186,0.5231910943984985,-31.39048957824707,95.03240203857422,23.947202682495117,1,1.6095739603042603,30.207611083984375,644.2188720703125,0.49786245822906494,0.4433128237724304,0.43950554728507996,1,-64.98336791992188,31.877893447875977,644.4898681640625,0.6366837024688721,0.43975338339805603,0.44733700156211853,60960954851,2057152412
0,0,1,2.4540252685546875,1,2.5399627685546875,1,0.47439175844192505,0.5164279937744141,-7.708545207977295,96.26519775390625,24.39589500427246,1,0.4302530288696289,0.5155157446861267,-22.929977416992188,96.43148803710938,24.456403732299805,1,1.6689422130584717,30.181562423706055,644.3451538085938,0.4977392554283142,0.44338327646255493,0.43977633118629456,1,-64.94688415527344,31.885725021362305,644.7666625976562,0.6365424394607544,0.4397745430469513,0.44792771339416504,60960963184,2057160745
0,0,1,2.4019317626953125,1,2.539703369140625,1,0.48206260800361633,0.4955223500728607,-5.0632243156433105,100.075927734375,25.78287696838379,1,0.4163503050804138,0.5047211647033691,-27.724403381347656,98.39915466308594,25.172563552856445,1,1.718691349029541,30.177114486694336,644.4713134765625,0.49763616919517517,0.44340893626213074,0.44004979729652405,1,-64.88008117675781,31.88582420349121,644.6528930664062,0.6364304423332214,0.43975916504859924,0.4476679265499115,60960971519,2057169079
0,0,1,2.399444580078125,1,2.55645751953125,1,0.471853107213974,0.49583351612091064,-8.584012985229492,100.01922607421875,25.7622127532959,1,0.41745421290397644,0.5380926132202148,-27.343706130981445,92.31613159179688,22.95852279663086,1,1.7610949277877808,30.142822265625,644.54052734375,0.49754810333251953,0.4434889554977417,0.4401955008506775,1,-64.84463500976562,31.876358032226562,644.646728515625,0.6363582611083984,0.43977802991867065,0.4476456344127655,60960979853,2057177412
0,0,1,2.3960418701171875,1,2.555328369140625,1,0.46843063831329346,0.4772108197212219,-9.764257431030273,103.41378784179688,26.997745513916016,1,0.406238853931427,0.5281369686126709,-31.211366653442383,94.13086700439453,23.619049072265625,1,1.8002952337265015,30.105083465576172,644.4944458007812,0.4974660575389862,0.443561315536499,0.44009068608283997,1,-64.79508972167969,31.866119384765625,644.6328125,0.636258602142334,0.4397974908351898,0.4476034343242645,60960988186,2057185745
0,0,1,2.411529541015625,1,2.5691986083984375,1,0.4787261188030243,0.4847331941127777,-6.213812828063965,102.04259490966797,26.49871063232422,1,0.4233776032924652,0.5500797629356384,-25.30099868774414,90.1310806274414,22.16329002380371,1,1.8287856578826904,30.097408294677734,644.4485473632812,0.4974063038825989,0.4435713291168213,0.43999022245407104,1,-64.75994110107422,31.8824520111084,644.7218017578125,0.6361645460128784,0.439775675535202,0.447790265083313,60960996525,2057194083
0,0,1,2.4096832275390625,1,2.6098785400390625,1,0.47235700488090515,0.4747999906539917,-8.410236358642578,103.85324096679688,27.157695770263672,1,0.41750001907348633,0.5468870401382446,-27.32790184020996,90.7130355834961,22.375097274780273,1,1.854947566986084,30.095739364624023,644.5745849609375,0.4973524808883667,0.4435911178588867,0.440263569355011,1,-64.74034118652344,31.892484664916992,644.8306884765625,0.6360980868339539,0.4397696256637573,0.44802260398864746,60961004858,2057202416
0,0,1,2.421875,1,2.5581817626953125,1,0.4769558906555176,0.49098309874534607,-6.824294090270996,100.9033432006836,26.084054946899414,1,0.4245189130306244,0.5534825921058655,-24.907421112060547,89.51078796386719,21.93752098083496,1,1.8729431629180908,30.113155364990234,644.6895751953125,0.4973156452178955,0.44356992840766907,0.44051554799079895,1,-64.72975158691406,31.909679412841797,644.927734375,0.6360531449317932,0.4397470951080322,0.4482322335243225,60961013192,2057210749
0,0,1,2.433746337890625,1,2.5468292236328125,1,0.47175952792167664,0.4803580641746521,-8.616279602050781,102.84010314941406,26.788942337036133,1,0.41500964760780334,0.5145429968833923,-28.186721801757812,96.6087875366211,24.52092170715332,1,1.884494423866272,30.09958839416504,644.8045043945312,0.49729233980178833,0.44361281394958496,0.44076311588287354,1,-64.71173858642578,31.893863677978516,644.9187622070312,0.636017918586731,0.4397786855697632,0.44820675253868103,60961021526,2057219083
0,0,1,2.38909912109375,1,2.5770263671875,1,0.47790125012397766,0.4665866196155548,-6.498284816741943,105.35039520263672,27.70262336730957,1,0.42971110343933105,0.555474579334259,-23.116865158081055,89.14771270751953,21.80531120300293,1,1.890181541442871,30.10309410095215,644.8157958984375,0.497280478477478,0.44360703229904175,0.440788209438324,1,-64.70587158203125,31.895444869995117,644.9552001953125,0.6359971761703491,0.4397803246974945,0.448284387588501,60961029860,2057227416
0,0,1,2.4272613525390625,1,2.5362548828125,1,0.4812939167022705,0.47301599383354187,-5.3282976150512695,104.17842864990234,27.27606773376465,1,0.41885483264923096,0.5282272696495056,-26.860700607299805,94.11441802978516,23.61302947998047,1,1.892317295074463,30.10885238647461,644.8733520507812,0.4972763955593109,0.4436025321483612,0.4409138560295105,1,-64.70272827148438,31.89661407470703,644.9683837890625,0.6359875202178955,0.43977969884872437,0.448312371969223,60961038194,2057235749
0,0,1,2.425201416015625,1,2.5273895263671875,1,0.4581318795681,0.46950942277908325,-13.315827369689941,104.81761932373047,27.508710861206055,1,0.4224167764186859,0.5266591310501099,-25.632347106933594,94.40025329589844,23.71710968017578,1,1.886772871017456,30.0929012298584,644.9072875976562,0.49728822708129883,0.4436399042606354,0.44098523259162903,1,-64.70927429199219,31.88105583190918,645.0023193359375,0.635993242263794,0.43981650471687317,0.4483848214149475,60961046528,2057244083
0,0,1,2.3953399658203125,1,2.552703857421875,1,0.47938546538352966,0.4634132385253906,-5.986443996429443,105.9288330078125,27.91318130493164,1,0.42399394512176514,0.5347727537155151,-25.088443756103516,92.92127990722656,23.178794860839844,1,1.8803349733352661,30.102066040039062,644.8844604492188,0.49730151891708374,0.4436179995536804,0.44093695282936096,1,-64.71681213378906,31.889259338378906,645.0352172851562,0.6360011100769043,0.43980392813682556,0.44845858216285706,60961054862,2057252416
0,0,1,2.4253692626953125,1,2.55072021484375,1,0.4676855802536011,0.4862878918647766,-10.021193504333496,101.75919342041016,26.395549774169922,1,0.42109790444374084,0.5303412079811096,-26.087167739868164,93.72904205322266,23.47286033630371,1,1.8638449907302856,30.081226348876953,644.884765625,0.49733594059944153,0.4436611533164978,0.4409346878528595,1,-64.7342758178711,31.870563507080078,645.090576171875,0.6360244154930115,0.4398500621318817,0.44857922196388245,60961063195,2057260749
0,0,1,2.4107208251953125,1,2.5438995361328125,1,0.46262896060943604,0.4831889569759369,-11.764998435974121,102.3240737915039,26.60116195678711,1,0.42407432198524475,0.5341699123382568,-25.06071662902832,93.03118896484375,23.2187557220459,1,1.8428033590316772,30.074722290039062,644.8727416992188,0.49737977981567383,0.4436730444431305,0.44090762734413147,1,-64.76134490966797,31.860586166381836,645.143310546875,0.6360682249069214,0.43987777829170227,0.44869741797447205,60961071530,2057269083
0,0,1,2.434844970703125,1,2.533447265625,1,0.4734943211078644,0.5052490234375,-8.018030166625977,98.30291748046875,25.137563705444336,1,0.4123472571372986,0.5384323596954346,-29.10487174987793,92.25421142578125,22.93602180480957,1,1.8161773681640625,30.071544647216797,644.8842163085938,0.49743542075157166,0.4436810314655304,0.44093188643455505,1,-64.78018188476562,31.847305297851562,645.12841796875,0.6361109614372253,0.43990325927734375,0.44866758584976196,60961079863,2057277416
0,0,1,2.438873291015625,1,2.5598907470703125,1,0.4827839732170105,0.5151610374450684,-4.8144426345825195,96.49614715576172,24.479921340942383,1,0.4089471995830536,0.5695478916168213,-30.27739715576172,86.58240509033203,20.87162971496582,1,1.7875452041625977,30.05967903137207,644.8157958984375,0.49749478697776794,0.4436967670917511,0.4407815635204315,1,-64.79290008544922,31.81875991821289,645.0316162109375,0.6361601948738098,0.4399493336677551,0.448457270860672,60961088197,2057285749
0,0,1,2.4073486328125,1,2.553680419921875,1,0.4935912489891052,0.4819188416004181,-1.087519884109497,102.55561065673828,26.685386657714844,1,0.3936334252357483,0.5395054221153259,-35.55841064453125,92.0585708618164,22.86489486694336,1,1.7546344995498657,30.057004928588867,644.7926025390625,0.4975632429122925,0.4436992406845093,0.4407307505607605,1,-64.81570434570312,31.796777725219727,644.9922485351562,0.636216938495636,0.43998953700065613,0.44837406277656555,60961096532,2057294083
0,0,1,2.423187255859375,1,2.5708160400390625,1,0.47892507910728455,0.5025733113288879,-6.145203590393066,98.79065704345703,25.31510353088379,1,0.41888153553009033,0.5470139384269714,-26.85148811340332,90.68992614746094,22.366626739501953,1,1.7283847332000732,30.05059242248535,644.8271484375,0.49761825799942017,0.44371694326400757,0.44080477952957153,1,-64.84544372558594,31.750404357910156,645.0453491210938,0.6362664103507996,0.44009271264076233,0.448488712310791,60961104865,2057302416
0,0,1,2.418304443359375,1,2.5588531494140625,1,0.48056089878082275,0.5177301168441772,-5.581089973449707,96.02783203125,24.309524536132812,1,0.41767165064811707,0.5311712026596069,-27.268718719482422,93.5777587890625,23.417749404907227,1,1.7082751989364624,30.047874450683594,644.87353515625,0.4976605176925659,0.4437284767627716,0.440904825925827,1,-64.86482238769531,31.71965217590332,645.006103515625,0.6363160610198975,0.4401510953903198,0.44840380549430847,60961113199,2057310749
0,0,1,2.396820068359375,1,2.5288238525390625,1,0.46555259823799133,0.5130676627159119,-10.756759643554688,96.87773132324219,24.618812561035156,1,0.40763068199157715,0.5207745432853699,-30.73140525817871,95.47290802001953,24.107507705688477,1,1.6941417455673218,30.044954299926758,644.9193115234375,0.4976902902126312,0.4437403678894043,0.441003680229187,1,-64.88192749023438,31.69430160522461,645.0265502929688,0.6363468766212463,0.4402063190937042,0.44844797253608704,60961121532,2057319083
0,0,1,2.3788604736328125,1,2.568511962890625,1,0.47139254212379456,0.531757116317749,-8.742853164672852,93.47095489501953,23.378910064697266,1,0.4243663549423218,0.538956880569458,-24.96001625061035,92.1585693359375,22.901227951049805,1,1.6821317672729492,30.034832000732422,644.9769287109375,0.49771565198898315,0.443768709897995,0.44112735986709595,1,-64.89715576171875,31.680492401123047,645.0590209960938,0.636370837688446,0.440239280462265,0.4485194981098175,60961129867,2057327417
0,0,1,2.4063568115234375,1,2.5769805908203125,1,0.45513269305229187,0.5139350295066833,-14.350114822387695,96.7196273803711,24.561281204223633,1,0.40420541167259216,0.5417013764381409,-31.912614822387695,91.65829467773438,22.71915054321289,1,1.6530355215072632,30.037288665771484,644.9537353515625,0.49777621030807495,0.44376063346862793,0.4410770535469055,1,-64.94031524658203,31.68895149230957,645.1676025390625,0.6364348530769348,0.44023624062538147,0.44876429438591003,60961138199,2057335750
0,0,1,2.399749755859375,1,2.534088134765625,1,0.4489116966724396,0.4932871460914612,-16.495431900024414,100.48335266113281,25.931198120117188,1,0.3765448033809662,0.4843277931213379,-41.45149230957031,102.11647033691406,26.52558135986328,1,1.5860204696655273,30.033432006835938,644.8511962890625,0.49791550636291504,0.44375526905059814,0.4408537447452545,1,-64.998046875,31.696636199951172,645.4378662109375,0.6364908814430237,0.44025641679763794,0.44936126470565796,60961146533,2057344084
0,0,1,2.3892669677734375,1,2.5529937744140625,1,0.4479743242263794,0.463630348443985,-16.81871223449707,105.88926696777344,27.898757934570312,1,0.3638918399810791,0.48907992243766785,-45.81490707397461,101.25025939941406,26.210294723510742,1,1.5560152530670166,30.059234619140625,644.9080810546875,0.4979783296585083,0.4437090754508972,0.440980464220047,1,-65.01087951660156,31.75049591064453,645.4827880859375,0.6365066170692444,0.4401508569717407,0.4494684636592865,60961154866,2057352417
0,0,1,2.4062347412109375,1,2.55816650390625,1,0.4652121961116791,0.42593345046043396,-10.874152183532715,112.76073455810547,30.3997802734375,1,0.38300177454948425,0.4820578396320343,-39.22477722167969,102.5302734375,26.676193237304688,1,1.5393588542938232,30.07196044921875,644.9197998046875,0.49801307916641235,0.4436842203140259,0.44100767374038696,1,-64.9936752319336,31.783920288085938,645.3425903320312,0.6365038752555847,0.44006288051605225,0.449166864156723,60961163198,2057360750
0,0,1,2.4301300048828125,1,2.529205322265625,1,0.4465274214744568,0.4602164030075073,-17.317684173583984,106.51158142089844,28.12521743774414,1,0.37618324160575867,0.47012457251548767,-41.57618713378906,104.70548248291016,27.467918395996094,1,1.5591949224472046,30.070392608642578,644.9421997070312,0.49797186255455017,0.44369038939476013,0.44105610251426697,1,-64.9773178100586,31.787158966064453,645.35888671875,0.6364660859107971,0.4400584399700165,0.44919899106025696,60961171532,2057369084
0,0,1,2.3696441650390625,1,2.5311737060546875,1,0.4479122757911682,0.4280319809913635,-16.84011459350586,112.37823486328125,30.260513305664062,1,0.3813988268375397,0.5013244152069092,-39.77755355834961,99.01830291748047,25.39795684814453,1,1.5912320613861084,30.075729370117188,644.9883422851562,0.49790528416633606,0.4436853528022766,0.4411570727825165,1,-64.96688842773438,31.813758850097656,645.4905395507812,0.6364132165908813,0.44002100825309753,0.449484646320343,60961179865,2057377417
0,0,1,2.4126739501953125,1,2.5611419677734375,1,0.42591631412506104,0.4469505548477173,-24.425495147705078,108.9296875,29.005409240722656,1,0.3824521005153656,0.4963982105255127,-39.41434097290039,99.91630554199219,25.724699020385742,1,1.615564227104187,30.077064514160156,645.0224609375,0.49785465002059937,0.44368699193000793,0.44123148918151855,1,-64.94812774658203,31.815963745117188,645.5172119140625,0.6363680362701416,0.4400200843811035,0.44953852891921997,60961188198,2057385750
0,0,1,2.4001312255859375,1,2.57330322265625,1,0.4403931200504303,0.43974021077156067,-19.433130264282227,110.24402618408203,29.48372459411621,1,0.3784940838813782,0.49721843004226685,-40.77927780151367,99.76673889160156,25.670427322387695,1,1.640781283378601,30.082368850708008,645.022705078125,0.49780207872390747,0.44367608428001404,0.441232830286026,1,-64.92120361328125,31.83142852783203,645.440673828125,0.6363301277160645,0.43997782468795776,0.4493696093559265,60961196530,2057394083
0,0,1,2.4002685546875,1,2.5718231201171875,1,0.4384192228317261,0.4351714849472046,-20.113832473754883,111.07681274414062,29.786863327026367,1,0.38432514667510986,0.4736483097076416,-38.768409729003906,104.06317138671875,27.234107971191406,1,1.6623938083648682,30.08643913269043,645.0457763671875,0.4977571666240692,0.44367071986198425,0.44128352403640747,1,-64.9022445678711,31.838529586791992,645.432373046875,0.6362927556037903,0.4399620592594147,0.44934865832328796,60961204864,2057402417
0,0,1,2.3894500732421875,1,2.5203094482421875,1,0.44414979219436646,0.42766469717025757,-18.137617111206055,112.44515991210938,30.284921646118164,1,0.37275609374046326,0.4707445204257965,-42.758052825927734,104.59247589111328,27.42677116394043,1,1.6852304935455322,30.092926025390625,645.1376953125,0.4977100193500519,0.4436691403388977,0.4414840042591095,1,-64.87423706054688,31.841035842895508,645.3674926757812,0.636249840259552,0.4399482011795044,0.4492029547691345,60961213197,2057410750
0,0,1,2.37164306640625,1,2.55609130859375,1,0.44759026169776917,0.41782739758491516,-16.951154708862305,114.2383041381836,30.937644958496094,1,0.36325111985206604,0.4796944856643677,-46.03587341308594,102.96105194091797,26.833009719848633,1,1.7110388278961182,30.090456008911133,645.10302734375,0.4976560175418854,0.4436698853969574,0.441408634185791,1,-64.83561706542969,31.84552764892578,645.304931640625,0.6361843943595886,0.43993058800697327,0.44906020164489746,60961221529,2057419083
0,0,1,2.3651123046875,1,2.5518646240234375,1,0.44223275780677795,0.4243566691875458,-18.79871940612793,113.04815673828125,30.504383087158203,1,0.36890947818756104,0.491832435131073,-44.084571838378906,100.7485122680664,26.0277042388916,1,1.7402427196502686,30.090709686279297,645.13720703125,0.49759531021118164,0.4436737895011902,0.44148293137550354,1,-64.81124877929688,31.85459327697754,645.3917236328125,0.6361133456230164,0.439923495054245,0.44924357533454895,60961229863,2057427417
0,0,1,2.3768768310546875,1,2.54888916015625,1,0.4534517526626587,0.427480548620224,-14.929800033569336,112.47872924804688,30.297134399414062,1,0.3773380219936371,0.50286865234375,-41.17794418334961,98.73682403564453,25.295461654663086,1,1.7721377611160278,30.101781845092773,645.2405395507812,0.49752938747406006,0.44366422295570374,0.4417087733745575,1,-64.79527282714844,31.87217140197754,645.5240478515625,0.6360490322113037,0.43990495800971985,0.449528306722641,60961238195,2057435750
0,0,1,2.39178466796875,1,2.508026123046875,1,0.4476203918457031,0.4287927448749542,-16.940759658813477,112.23953247070312,30.210100173950195,1,0.38416221737861633,0.47884121537208557,-38.82460403442383,103.11658477783203,26.889596939086914,1,1.8055393695831299,30.090641021728516,645.171630859375,0.497459352016449,0.44367846846580505,0.441557914018631,1,-64.77847290039062,31.878543853759766,645.6683349609375,0.6359801888465881,0.4399111866950989,0.4498370587825775,60961246529,2057444083
0,0,1,2.3893890380859375,1,2.53765869140625,1,0.4380764365196228,0.44042474031448364,-20.232040405273438,110.11921691894531,29.438364028930664,1,0.39138123393058777,0.48724833130836487,-36.3350830078125,101.58412170410156,26.33183479309082,1,1.8386929035186768,30.09088134765625,645.205810546875,0.497390478849411,0.443682461977005,0.44163236021995544,1,-64.74943542480469,31.880828857421875,645.6509399414062,0.6359241008758545,0.43990418314933777,0.44979366660118103,60961254862,2057452417
0,0,1,2.4025115966796875,1,2.5565338134765625,1,0.438795804977417,0.436357319355011,-19.983964920043945,110.86062622070312,29.708232879638672,1,0.38579773902893066,0.48517388105392456,-38.26057052612305,101.9622573852539,26.46947479248047,1,1.8679691553115845,30.08686637878418,645.1713256835938,0.4973292648792267,0.4436863660812378,0.44155725836753845,1,-64.6994400024414,31.87035369873047,645.484375,0.635859489440918,0.43990358710289,0.44942188262939453,60961263197,2057460753
0,0,1,2.3824920654296875,1,2.5567626953125,1,0.43520990014076233,0.43934017419815063,-21.220582962036133,110.31694030761719,29.51030158996582,1,0.3676448166370392,0.48286738991737366,-44.52070236206055,102.38270568847656,26.62247657775879,1,1.8976465463638306,30.091991424560547,645.2513427734375,0.49726781249046326,0.4436860978603363,0.441731721162796,1,-64.66777038574219,31.87543296813965,645.5028076171875,0.6357894539833069,0.4398955702781677,0.449455589056015,60961271531,2057469086
0,0,1,2.4149322509765625,1,2.5103302001953125,1,0.43630844354629517,0.46416395902633667,-20.84175682067871,105.79198455810547,27.86341667175293,1,0.34816205501556396,0.4721551239490509,-51.23941421508789,104.33533477783203,27.333223342895508,1,1.9282376766204834,30.083759307861328,645.1941528320312,0.4972037374973297,0.44369587302207947,0.441606730222702,1,-64.6213607788086,31.88010025024414,645.48828125,0.635696530342102,0.4398840665817261,0.449414998292923,60961279864,2057477420
0,0,1,2.3897552490234375,1,2.5454254150390625,1,0.4480636417865753,0.4533511996269226,-16.787912368774414,107.76296997070312,28.580751419067383,1,0.3687906861305237,0.4851362109184265,-44.12553024291992,101.96910858154297,26.47196388244629,1,1.9558414220809937,30.084880828857422,645.2174072265625,0.49714627861976624,0.4436965882778168,0.4416574239730835,1,-64.59596252441406,31.889854431152344,645.528564453125,0.6356343030929565,0.43986934423446655,0.449497789144516,60961288196,2057485753
0,0,1,2.3903045654296875,1,2.535858154296875,1,0.44661596417427063,0.44704580307006836,-17.287147521972656,108.91232299804688,28.999080657958984,1,0.3941163718700409,0.4997270703315735,-35.39187240600586,99.30948638916016,25.50393295288086,1,1.9852579832077026,30.086055755615234,645.2515869140625,0.49708521366119385,0.44369861483573914,0.4417319893836975,1,-64.59046173095703,31.905210494995117,645.7057495117188,0.6355812549591064,0.4398614168167114,0.449881374835968,60961296529,2057494086
0,0,1,2.3886871337890625,1,2.50970458984375,1,0.4478415846824646,0.45765015482902527,-16.864482879638672,106.97933959960938,28.295509338378906,1,0.3886644244194031,0.4725959599018097,-37.272003173828125,104.25498962402344,27.3039608001709,1,2.013436794281006,30.088653564453125,645.285888671875,0.4970267415046692,0.4436976909637451,0.44180697202682495,1,-64.5858154296875,31.918724060058594,645.87109375,0.635532796382904,0.439855694770813,0.45023924112319946,60961304863,2057502420
0,0,1,2.3800201416015625,1,2.5166778564453125,1,0.4395875930786133,0.4316125512123108,-19.710905075073242,111.72553253173828,30.02299690246582,1,0.37886765599250793,0.45673057436943054,-40.65044021606445,107.14697265625,28.356544494628906,1,2.0320942401885986,30.093154907226562,645.26318359375,0.49698761105537415,0.44368550181388855,0.441758394241333,1,-64.54945373535156,31.925357818603516,645.7255859375,0.6354914307594299,0.4398224651813507,0.449918270111084,60961313195,2057510753
0,0,1,2.4078521728515625,1,2.564239501953125,1,0.44607776403427124,0.4196246862411499,-17.472753524780273,113.91072845458984,30.818296432495117,1,0.38702693581581116,0.4599584639072418,-37.83668518066406,106.55859375,28.14236831665039,1,2.0432724952697754,30.099340438842773,645.262451171875,0.49696430563926697,0.4436725974082947,0.4417577385902405,1,-64.52391052246094,31.944095611572266,645.7071533203125,0.6354427337646484,0.4397812783718109,0.44987568259239197,60961321527,2057519086
0,0,1,2.3946075439453125,1,2.5239410400390625,1,0.4472202658653259,0.40692755579948425,-17.07874870300293,116.22516632080078,31.66072654724121,1,0.36929571628570557,0.4467131495475769,-43.95138168334961,108.97296142578125,29.02118492126465,1,2.058382749557495,30.10715103149414,645.262939453125,0.4969328045845032,0.4436565339565277,0.44175997376441956,1,-64.50407409667969,31.97183609008789,645.7573852539062,0.6353896856307983,0.43973061442375183,0.449983686208725,60961329861,2057527420
0,0,1,2.3787689208984375,1,2.537750244140625,1,0.4357014298439026,0.42382359504699707,-21.05107879638672,113.14530181884766,30.539798736572266,1,0.3745030164718628,0.45244714617729187,-42.155616760253906,107.9277572631836,28.640710830688477,1,2.080705165863037,30.109909057617188,645.217041015625,0.49688592553138733,0.44364500045776367,0.44166088104248047,1,-64.4832992553711,31.982656478881836,645.715087890625,0.6353564262390137,0.4397026300430298,0.44988948106765747,60961338193,2057535753
0,0,1,2.3775787353515625,1,2.5516204833984375,1,0.435637503862381,0.413642942905426,-21.0731143951416,115.0010757446289,31.2152042388916,1,0.39289164543151855,0.49165424704551697,-35.81422805786133,100.781005859375,26.039527893066406,1,2.0969338417053223,30.109420776367188,645.216796875,0.4968520998954773,0.44364598393440247,0.44166046380996704,1,-64.46122741699219,31.974956512451172,645.6373291015625,0.6353288888931274,0.43970808386802673,0.449715793132782,60961346526,2057544086
0,0,1,2.3605804443359375,1,2.5545196533203125,1,0.43260088562965393,0.3981817066669464,-22.12031364440918,117.81939697265625,32.24095153808594,1,0.3904270827770233,0.47480127215385437,-36.66412353515625,103.8530044555664,27.157615661621094,1,2.1156177520751953,30.11041259765625,645.2628784179688,0.49681347608566284,0.44364991784095764,0.4417606592178345,1,-64.43931579589844,31.96729850769043,645.5938110351562,0.6352936029434204,0.4397181272506714,0.44961613416671753,60961354860,2057552420
0,0,1,2.40753173828125,1,2.531494140625,1,0.4432752728462219,0.4229303300380707,-18.439193725585938,113.30814361572266,30.599044799804688,1,0.3771917223930359,0.45421162247657776,-41.228397369384766,107.60610961914062,28.523693084716797,1,2.13442063331604,30.11102294921875,645.2628173828125,0.49677425622940063,0.44364866614341736,0.441760778427124,1,-64.42218017578125,31.96576499938965,645.5726318359375,0.6352630257606506,0.43971848487854004,0.449566513299942,60961363192,2057560753
0,0,1,2.3686981201171875,1,2.5228271484375,1,0.4396611750125885,0.4108829200267792,-19.685527801513672,115.50418090820312,31.398311614990234,1,0.38371679186820984,0.4628431797027588,-38.97821044921875,106.03276824951172,27.950960159301758,1,2.1605660915374756,30.09786605834961,645.2166137695312,0.4967194199562073,0.44367000460624695,0.4416588842868805,1,-64.40557098388672,31.955062866210938,645.6119995117188,0.635219395160675,0.4397459924221039,0.449646532535553,60961371524,2057569086
0,0,1,2.360687255859375,1,2.5305633544921875,1,0.44277843832969666,0.41790539026260376,-18.610549926757812,114.22410583496094,30.932430267333984,1,0.38655799627304077,0.46412861347198486,-37.998390197753906,105.7984390258789,27.865739822387695,1,2.18929386138916,30.09408950805664,645.2161865234375,0.4966595768928528,0.4436778128147125,0.441657692193985,1,-64.38895416259766,31.950891494750977,645.6513061523438,0.6351757645606995,0.4397599399089813,0.44972720742225647,60961379858,2057577420
0,0,1,2.3588714599609375,1,2.5141448974609375,1,0.4436050355434418,0.43860355019569397,-18.325475692749023,110.45120239257812,29.559165954589844,1,0.4019293189048767,0.4607081413269043,-32.697532653808594,106.42193603515625,28.09261131286621,1,2.2209253311157227,30.082265853881836,645.181396484375,0.4965933561325073,0.44369786977767944,0.4415808618068695,1,-64.37296295166016,31.939403533935547,645.6787109375,0.6351362466812134,0.43978744745254517,0.4497813284397125,60961388191,2057585753
0,0,1,2.3686370849609375,1,2.503814697265625,1,0.4341683089733124,0.43897244334220886,-21.579771041870117,110.38395690917969,29.53469467163086,1,0.38707178831100464,0.4325752556324005,-37.82121276855469,111.55005645751953,29.959095001220703,1,2.2550716400146484,30.077682495117188,645.1929321289062,0.49652227759361267,0.44370895624160767,0.4416055381298065,1,-64.34720611572266,31.927837371826172,645.683349609375,0.6350817680358887,0.439812034368515,0.4497842490673065,60961396523,2057594086
0,0,1,2.3728179931640625,1,2.5321197509765625,1,0.43702152371406555,0.45346033573150635,-20.59583854675293,107.7430648803711,28.57349395751953,1,0.38152238726615906,0.4842906594276428,-39.73495864868164,102.1232681274414,26.528032302856445,1,2.2835772037506104,30.070167541503906,645.169921875,0.4964626431465149,0.44372156262397766,0.4415547251701355,1,-64.30023956298828,31.915254592895508,645.5399780273438,0.6350178122520447,0.4398189187049866,0.44946300983428955,60961404857,2057602420
0,0,1,2.3670196533203125,1,2.50177001953125,1,0.4402601718902588,0.44606366753578186,-19.478961944580078,109.09136962890625,29.0642147064209,1,0.3712872862815857,0.4570929706096649,-43.26457977294922,107.08091735839844,28.332490921020508,1,2.3161730766296387,30.048213958740234,645.1702880859375,0.49639472365379333,0.44376710057258606,0.44155287742614746,1,-64.25486755371094,31.897424697875977,645.466796875,0.6349408626556396,0.4398460388183594,0.44929277896881104,60961413189,2057610753
0,0,1,2.3716888427734375,1,2.5237579345703125,1,0.4324742257595062,0.4664897620677948,-22.163991928100586,105.36803436279297,27.70908546447754,1,0.3726973831653595,0.44384765625,-42.77830123901367,109.49528503417969,29.211288452148438,1,2.341893434524536,30.0361328125,645.1587524414062,0.4963410496711731,0.4437906742095947,0.44152647256851196,1,-64.21569061279297,31.896181106567383,645.3924560546875,0.6348768472671509,0.439838707447052,0.44912388920783997,60961421521,2057619086
0,0,1,2.4105377197265625,1,2.5012969970703125,1,0.42981088161468506,0.47042256593704224,-23.082460403442383,104.65116119384766,27.448158264160156,1,0.36021527647972107,0.45253366231918335,-47.08280563354492,107.91197967529297,28.635042190551758,1,2.3729448318481445,30.010887145996094,645.19384765625,0.4962766468524933,0.44384753704071045,0.4415993094444275,1,-64.18604278564453,31.893430709838867,645.3981323242188,0.6348140239715576,0.4398452043533325,0.44912946224212646,60961429854,2057627420
0,0,1,2.3670501708984375,1,2.5300140380859375,1,0.4468406140804291,0.4364398121833801,-17.209688186645508,110.84561920166016,29.702713012695312,1,0.38587436079978943,0.48211470246315,-38.234161376953125,102.51988983154297,26.672433853149414,1,2.4016153812408447,29.989425659179688,645.2172241210938,0.49621710181236267,0.44389501214027405,0.441647469997406,1,-64.17031860351562,31.897851943969727,645.4950561523438,0.6347588300704956,0.4398491382598877,0.44933590292930603,60961438187,2057635753
0,0,1,2.363922119140625,1,2.530517578125,1,0.4469987154006958,0.41604140400886536,-17.155149459838867,114.56387329101562,31.05605697631836,1,0.3792474865913391,0.46577000617980957,-40.51946258544922,105.49923706054688,27.756853103637695,1,2.4259719848632812,29.993404388427734,645.2286376953125,0.4961663484573364,0.44388827681541443,0.4416729509830475,1,-64.15922546386719,31.904109954833984,645.5794067382812,0.6347160935401917,0.43984755873680115,0.449516624212265,60961446519,2057644086
0,0,1,2.37432861328125,1,2.5233612060546875,1,0.4393836259841919,0.4292137622833252,-19.781248092651367,112.16280364990234,30.1821346282959,1,0.4056533873081207,0.4696691930294037,-31.413265228271484,104.78849792480469,27.49810791015625,1,2.4513254165649414,29.985923767089844,645.1708374023438,0.49611303210258484,0.4438963532447815,0.441546767950058,1,-64.15347290039062,31.91207504272461,645.7216796875,0.6346710324287415,0.43985024094581604,0.4498235285282135,60961454852,2057652420
0,0,1,2.369659423828125,1,2.5316314697265625,1,0.44229692220687866,0.4467226266860962,-18.77659034729004,108.97123718261719,29.020517349243164,1,0.3859414756298065,0.44475796818733215,-38.21100997924805,109.32935333251953,29.150903701782227,1,2.4842958450317383,30.00985336303711,645.1825561523438,0.4960443675518036,0.4438484311103821,0.44157567620277405,1,-64.12657928466797,31.91895294189453,645.727294921875,0.6346138715744019,0.4398368000984192,0.44983094930648804,60961463185,2057660753
0,0,1,2.3635101318359375,1,2.5308380126953125,1,0.4475853741168976,0.45646387338638306,-16.952844619750977,107.19558715820312,28.374237060546875,1,0.3845123052597046,0.49090901017189026,-38.703857421875,100.91685485839844,26.088956832885742,1,2.5122551918029785,30.046051025390625,645.3194580078125,0.4959871768951416,0.4437911808490753,0.4418778121471405,1,-64.08589935302734,31.927791595458984,645.5589599609375,0.6345685720443726,0.43979594111442566,0.4494602382183075,60961471517,2057669086
0,0,1,2.4293670654296875,1,2.5376129150390625,1,0.44019803404808044,0.38004422187805176,-19.500389099121094,121.12551879882812,33.44428634643555,1,0.3845456838607788,0.4446963965892792,-38.692352294921875,109.3405990600586,29.15493392944336,1,2.53749942779541,30.06820297241211,645.43310546875,0.4959355294704437,0.443759948015213,0.44212764501571655,1,-64.08277130126953,31.946256637573242,645.664794921875,0.6345374584197998,0.4397719204425812,0.449690580368042,60961479850,2057677420
0,0,0,nan,1,2.582733154296875,0,nan,nan,nan,nan,nan,1,0.3824974596500397,0.37271302938461304,-39.398704528808594,122.46187591552734,33.93067169189453,0,nan,nan,nan,nan,nan,nan,1,-64.08230590820312,32.02930450439453,645.828857421875,0.6344980001449585,0.4396221935749054,0.45005640387535095,60961488183,2057685753
0,0,0,nan,0,nan,0,nan,nan,nan,nan,nan,0,nan,nan,nan,nan,nan,0,nan,nan,nan,nan,nan,nan,0,nan,nan,nan,nan,nan,nan,60961496515,2057694086
0,0,0,nan,1,2.179168701171875,0,nan,nan,nan,nan,nan,1,0.6851199865341187,1.2162176370620728,64.96200561523438,-31.29393196105957,-22.031904220581055,0,nan,nan,nan,nan,nan,nan,1,-64.0254135131836,32.166595458984375,645.8983154296875,0.6343632340431213,0.43934759497642517,0.45021361112594604,60961504848,2057702420
0,0,0,nan,0,nan,0,nan,nan,nan,nan,nan,0,nan,nan,nan,nan,nan,0,nan,nan,nan,nan,nan,nan,0,nan,nan,nan,nan,nan,nan,60961513178,2057710751
0,0,0,nan,0,nan,0,nan,nan,nan,nan,nan,0,nan,nan,nan,nan,nan,0,nan,nan,nan,nan,nan,nan,0,nan,nan,nan,nan,nan,nan,60961521518,2057719090
0,0,0,nan,0,nan,0,nan,nan,nan,nan,nan,0,nan,nan,nan,nan,nan,0,nan,nan,nan,nan,nan,nan,0,nan,nan,nan,nan,nan,nan,60961529852,2057727424
0,0,0,nan,0,nan,0,nan,nan,nan,nan,nan,0,nan,nan,nan,nan,nan,0,nan,nan,nan,nan,nan,nan,0,nan,nan,nan,nan,nan,nan,60961538185,2057735757
0,0,0,nan,0,nan,0,nan,nan,nan,nan,nan,0,nan,nan,nan,nan,nan,0,nan,nan,nan,nan,nan,nan,0,nan,nan,nan,nan,nan,nan,60961546519,2057744090
0,0,0,nan,0,nan,0,nan,nan,nan,nan,nan,0,nan,nan,nan,nan,nan,0,nan,nan,nan,nan,nan,nan,0,nan,nan,nan,nan,nan,nan,60961554853,2057752424
0,0,0,nan,0,nan,0,nan,nan,nan,nan,nan,0,nan,nan,nan,nan,nan,0,nan,nan,nan,nan,nan,nan,0,nan,nan,nan,nan,nan,nan,60961563186,2057760757
0,0,0,nan,0,nan,0,nan,nan,nan,nan,nan,0,nan,nan,nan,nan,nan,0,nan,nan,nan,nan,nan,nan,0,nan,nan,nan,nan,nan,nan,60961571520,2057769090
0,0,0,nan,0,nan,0,nan,nan,nan,nan,nan,0,nan,nan,nan,nan,nan,0,nan,nan,nan,nan,nan,nan,0,nan,nan,nan,nan,nan,nan,60961579854,2057777424
0,0,0,nan,0,nan,0,nan,nan,nan,nan,nan,0,nan,nan,nan,nan,nan,0,nan,nan,nan,nan,nan,nan,0,nan,nan,nan,nan,nan,nan,60961588187,2057785757
0,0,0,nan,0,nan,0,nan,nan,nan,nan,nan,0,nan,nan,nan,nan,nan,0,nan,nan,nan,nan,nan,nan,0,nan,nan,nan,nan,nan,nan,60961596520,2057794090
0,0,0,nan,0,nan,0,nan,nan,nan,nan,nan,0,nan,nan,nan,nan,nan,0,nan,nan,nan,nan,nan,nan,0,nan,nan,nan,nan,nan,nan,60961604854,2057802423
0,0,0,nan,0,nan,0,nan,nan,nan,nan,nan,0,nan,nan,nan,nan,nan,0,nan,nan,nan,nan,nan,nan,0,nan,nan,nan,nan,nan,nan,60961613187,2057810756
0,0,0,nan,0,nan,0,nan,nan,nan,nan,nan,0,nan,nan,nan,nan,nan,0,nan,nan,nan,nan,nan,nan,0,nan,nan,nan,nan,nan,nan,60961621521,2057819090
0,0,0,nan,0,nan,0,nan,nan,nan,nan,nan,0,nan,nan,nan,nan,nan,0,nan,nan,nan,nan,nan,nan,0,nan,nan,nan,nan,nan,nan,60961629855,2057827423
0,0,0,nan,0,nan,0,nan,nan,nan,nan,nan,0,nan,nan,nan,nan,nan,0,nan,nan,nan,nan,nan,nan,0,nan,nan,nan,nan,nan,nan,60961638188,2057835756
0,0,1,1.87200927734375,0,nan,1,0.36828669905662537,0.7030206918716431,-44.299339294433594,62.252681732177734,12.01634693145752,0,nan,nan,nan,nan,nan,1,3.0688061714172363,30.053436279296875,645.6494140625,0.49483054876327515,0.4438193440437317,0.442599892616272,0,nan,nan,nan,nan,nan,nan,60961646522,2057844090
0,0,0,nan,0,nan,0,nan,nan,nan,nan,nan,0,nan,nan,nan,nan,nan,0,nan,nan,nan,nan,nan,nan,0,nan,nan,nan,nan,nan,nan,60961654859,2057852426
0,0,0,nan,0,nan,0,nan,nan,nan,nan,nan,0,nan,nan,nan,nan,nan,0,nan,nan,nan,nan,nan,nan,0,nan,nan,nan,nan,nan,nan,60961663193,2057860760
0,0,0,nan,1,2.491546630859375,0,nan,nan,nan,nan,nan,1,0.40456950664520264,0.5215135812759399,-31.787063598632812,95.33817291259766,24.05852508544922,0,nan,nan,nan,nan,nan,nan,1,-63.46406173706055,32.01409912109375,645.9738159179688,0.6331822872161865,0.4396744668483734,0.4502367079257965,60961671526,2057869093
0,0,0,nan,1,2.45404052734375,0,nan,nan,nan,nan,nan,1,0.39680907130241394,0.5042323470115662,-34.463253021240234,98.48823547363281,25.205020904541016,0,nan,nan,nan,nan,nan,nan,1,-63.414894104003906,32.001895904541016,645.86572265625,0.6331052184104919,0.43968522548675537,0.449991375207901,60961679860,2057877426
0,0,0,nan,1,2.504638671875,0,nan,nan,nan,nan,nan,1,0.37637272477149963,0.41148754954338074,-41.510841369628906,115.3939437866211,31.358247756958008,0,nan,nan,nan,nan,nan,nan,1,-63.370887756347656,31.997421264648438,645.8275146484375,0.6330227255821228,0.43968942761421204,0.44989901781082153,60961688194,2057885760
0,0,0,nan,1,2.553924560546875,0,nan,nan,nan,nan,nan,1,0.38080137968063354,0.3998014032840729,-39.98360061645508,117.52413940429688,32.133506774902344,0,nan,nan,nan,nan,nan,nan,1,-63.33815383911133,32.00327682495117,645.8927001953125,0.632939875125885,0.4396861493587494,0.45003369450569153,60961696527,2057894093
0,0,1,2.4327850341796875,1,2.51837158203125,1,0.4821721613407135,0.36415520310401917,-5.025441646575928,124.02180480957031,34.498470306396484,1,0.39214077591896057,0.4801860451698303,-36.07314682006836,102.87142944335938,26.800399780273438,1,3.331564426422119,29.991867065429688,645.9830322265625,0.4942872226238251,0.44398996233940125,0.443318247795105,1,-63.31145095825195,32.01300048828125,646.049072265625,0.6328485012054443,0.43968719244003296,0.45036715269088745,60961704861,2057902427
0,0,1,2.4926300048828125,1,2.5322113037109375,1,0.48156121373176575,0.2997390925884247,-5.236132621765137,135.76368713378906,38.77217483520508,1,0.4055379629135132,0.44299474358558655,-31.453075408935547,109.65076446533203,29.267822265625,1,3.364109516143799,29.99502182006836,646.0292358398438,0.4942200481891632,0.4439893960952759,0.4434192180633545,1,-63.29509353637695,32.0443115234375,646.2064819335938,0.6327783465385437,0.43964362144470215,0.4507080018520355,60961713195,2057910760
0,0,1,2.3715057373046875,1,2.5478668212890625,1,0.46328863501548767,0.383783221244812,-11.53749942779541,120.4439697265625,33.19624710083008,1,0.4014512598514557,0.4435567259788513,-32.862396240234375,109.54833984375,29.230533599853516,1,3.4062156677246094,29.9637508392334,645.9246826171875,0.4941311776638031,0.4440406858921051,0.44318875670433044,1,-63.24513626098633,32.037540435791016,646.0979614257812,0.632699728012085,0.43964314460754395,0.450462281703949,60961721530,2057919095
0,0,1,2.4001007080078125,1,2.4939727783203125,1,0.46710023283958435,0.3710501790046692,-10.223057746887207,122.76496124267578,34.04103088378906,1,0.3896139860153198,0.4429381489753723,-36.94450759887695,109.66106414794922,29.271615982055664,1,3.4408092498779297,29.973655700683594,645.9588623046875,0.4940595328807831,0.4440247118473053,0.4432646334171295,1,-63.18739700317383,32.04029083251953,645.8745727539062,0.6326311826705933,0.4396074414253235,0.449968159198761,60961729863,2057927428
0,0,1,2.409759521484375,1,2.52545166015625,1,0.46298685669898987,0.3686477243900299,-11.641573905944824,123.2029037475586,34.20039749145508,1,0.3951815366744995,0.4368866980075836,-35.0245361328125,110.7641830444336,29.67303466796875,1,3.472951889038086,29.966800689697266,646.0172119140625,0.49399328231811523,0.44404637813568115,0.44339054822921753,1,-63.14274597167969,32.036376953125,645.871826171875,0.6325391530990601,0.43961530923843384,0.4499523639678955,60961738198,2057935762
0,0,1,2.361968994140625,1,2.523162841796875,1,0.4717172682285309,0.37040990591049194,-8.630852699279785,122.88167572021484,34.08351516723633,1,0.40093687176704407,0.47612276673316956,-33.03978729248047,103.61210632324219,27.069965362548828,1,3.5047502517700195,29.95929527282715,645.958984375,0.49392643570899963,0.444054514169693,0.44326359033584595,1,-63.111900329589844,32.04676818847656,645.9356689453125,0.6324605941772461,0.43960243463516235,0.450085312128067,60961746531,2057944095
0,0,1,2.3495025634765625,1,2.5039825439453125,1,0.4513623118400574,0.3596137464046478,-15.650351524353027,124.84962463378906,34.799808502197266,1,0.39040130376815796,0.45355933904647827,-36.673004150390625,107.72503662109375,28.566917419433594,1,3.5423073768615723,29.972808837890625,646.0162353515625,0.49384891986846924,0.44403398036956787,0.4433901607990265,1,-63.06395721435547,32.06182098388672,645.910400390625,0.6323668360710144,0.4395679831504822,0.45002281665802,60961754864,2057952428
0,0,1,2.3910980224609375,1,2.5196380615234375,1,0.44774511456489563,0.3692740201950073,-16.897756576538086,123.0887451171875,34.15884017944336,1,0.3762374222278595,0.4249405860900879,-41.5574836730957,112.94170379638672,30.465648651123047,1,3.5695464611053467,29.967573165893555,646.0274658203125,0.493792325258255,0.4440462589263916,0.44341418147087097,1,-63.048892974853516,32.08414077758789,646.0538330078125,0.6323027014732361,0.43954119086265564,0.45033252239227295,60961763199,2057960762
0,0,1,2.33416748046875,1,2.5536346435546875,1,0.44997638463974,0.384896844625473,-16.1282901763916,120.24095916748047,33.12238693237305,1,0.4079922139644623,0.47582581639289856,-30.606718063354492,103.66624450683594,27.089689254760742,1,3.597653865814209,29.975435256958008,645.9808349609375,0.4937331974506378,0.44402414560317993,0.44331425428390503,1,-63.01841354370117,32.09079360961914,646.0009765625,0.6322515606880188,0.43952032923698425,0.4502129554748535,60961771532,2057969095
0,0,1,2.30865478515625,1,2.5462646484375,1,0.4496179223060608,0.3900952637195587,-16.251909255981445,119.29336547851562,32.77750778198242,1,0.3969678282737732,0.48165321350097656,-34.40852355957031,102.60401153564453,26.703052520751953,1,3.6252574920654297,29.972909927368164,645.8997802734375,0.49367469549179077,0.44401904940605164,0.44313845038414,1,-62.980926513671875,32.100128173828125,645.8789672851562,0.632201611995697,0.4394846558570862,0.44994306564331055,60961779867,2057977430
0,0,1,2.353973388671875,1,2.509063720703125,1,0.4357534348964691,0.4114757776260376,-21.033138275146484,115.3960952758789,31.359012603759766,1,0.39741241931915283,0.5000108480453491,-34.25521469116211,99.25777435302734,25.485050201416016,1,3.6520984172821045,29.975440979003906,645.9105224609375,0.4936189651489258,0.4440152049064636,0.4431624710559845,1,-62.96134567260742,32.112125396728516,645.8238525390625,0.6321735382080078,0.4394524395465851,0.44982168078422546,60961788201,2057985764
0,0,1,2.3588714599609375,1,2.5272979736328125,1,0.45458704233169556,0.38794639706611633,-14.538284301757812,119.6850814819336,32.920066833496094,1,0.4136762022972107,0.47910746932029724,-28.646570205688477,103.06804656982422,26.87197494506836,1,3.6695871353149414,29.982824325561523,645.9340209960938,0.4935827851295471,0.44400298595428467,0.44321462512016296,1,-62.95943832397461,32.12330627441406,646.0240478515625,0.6321238279342651,0.4394563138484955,0.4502551555633545,60961796535,2057994097
0,0,1,2.3890228271484375,1,2.5624542236328125,1,0.4451848566532135,0.3834792971611023,-17.780668258666992,120.4993667602539,33.216407775878906,1,0.42444488406181335,0.5147299766540527,-24.932958602905273,96.5747299194336,24.508495330810547,1,3.6850476264953613,29.97414207458496,645.9225463867188,0.49355047941207886,0.44401949644088745,0.44318875670433044,1,-62.92814636230469,32.099674224853516,645.877197265625,0.6320925951004028,0.43948546051979065,0.44992807507514954,60961804868,2058002430
0,0,1,2.3704376220703125,1,2.5451812744140625,1,0.4605485498905182,0.3995530903339386,-12.482433319091797,117.56939697265625,32.149986267089844,1,0.41952288150787354,0.5146709084510803,-26.630306243896484,96.5854721069336,24.51250457763672,1,3.700037956237793,29.967626571655273,645.9229736328125,0.49351927638053894,0.44403305649757385,0.44318887591362,1,-62.903221130371094,32.09739685058594,645.870849609375,0.6320422887802124,0.43948936462402344,0.4499088525772095,60961813202,2058010764
0,0,1,2.34521484375,1,2.5576629638671875,1,0.4373553395271301,0.37600526213645935,-20.48072052001953,121.86173248291016,33.712310791015625,1,0.4111921191215515,0.529983639717102,-29.503210067749023,93.79425048828125,23.49651336669922,1,3.7133846282958984,29.96786117553711,645.9571533203125,0.4934919476509094,0.44403696060180664,0.44326332211494446,1,-62.90007019042969,32.11824035644531,646.0589599609375,0.6319928169250488,0.43947166204452515,0.4503173828125,60961821536,2058019097
0,0,1,2.3823699951171875,1,2.5598297119140625,1,0.44328072667121887,0.4008953273296356,-18.43731117248535,117.32471466064453,32.060970306396484,1,0.40855053067207336,0.5142642259597778,-30.4141788482666,96.65961456298828,24.53946304321289,1,3.733382225036621,29.954259872436523,646.0146484375,0.4934511184692383,0.4440724551677704,0.443386435508728,1,-62.863372802734375,32.0862922668457,645.8076782226562,0.6319741010665894,0.43950390815734863,0.44976261258125305,60961829869,2058027430
0,0,1,2.3289794921875,1,2.533782958984375,1,0.4495430886745453,0.35720890760421753,-16.277711868286133,125.28797912597656,34.9593391418457,1,0.4012184739112854,0.4818759262561798,-32.942684173583984,102.56342315673828,26.688251495361328,1,3.751682996749878,29.947586059570312,645.9799194335938,0.4934125244617462,0.4440818727016449,0.443310409784317,1,-62.85862731933594,32.071937561035156,645.843994140625,0.6319561004638672,0.43953850865364075,0.44983813166618347,60961838203,2058035764
0,0,1,2.403839111328125,1,2.5423583984375,1,0.43802589178085327,0.3831702470779419,-20.249469757080078,120.55570220947266,33.236934661865234,1,0.41441860795021057,0.4791845977306366,-28.390554428100586,103.05400085449219,26.86681365966797,1,3.7714927196502686,29.944866180419922,645.9915161132812,0.4933714270591736,0.44408899545669556,0.44333550333976746,1,-62.82640838623047,32.04674530029297,645.6390380859375,0.6319360733032227,0.4395630359649658,0.44938525557518005,60961846537,2058044097
0,0,1,2.37921142578125,1,2.508056640625,1,0.45808255672454834,0.40297022461891174,-13.332839012145996,116.94652557373047,31.923269271850586,1,0.4023458659648895,0.47827640175819397,-32.55387496948242,103.21953582763672,26.927099227905273,1,3.7948508262634277,29.932937622070312,645.922119140625,0.49332189559936523,0.4441048502922058,0.44318369030952454,1,-62.79774856567383,32.03084945678711,645.5751953125,0.6318911910057068,0.43958738446235657,0.44923919439315796,60961854870,2058052430
0,0,1,2.3814697265625,1,2.5471649169921875,1,0.435392290353775,0.3977354168891907,-21.157682418823242,117.90074157714844,32.27058029174805,1,0.42732539772987366,0.5190554261207581,-23.9395694732666,95.78627014160156,24.22159194946289,1,3.8255550861358643,29.924785614013672,645.8180541992188,0.4932565987110138,0.4441084563732147,0.4429570734500885,1,-62.77592086791992,32.03583526611328,645.61376953125,0.6318370699882507,0.43958231806755066,0.44931864738464355,60961863204,2058060764
0,0,1,2.379913330078125,1,2.5401458740234375,1,0.43311911821365356,0.3906184434890747,-21.941591262817383,119.1980209350586,32.74277114868164,1,0.38832390308380127,0.4879423975944519,-37.38941955566406,101.45761108398438,26.2857723236084,1,3.8559908866882324,29.9149227142334,645.714111328125,0.49319177865982056,0.44411560893058777,0.44273072481155396,1,-62.73377990722656,32.036773681640625,645.5870361328125,0.6317557096481323,0.4395768344402313,0.44925230741500854,60961871537,2058069097
0,0,1,2.3836212158203125,1,2.51885986328125,1,0.4386942386627197,0.39460068941116333,-20.01898765563965,118.4721450805664,32.47852325439453,1,0.3914596438407898,0.4726302921772003,-36.30803298950195,104.24871826171875,27.301677703857422,1,3.8854122161865234,29.91706657409668,645.7716064453125,0.49313127994537354,0.4441186189651489,0.442856103181839,1,-62.703102111816406,32.04952621459961,645.6514282226562,0.6316773891448975,0.4395592510700226,0.449386864900589,60961879871,2058077430
0,0,1,2.3989715576171875,1,2.5395660400390625,1,0.44405561685562134,0.4074409604072571,-18.170085906982422,116.131591796875,31.626644134521484,1,0.392497181892395,0.4729827344417572,-35.95024490356445,104.18448638916016,27.27829360961914,1,3.9143736362457275,29.919937133789062,645.8284912109375,0.4930717647075653,0.44411998987197876,0.4429802894592285,1,-62.66147994995117,32.04722595214844,645.5771484375,0.6316078901290894,0.43955400586128235,0.44921740889549255,60961888205,2058085764
0,0,1,2.362762451171875,1,2.5214080810546875,1,0.4413488209247589,0.39990660548210144,-19.103534698486328,117.50495910644531,32.12654495239258,1,0.39410164952278137,0.4821338951587677,-35.396942138671875,102.5163803100586,26.671194076538086,1,3.9578564167022705,29.91960906982422,645.8282470703125,0.4929811656475067,0.44412070512771606,0.4429802894592285,1,-62.626800537109375,32.05820083618164,645.6891479492188,0.6315103769302368,0.43954649567604065,0.44945359230041504,60961896538,2058094097
0,0,1,2.430511474609375,1,2.550079345703125,1,0.43750301003456116,0.4146021604537964,-20.429779052734375,114.82621765136719,31.151559829711914,1,0.3890613615512848,0.4762231111526489,-37.135093688964844,103.59381866455078,27.06331443786621,1,4.008907794952393,29.931875228881836,645.8629150390625,0.492875337600708,0.44409987330436707,0.4430577754974365,1,-62.569068908691406,32.07628631591797,645.6530151367188,0.6313987374305725,0.43950432538986206,0.44936615228652954,60961904872,2058102430
0,0,1,2.3428497314453125,1,2.538848876953125,1,0.4485599398612976,0.4050179123878479,-16.616756439208984,116.57327270507812,31.787416458129883,1,0.38109534978866577,0.48190921545028687,-39.88221740722656,102.557373046875,26.68600845336914,1,4.058165073394775,29.929176330566406,645.700927734375,0.49277040362358093,0.44408488273620605,0.44270655512809753,1,-62.500511169433594,32.08220672607422,645.502197265625,0.6312906742095947,0.4394718408584595,0.4490271508693695,60961913209,2058110767
0,0,1,2.383087158203125,1,2.5540771484375,1,0.4448677897453308,0.3991135358810425,-17.889997482299805,117.6495132446289,32.17916488647461,1,0.39186033606529236,0.4709340035915375,-36.16987228393555,104.55792999267578,27.41427230834961,1,4.102195739746094,29.953006744384766,645.74609375,0.49267926812171936,0.4440414011478424,0.44280847907066345,1,-62.46522521972656,32.10664367675781,645.6143188476562,0.6311918497085571,0.4394364655017853,0.4492654502391815,60961921542,2058119100
0,0,1,2.4075927734375,1,2.5516204833984375,1,0.4721560478210449,0.41723430156707764,-8.479525566101074,114.346435546875,30.9769287109375,1,0.40554744005203247,0.46359068155288696,-31.44980239868164,105.89649963378906,27.90142822265625,1,4.1890645027160645,29.943279266357422,645.8260498046875,0.49249956011772156,0.4440719485282898,0.4429817497730255,1,-62.393898010253906,32.12671661376953,645.8745727539062,0.6309848427772522,0.43943020701408386,0.449815571308136,60961929876,2058127433
0,0,1,2.376922607421875,1,2.557830810546875,1,0.5177069902420044,0.43661510944366455,7.228915691375732,110.81367492675781,29.691068649291992,1,0.45303109288215637,0.5114845633506775,-15.074868202209473,97.1662826538086,24.723892211914062,1,4.328468322753906,29.937740325927734,645.767333984375,0.4922082722187042,0.44407618045806885,0.44285571575164795,1,-62.237857818603516,32.12384796142578,645.7877197265625,0.6306807994842529,0.4394247233867645,0.44959545135498047,60961938210,2058135767
0,0,1,2.385894775390625,1,2.5560150146484375,1,0.5231167078018188,0.45436516404151917,9.094449043273926,107.5781478881836,28.513452529907227,1,0.45271405577659607,0.5281145572662354,-15.184181213378906,94.13495635986328,23.62055778503418,1,4.428630828857422,29.928165435791016,645.8702392578125,0.4920012950897217,0.44410932064056396,0.4430791437625885,1,-62.11759567260742,32.120750427246094,645.6685791015625,0.6304581761360168,0.4394152760505676,0.44931283593177795,60961946543,2058144100
0,0,1,2.3677978515625,1,2.4959869384765625,1,0.5023829340934753,0.4467288553714752,1.9443203210830688,108.97013092041016,29.020071029663086,1,0.43926048278808594,0.48998457193374634,-19.823715209960938,101.08538055419922,26.150285720825195,1,4.4878106117248535,29.927949905395508,645.730712890625,0.49187585711479187,0.4440920352935791,0.442777156829834,1,-62.06727600097656,32.15623474121094,645.7488403320312,0.6303355097770691,0.439352810382843,0.44948092103004456,60961954877,2058152433
0,0,1,2.3548126220703125,1,2.5245208740234375,1,0.5087600946426392,0.4328404366970062,4.1435160636901855,111.50172424316406,29.9415340423584,1,0.4427900016307831,0.4997493624687195,-18.606544494628906,99.30541229248047,25.502471923828125,1,4.526250839233398,29.934349060058594,645.7537841796875,0.4917961359024048,0.4440818130970001,0.4428287744522095,1,-62.030029296875,32.1623649597168,645.684814453125,0.6302725672721863,0.4393315017223358,0.4493357837200165,60961963211,2058160767
0,0,1,2.356842041015625,1,2.557159423828125,1,0.5132985711097717,0.4421832263469696,5.70863151550293,109.7986831665039,29.32168960571289,1,0.4600190222263336,0.5024874806404114,-12.665037155151367,98.80630493164062,25.320751190185547,1,4.572965621948242,29.938838958740234,645.7760009765625,0.4916991889476776,0.44407546520233154,0.44287824630737305,1,-61.9833869934082,32.158653259277344,645.5537109375,0.6302053332328796,0.4393215477466583,0.44904255867004395,60961971544,2058169100
0,0,1,2.3620452880859375,1,2.5655517578125,1,0.5075716376304626,0.4602532386779785,3.733700752258301,106.50482177734375,28.122873306274414,1,0.46032750606536865,0.5331376791000366,-12.558660507202148,93.21932220458984,23.28729248046875,1,4.627885341644287,29.951011657714844,645.82177734375,0.49158552289009094,0.4440562427043915,0.442980021238327,1,-61.98497009277344,32.17182922363281,645.6927490234375,0.6301772594451904,0.4393131136894226,0.44934505224227905,60961979877,2058177433
0,0,1,2.3765106201171875,1,2.547943115234375,1,0.5059901475906372,0.45376351475715637,3.1882858276367188,107.68782043457031,28.553380966186523,1,0.4668428599834442,0.490090012550354,-10.311817169189453,101.06612396240234,26.143327713012695,1,4.6811442375183105,29.931453704833984,645.7982177734375,0.4914742112159729,0.4440937936306,0.4429270923137665,1,-61.95175552368164,32.196083068847656,646.12255859375,0.6300116181373596,0.4393211603164673,0.450269877910614,60961988212,2058185767
0,0,1,2.395050048828125,1,2.543914794921875,1,0.5043246150016785,0.46584436297416687,2.613924503326416,105.48568725585938,27.751888275146484,1,0.44874972105026245,0.5102685689926147,-16.551305770874023,97.38793182373047,24.8045597076416,1,4.720183372497559,29.925434112548828,645.693359375,0.4913911521434784,0.44409289956092834,0.4426994025707245,1,-61.87419891357422,32.184959411621094,645.9263916015625,0.6298949122428894,0.4393177926540375,0.44982871413230896,60961996544,2058194100
0,0,1,2.3480072021484375,1,2.524169921875,1,0.5096870064735413,0.44716909527778625,4.463185787200928,108.88985443115234,28.990890502929688,1,0.43287137150764465,0.47064703702926636,-22.027013778686523,104.61024475097656,27.433225631713867,1,4.760643005371094,29.92784309387207,645.7855224609375,0.4913084805011749,0.4440997838973999,0.44290027022361755,1,-61.798072814941406,32.15169143676758,645.6702880859375,0.6297945380210876,0.4393521249294281,0.4492553770542145,60962004876,2058202433
0,0,1,2.3505859375,1,2.4893341064453125,1,0.5152114033699036,0.4471209943294525,6.368305206298828,108.89863586425781,28.994077682495117,1,0.4619734585285187,0.4796268939971924,-11.991050720214844,102.97339630126953,26.837406158447266,1,4.811344146728516,29.911684036254883,645.7386474609375,0.49120205640792847,0.44412729144096375,0.4427971839904785,1,-61.785308837890625,32.142005920410156,645.7796630859375,0.6297435760498047,0.4393869936466217,0.44948771595954895,60962013209,2058210767
0,0,1,2.3468170166015625,1,2.5303802490234375,1,0.5188953280448914,0.4495435059070587,7.638701915740967,108.45702362060547,28.833396911621094,1,0.4579985737800598,0.4958932101726532,-13.361799240112305,100.00833892822266,25.75830078125,1,4.85053014755249,29.91009521484375,645.6929321289062,0.4911196827888489,0.44412481784820557,0.44269847869873047,1,-61.74617004394531,32.138160705566406,645.7643432617188,0.6296657919883728,0.43939298391342163,0.44944605231285095,60962021541,2058219100
0,0,1,2.3721923828125,1,2.5125885009765625,1,0.5055544376373291,0.4571501314640045,3.038050889968872,107.07048034667969,28.32868766784668,1,0.4348577857017517,0.4867435097694397,-21.342010498046875,101.67613983154297,26.365331649780273,1,4.886859893798828,29.89795684814453,645.6000366210938,0.4910424053668976,0.4441381096839905,0.44249585270881653,1,-61.67300796508789,32.10517120361328,645.4017333984375,0.6295953392982483,0.43941235542297363,0.448643296957016,60962029873,2058227433
0,0,1,2.331390380859375,1,2.489227294921875,1,0.5000933408737183,0.4570491313934326,1.154760479927063,107.08891296386719,28.335357666015625,1,0.4443659782409668,0.46701768040657043,-18.06306266784668,105.27180480957031,27.674060821533203,1,4.917442321777344,29.898900985717773,645.56494140625,0.4909780025482178,0.4441317617893219,0.4424203634262085,1,-61.61955261230469,32.08917999267578,645.1544189453125,0.6295397877693176,0.43941208720207214,0.44809597730636597,60962038207,2058235767
0,0,1,2.3436737060546875,1,2.53277587890625,1,0.5021440982818604,0.4403081238269806,1.8619595766067505,110.14048767089844,29.446107864379883,1,0.4401222765445709,0.49602022767066956,-19.526514053344727,99.98517608642578,25.74985122680664,1,4.942187309265137,29.895952224731445,645.5071411132812,0.49092549085617065,0.4441305100917816,0.44229498505592346,1,-61.6138916015625,32.1129150390625,645.37744140625,0.6294779777526855,0.43939316272735596,0.448579877614975,60962046542,2058244103
0,0,1,2.364776611328125,1,2.5257568359375,1,0.5162139534950256,0.46121329069137573,6.714032173156738,106.3298568725586,28.05909538269043,1,0.4510045051574707,0.508592426776886,-15.773735046386719,97.69347381591797,24.91575050354004,1,4.973517417907715,29.902738571166992,645.5869140625,0.49086159467697144,0.4441267251968384,0.44246944785118103,1,-61.5902099609375,32.11204147338867,645.3470458984375,0.6294355988502502,0.4393908977508545,0.448509156703949,60962054874,2058252436
0,0,1,2.3340606689453125,1,2.4877166748046875,1,0.5088128447532654,0.44233131408691406,4.161697864532471,109.77169036865234,29.311864852905273,1,0.4448607861995697,0.4727533161640167,-17.892433166503906,104.226318359375,27.293474197387695,1,5.008003234863281,29.912261962890625,645.6328125,0.4907905161380768,0.44411295652389526,0.4425709545612335,1,-61.547183990478516,32.111881256103516,645.3328247070312,0.6293494701385498,0.4393894076347351,0.44846972823143005,60962063207,2058260770
0,0,1,2.3621826171875,1,2.4931488037109375,1,0.5097138285636902,0.45420145988464355,4.472434043884277,107.60798645019531,28.524307250976562,1,0.43539705872535706,0.49817463755607605,-21.15604019165039,99.59246063232422,25.60692024230957,1,5.034635066986084,29.91069793701172,645.6100463867188,0.49073460698127747,0.4441133141517639,0.44252172112464905,1,-61.497314453125,32.09722137451172,645.072509765625,0.6293042302131653,0.4393846392631531,0.44789522886276245,60962071540,2058269103
0,0,1,2.371124267578125,1,2.4756011962890625,1,0.5081042051315308,0.44404464960098267,3.9173574447631836,109.45938873291016,29.198184967041016,1,0.4418713450431824,0.46310701966285706,-18.9233341217041,105.98466491699219,27.933462142944336,1,5.058028221130371,29.914623260498047,645.5979614257812,0.49068570137023926,0.4441037178039551,0.4424963891506195,1,-61.439109802246094,32.09968948364258,644.9095458984375,0.6292197108268738,0.43935754895210266,0.4475317895412445,60962079869,2058277434
0,0,1,2.3666839599609375,1,2.480926513671875,1,0.516976535320282,0.4475918710231781,6.976995468139648,108.81279754638672,28.96282958984375,1,0.42818424105644226,0.4816429018974304,-23.643402099609375,102.60589599609375,26.703739166259766,1,5.083003997802734,29.89999771118164,645.459716796875,0.4906311333179474,0.4441163241863251,0.44219493865966797,1,-61.419105529785156,32.10844421386719,645.1934814453125,0.6291146278381348,0.43937790393829346,0.44814229011535645,60962088204,2058285770
0,0,1,2.337738037109375,1,2.4792938232421875,1,0.5082163214683533,0.4197951555252075,3.95601749420166,113.87963104248047,30.80702781677246,1,0.43499571084976196,0.4899115562438965,-21.294443130493164,101.09866333007812,26.155153274536133,1,5.1067962646484375,29.90497589111328,645.42431640625,0.4905809164047241,0.4441015422344208,0.44211918115615845,1,-61.380859375,32.10813522338867,645.1078491210938,0.6290543079376221,0.43936705589294434,0.44794949889183044,60962096537,2058294103
0,0,1,2.34027099609375,1,2.5212249755859375,1,0.4994651973247528,0.44076722860336304,0.9381463527679443,110.05680084228516,29.415620803833008,1,0.4483945071697235,0.47253939509391785,-16.673810958862305,104.26528930664062,27.3077392578125,1,5.127472877502441,29.910682678222656,645.3781127929688,0.49053698778152466,0.4440838694572449,0.442020058631897,1,-61.38575744628906,32.11592483520508,645.3405151367188,0.6290125250816345,0.439382404088974,0.4484540820121765,60962104869,2058302436
0,0,1,2.3301849365234375,1,2.44970703125,1,0.5012146234512329,0.4264525771141052,1.5414315462112427,112.66610717773438,30.365352630615234,1,0.4483456015586853,0.44794926047325134,-16.690671920776367,108.74765014648438,28.93913459777832,1,5.145392417907715,29.912124633789062,645.3662109375,0.4904993772506714,0.4440793991088867,0.44199469685554504,1,-61.41353225708008,32.11389923095703,645.3223266601562,0.6290742754936218,0.4393840730190277,0.44842010736465454,60962113201,2058310769
0,0,1,2.3224639892578125,1,2.473236083984375,1,0.5052163004875183,0.4346073269844055,2.9214441776275635,111.17964172363281,29.824291229248047,1,0.43584975600242615,0.4447357952594757,-20.999927520751953,109.33340454101562,29.152324676513672,1,5.167350769042969,29.920787811279297,645.4005126953125,0.4904542565345764,0.4440658986568451,0.4420706033706665,1,-61.378318786621094,32.12425994873047,645.376220703125,0.628989040851593,0.43936997652053833,0.44853076338768005,60962121534,2058319103
0,0,1,2.3603515625,1,2.4706878662109375,1,0.506823718547821,0.45993363857269287,3.4757637977600098,106.56310272216797,28.144060134887695,1,0.44771307706832886,0.4558164179325104,-16.90880584716797,107.3135986328125,28.417203903198242,1,5.1987762451171875,29.91891860961914,645.3427734375,0.4903876483440399,0.44406241178512573,0.44194576144218445,1,-61.355865478515625,32.12749481201172,645.3209838867188,0.6289547681808472,0.43935585021972656,0.448407381772995,60962129866,2058327436
0,0,1,2.3408355712890625,1,2.4627685546875,1,0.516582727432251,0.46230462193489075,6.841193199157715,106.13092803955078,27.98670196533203,1,0.4497416317462921,0.4583795368671417,-16.209257125854492,106.8464126586914,28.247100830078125,1,5.222529411315918,29.954851150512695,645.2386474609375,0.4903361201286316,0.4439747929573059,0.44172510504722595,1,-61.32609176635742,32.144378662109375,645.0922241210938,0.6289438009262085,0.43928998708724976,0.4479096829891205,60962138199,2058335770
0,0,1,2.3161163330078125,1,2.478118896484375,1,0.5188228487968445,0.4501613676548004,7.613693714141846,108.34440612792969,28.792402267456055,1,0.4513315260410309,0.46528947353363037,-15.660958290100098,105.58683776855469,27.788686752319336,1,5.253628253936768,29.969144821166992,645.2734375,0.4902719259262085,0.44394969940185547,0.441802978515625,1,-61.297874450683594,32.144744873046875,645.0403442382812,0.6288967728614807,0.43928220868110657,0.4477919936180115,60962146531,2058344103
0,0,1,2.3131256103515625,1,2.4435577392578125,1,0.5013836622238159,0.49523594975471497,1.5997191667556763,100.12812805175781,25.8018856048584,1,0.4538092613220215,0.4895499348640442,-14.806502342224121,101.16461181640625,26.17905044555664,1,5.295339107513428,30.02734375,645.3403930664062,0.4901861250400543,0.4438379108905792,0.44195690751075745,1,-61.293853759765625,32.199005126953125,645.15625,0.6288623809814453,0.43918555974960327,0.4480491280555725,60962154861,2058352434
0,0,1,2.3174896240234375,1,2.4533538818359375,1,0.49624496698379517,0.49939751625061035,-0.17236876487731934,99.36956024169922,25.525772094726562,1,0.4700307548046112,0.4977872669696808,-9.212459564208984,99.66307067871094,25.632610321044922,1,5.332351207733154,30.071496963500977,645.3968505859375,0.49011000990867615,0.4437539279460907,0.44208598136901855,1,-61.286895751953125,32.26222229003906,645.2621459960938,0.6288240551948547,0.439069002866745,0.44828543066978455,60962163194,2058360768
0,0,1,2.19915771484375,1,2.4909515380859375,1,0.5064221024513245,0.5300753116607666,3.3372645378112793,93.77753448486328,23.490468978881836,1,0.4601247310638428,0.3761346936225891,-12.628592491149902,121.83816528320312,33.70368194580078,1,5.323899269104004,30.162944793701172,645.5117797851562,0.49012961983680725,0.44357943534851074,0.44234752655029297,1,-61.27214431762695,32.38739013671875,645.6167602539062,0.6287140250205994,0.4388580918312073,0.44906604290008545,60962171528,2058369103
0,0,0,nan,0,nan,0,nan,nan,nan,nan,nan,0,nan,nan,nan,nan,nan,0,nan,nan,nan,nan,nan,nan,0,nan,nan,nan,nan,nan,nan,60962179865,2058377440
0,0,0,nan,0,nan,0,nan,nan,nan,nan,nan,0,nan,nan,nan,nan,nan,0,nan,nan,nan,nan,nan,nan,0,nan,nan,nan,nan,nan,nan,60962188197,2058385774
0,0,0,nan,0,nan,0,nan,nan,nan,nan,nan,0,nan,nan,nan,nan,nan,0,nan,nan,nan,nan,nan,nan,0,nan,nan,nan,nan,nan,nan,60962196529,2058394107
0,0,0,nan,0,nan,0,nan,nan,nan,nan,nan,0,nan,nan,nan,nan,nan,0,nan,nan,nan,nan,nan,nan,0,nan,nan,nan,nan,nan,nan,60962204862,2058402440
0,0,0,nan,0,nan,0,nan,nan,nan,nan,nan,0,nan,nan,nan,nan,nan,0,nan,nan,nan,nan,nan,nan,0,nan,nan,nan,nan,nan,nan,60962213194,2058410774
0,0,0,nan,0,nan,0,nan,nan,nan,nan,nan,0,nan,nan,nan,nan,nan,0,nan,nan,nan,nan,nan,nan,0,nan,nan,nan,nan,nan,nan,60962221526,2058419107
0,0,0,nan,0,nan,0,nan,nan,nan,nan,nan,0,nan,nan,nan,nan,nan,0,nan,nan,nan,nan,nan,nan,0,nan,nan,nan,nan,nan,nan,60962229858,2058427440
0,0,0,nan,0,nan,0,nan,nan,nan,nan,nan,0,nan,nan,nan,nan,nan,0,nan,nan,nan,nan,nan,nan,0,nan,nan,nan,nan,nan,nan,60962238190,2058435773
0,0,0,nan,0,nan,0,nan,nan,nan,nan,nan,0,nan,nan,nan,nan,nan,0,nan,nan,nan,nan,nan,nan,0,nan,nan,nan,nan,nan,nan,60962246523,2058444107
0,0,0,nan,0,nan,0,nan,nan,nan,nan,nan,0,nan,nan,nan,nan,nan,0,nan,nan,nan,nan,nan,nan,0,nan,nan,nan,nan,nan,nan,60962254855,2058452440
0,0,0,nan,0,nan,0,nan,nan,nan,nan,nan,0,nan,nan,nan,nan,nan,0,nan,nan,nan,nan,nan,nan,0,nan,nan,nan,nan,nan,nan,60962263187,2058460773
0,0,0,nan,0,nan,0,nan,nan,nan,nan,nan,0,nan,nan,nan,nan,nan,0,nan,nan,nan,nan,nan,nan,0,nan,nan,nan,nan,nan,nan,60962271518,2058469105
0,0,0,nan,0,nan,0,nan,nan,nan,nan,nan,0,nan,nan,nan,nan,nan,0,nan,nan,nan,nan,nan,nan,0,nan,nan,nan,nan,nan,nan,60962279850,2058477438
0,0,0,nan,0,nan,0,nan,nan,nan,nan,nan,0,nan,nan,nan,nan,nan,0,nan,nan,nan,nan,nan,nan,0,nan,nan,nan,nan,nan,nan,60962288182,2058485771
0,0,1,1.6860504150390625,0,nan,1,0.4124225676059723,0.7548291087150574,-29.07889175415039,52.80892562866211,8.579142570495605,0,nan,nan,nan,nan,nan,1,5.449594497680664,30.40403175354004,644.302978515625,0.4898436367511749,0.4429241120815277,0.43975988030433655,0,nan,nan,nan,nan,nan,nan,60962296513,2058494104
0,0,1,1.8073272705078125,0,nan,1,0.4134077727794647,0.6305221915245056,-28.739131927490234,75.46784973144531,16.82631492614746,0,nan,nan,nan,nan,nan,1,5.460784912109375,30.382526397705078,644.3597412109375,0.4898213744163513,0.44297608733177185,0.43988037109375,0,nan,nan,nan,nan,nan,nan,60962304846,2058502438
0,0,0,nan,0,nan,0,nan,nan,nan,nan,nan,0,nan,nan,nan,nan,nan,0,nan,nan,nan,nan,nan,nan,0,nan,nan,nan,nan,nan,nan,60962313183,2058510775
0,0,1,1.5660400390625,0,nan,1,0.3653273284435272,0.7925059795379639,-45.31988525390625,45.94108581542969,6.079481601715088,0,nan,nan,nan,nan,nan,1,5.407103061676025,30.361536026000977,644.464111328125,0.4899355471134186,0.44303300976753235,0.44010302424430847,0,nan,nan,nan,nan,nan,nan,60962321514,2058519108
0,0,0,nan,0,nan,0,nan,nan,nan,nan,nan,0,nan,nan,nan,nan,nan,0,nan,nan,nan,nan,nan,nan,0,nan,nan,nan,nan,nan,nan,60962329847,2058527442
0,0,0,nan,0,nan,0,nan,nan,nan,nan,nan,0,nan,nan,nan,nan,nan,0,nan,nan,nan,nan,nan,nan,0,nan,nan,nan,nan,nan,nan,60962338178,2058535775
0,0,0,nan,1,2.342987060546875,0,nan,nan,nan,nan,nan,1,0.4376104176044464,0.5628481507301331,-20.39274787902832,87.80364227294922,21.316152572631836,0,nan,nan,nan,nan,nan,nan,1,-61.30659866333008,32.58845520019531,644.5318603515625,0.6290265917778015,0.4382932782173157,0.4467586278915405,60962346512,2058544109
0,0,1,2.050048828125,1,2.3993682861328125,1,0.409677654504776,0.5165307521820068,-30.025484085083008,96.24647521972656,24.38907241821289,1,0.41523388028144836,0.41521191596984863,-28.109394073486328,114.71505737304688,31.111135482788086,1,5.306103706359863,30.30177116394043,644.3165283203125,0.49014365673065186,0.443137526512146,0.43977275490760803,1,-61.336692810058594,32.57672882080078,644.5506591796875,0.629085123538971,0.4383201003074646,0.44680362939834595,60962354843,2058552442
0,0,1,2.291046142578125,1,2.326446533203125,1,0.4878491759300232,0.39088937640190125,-3.0676944255828857,119.14863586425781,32.72478485107422,1,0.4123120605945587,0.38106340169906616,-29.11701011657715,120.93973541259766,33.37674331665039,1,5.272988319396973,30.287479400634766,644.29443359375,0.49021247029304504,0.44316422939300537,0.43972232937812805,1,-61.36369705200195,32.55524826049805,644.5459594726562,0.6291424036026001,0.4383639395236969,0.44679591059684753,60962363173,2058560773
0,0,1,2.2684326171875,1,2.3774871826171875,1,0.49118342995643616,0.3964371681213379,-1.9178575277328491,118.13738250732422,32.35669708251953,1,0.4236968755722046,0.410937637090683,-25.190902709960938,115.49419403076172,31.394683837890625,1,5.246973037719727,30.304508209228516,644.3748779296875,0.4902682304382324,0.44313928484916687,0.43989866971969604,1,-61.38282775878906,32.54627990722656,644.4715576171875,0.6291988492012024,0.43837228417396545,0.44663774967193604,60962371506,2058569107
0,0,1,2.2896728515625,1,2.42767333984375,1,0.4794903099536896,0.3911348283290863,-5.950291633605957,119.1039047241211,32.708492279052734,1,0.4146772623062134,0.43814608454704285,-28.301332473754883,110.53458404541016,29.589521408081055,1,5.21377420425415,30.307641983032227,644.352783203125,0.49033716320991516,0.44312989711761475,0.43985065817832947,1,-61.402557373046875,32.532569885253906,644.421630859375,0.6292511224746704,0.43839383125305176,0.44653213024139404,60962379838,2058577440
0,0,1,2.271240234375,1,2.3766326904296875,1,0.4862498641014099,0.4015127420425415,-3.6192197799682617,117.21217346191406,32.02000427246094,1,0.41896364092826843,0.4150892198085785,-26.823179244995117,114.73747253417969,31.119220733642578,1,5.188215732574463,30.302154541015625,644.3994140625,0.49039140343666077,0.4431472718715668,0.439950555562973,1,-61.447166442871094,32.52196502685547,644.5177001953125,0.6293224096298218,0.4384289085865021,0.4467470943927765,60962388169,2058585773
0,0,1,2.25830078125,1,2.4031219482421875,1,0.47133439779281616,0.3792280852794647,-8.762895584106445,121.2742919921875,33.49845504760742,1,0.4313466548919678,0.4198910593986511,-22.552825927734375,113.86213684082031,30.800682067871094,1,5.164824485778809,30.321195602416992,644.3877563476562,0.4904400110244751,0.44310620427131653,0.4399276077747345,1,-61.504276275634766,32.5411376953125,644.869873046875,0.6293622255325317,0.43843725323677063,0.4475221037864685,60962396504,2058594109
0,0,1,2.21356201171875,1,2.3793182373046875,1,0.473605751991272,0.41293612122535706,-7.979601860046387,115.12991333007812,31.262096405029297,1,0.4293457269668579,0.4491983950138092,-23.24286651611328,108.51998138427734,28.856159210205078,1,5.134369373321533,30.323665618896484,644.4223022460938,0.4905042052268982,0.4431055188179016,0.44000232219696045,1,-61.527549743652344,32.51761245727539,644.806640625,0.6294248104095459,0.4384773075580597,0.44738689064979553,60962404836,2058602442
0,0,1,2.2280120849609375,1,2.3588104248046875,1,0.4766659736633301,0.4116385877132416,-6.924272060394287,115.3664321899414,31.34819984436035,1,0.43531471490859985,0.44632160663604736,-21.184423446655273,109.0443344116211,29.047121047973633,1,5.099259853363037,30.34470558166504,644.4226684570312,0.49057745933532715,0.4430619180202484,0.440005362033844,1,-61.53219985961914,32.52223205566406,644.6184692382812,0.6294766068458557,0.4384419620037079,0.44698208570480347,60962413168,2058610775
0,0,1,2.2413482666015625,1,2.3457489013671875,1,0.4708408713340759,0.4202251136302948,-8.933076858520508,113.80126190185547,30.77848243713379,1,0.42266035079956055,0.453702837228775,-25.548349380493164,107.69886779785156,28.55742645263672,1,5.072722434997559,30.346385955810547,644.3199462890625,0.49063098430633545,0.4430450201034546,0.43978217244148254,1,-61.543025970458984,32.51420974731445,644.4309692382812,0.6295412182807922,0.438432902097702,0.44657832384109497,60962421500,2058619109
0,0,1,2.204742431640625,1,2.349090576171875,1,0.4635789394378662,0.4103406071662903,-11.437397956848145,115.60302734375,31.434310913085938,1,0.4124111533164978,0.451486200094223,-29.08284568786621,108.10295867919922,28.704423904418945,1,5.049431800842285,30.340742111206055,644.388916015625,0.49068090319633484,0.44306567311286926,0.43993079662323,1,-61.57804489135742,32.521629333496094,644.6339111328125,0.6295685172080994,0.4384452700614929,0.4470246732234955,60962429832,2058627442
0,0,1,2.2570953369140625,1,2.358184814453125,1,0.4729338586330414,0.4493986666202545,-8.211304664611816,108.48343658447266,28.842992782592773,1,0.4164421856403351,0.4555933475494385,-27.692710876464844,107.35424041748047,28.432035446166992,1,5.022618770599365,30.36013412475586,644.43505859375,0.4907376766204834,0.4430314302444458,0.44003307819366455,1,-61.623905181884766,32.540870666503906,644.8471069335938,0.629615843296051,0.4384344518184662,0.44749727845191956,60962438166,2058635777
0,0,1,2.207366943359375,1,2.3498687744140625,1,0.47232505679130554,0.4184751510620117,-8.421245574951172,114.12025451660156,30.89460563659668,1,0.40610963106155396,0.460387647151947,-31.25594139099121,106.48033905029297,28.113927841186523,1,4.994459629058838,30.35915756225586,644.5389404296875,0.49079832434654236,0.4430468678474426,0.440257728099823,1,-61.657508850097656,32.535125732421875,644.910888671875,0.6296713948249817,0.4384549856185913,0.44764113426208496,60962446498,2058644111
0,0,1,2.1949462890625,1,2.388427734375,1,0.475216269493103,0.42517101764678955,-7.42420768737793,112.89970397949219,30.45038604736328,1,0.4171378016471863,0.45294126868247986,-27.45281982421875,107.83769226074219,28.6079158782959,1,4.974678993225098,30.358108520507812,644.5617065429688,0.4908400774002075,0.4430519938468933,0.440306693315506,1,-61.678531646728516,32.523372650146484,644.9660034179688,0.6297028064727783,0.43848687410354614,0.447762668132782,60962454830,2058652444
0,0,1,2.209503173828125,1,2.3608245849609375,1,0.4782901406288147,0.42161300778388977,-6.364163875579834,113.54827117919922,30.686437606811523,1,0.4214012920856476,0.46293574571609497,-25.982526779174805,106.015869140625,27.944889068603516,1,4.957824230194092,30.350603103637695,644.5736083984375,0.4908754527568817,0.4430689811706543,0.44033122062683105,1,-61.6907844543457,32.51786422729492,644.9390869140625,0.6297343373298645,0.43849456310272217,0.44770628213882446,60962463162,2058660777
0,0,1,2.2104339599609375,1,2.3654937744140625,1,0.4748568534851074,0.43738433718681335,-7.548153400421143,110.6734619140625,29.64002227783203,1,0.40921932458877563,0.4615841209888458,-30.18354034423828,106.2622299194336,28.034547805786133,1,4.940296649932861,30.3444881439209,644.65478515625,0.4909135103225708,0.4430921673774719,0.440506249666214,1,-61.70726776123047,32.51665496826172,644.854736328125,0.6297875642776489,0.4384855031967163,0.44752728939056396,60962471494,2058669111
0,0,1,2.19891357421875,1,2.3441314697265625,1,0.46250227093696594,0.421130508184433,-11.808686256408691,113.63621520996094,30.71845817565918,1,0.41620951890945435,0.43004804849624634,-27.772933959960938,112.01072692871094,30.126758575439453,1,4.928357124328613,30.349777221679688,644.619873046875,0.4909377992153168,0.4430766999721527,0.44043102860450745,1,-61.729530334472656,32.52662658691406,644.9443359375,0.629813551902771,0.4384770393371582,0.447726845741272,60962479826,2058677444
0,0,1,2.1800384521484375,1,2.3884429931640625,1,0.46599239110946655,0.4156055152416229,-10.605093002319336,114.64330291748047,31.085039138793945,1,0.43367207050323486,0.4713898003101349,-21.75088119506836,104.47486877441406,27.38392448425293,1,4.915781497955322,30.330318450927734,644.5973510742188,0.4909636676311493,0.4431140720844269,0.44037926197052,1,-61.73814392089844,32.50913619995117,644.8489379882812,0.6298530697822571,0.4385002553462982,0.447519987821579,60962488158,2058685777
0,0,1,2.2143096923828125,1,2.3802032470703125,1,0.47508659958839417,0.44010457396507263,-7.4689178466796875,110.17757415771484,29.459638595581055,1,0.4403066337108612,0.4508136510848999,-19.46294403076172,108.22550201416016,28.7491512298584,1,4.903130054473877,30.339630126953125,644.5745239257812,0.490989625453949,0.4430917799472809,0.44033083319664,1,-61.75736999511719,32.51371765136719,644.8687744140625,0.6298885345458984,0.43849343061447144,0.44756749272346497,60962496491,2058694111
0,0,1,2.2158203125,1,2.3779296875,1,0.46598345041275024,0.4422436058521271,-10.608181953430176,109.78768920898438,29.317672729492188,1,0.4265788495540619,0.4517666697502136,-24.197052001953125,108.05181884765625,28.685832977294922,1,4.884618759155273,30.335939407348633,644.540283203125,0.49102771282196045,0.443094938993454,0.440255731344223,1,-61.74860763549805,32.49980926513672,644.7999877929688,0.6298858523368835,0.4385128617286682,0.44741517305374146,60962504822,2058702444
0,0,1,2.1821441650390625,1,2.3673248291015625,1,0.4547245502471924,0.4493354558944702,-14.490867614746094,108.4949722290039,28.847171783447266,1,0.38106778264045715,0.44084399938583374,-39.891719818115234,110.04278564453125,29.410602569580078,1,4.806513786315918,30.364948272705078,644.6328735351562,0.4911922812461853,0.4430467188358307,0.440459281206131,1,-61.795833587646484,32.491424560546875,644.675048828125,0.6300120949745178,0.43851304054260254,0.447153776884079,60962513154,2058710777
0,0,1,2.2325439453125,1,2.416717529296875,1,0.3746005892753601,0.43337810039520264,-42.121971130371094,111.40370178222656,29.90587615966797,1,0.3165304362773895,0.42267906665802,-62.14771270751953,113.35395812988281,30.615657806396484,1,4.595693111419678,30.42156982421875,644.6341552734375,0.4916321635246277,0.44292911887168884,0.44046658277511597,1,-62.00037384033203,32.53106689453125,645.07958984375,0.6303459405899048,0.4384857714176178,0.44807499647140503,60962521486,2058719111
0,0,1,2.205169677734375,1,2.365020751953125,1,0.31982746720314026,0.4019296169281006,-61.010719299316406,117.13619995117188,31.992332458496094,1,0.23249855637550354,0.37796440720558167,-91.12645721435547,121.50463104248047,33.58225631713867,1,4.332339286804199,30.440011978149414,644.70654296875,0.4921828806400299,0.44289982318878174,0.4406222105026245,1,-62.20832061767578,32.53730773925781,645.3445434570312,0.630717933177948,0.43850868940353394,0.44869092106819153,60962529818,2058727444
0,0,1,2.2299346923828125,1,2.38629150390625,1,0.27318745851516724,0.38729193806648254,-77.0947265625,119.80437469482422,32.9634895324707,1,0.21339115500450134,0.3877396881580353,-97.71574401855469,119.72277069091797,32.933753967285156,1,4.124546527862549,30.470285415649414,644.6498413085938,0.49261561036109924,0.44282934069633484,0.440500408411026,1,-62.35075759887695,32.543128967285156,645.164794921875,0.6310544013977051,0.4384717345237732,0.44833293557167053,60962538150,2058735777
0,0,1,2.2570343017578125,1,2.3816070556640625,1,0.26521870493888855,0.3987579643726349,-79.84278869628906,117.71434020996094,32.20273971557617,1,0.1754155457019806,0.396249383687973,-110.8117904663086,118.1716079711914,32.36916732788086,1,4.027861595153809,30.494186401367188,644.8914794921875,0.4928208589553833,0.44281110167503357,0.441026508808136,1,-62.41566848754883,32.55010986328125,645.4578247070312,0.6311227083206177,0.43849724531173706,0.44898006319999695,60962546482,2058744111
0,0,1,2.19439697265625,1,2.354156494140625,1,0.25968557596206665,0.35779452323913574,-81.75090789794922,125.1812515258789,34.92048263549805,1,0.17802239954471588,0.3809221684932709,-109.91281127929688,120.96546173095703,33.38610076904297,1,4.015110969543457,30.495136260986328,644.8917236328125,0.49284741282463074,0.44280916452407837,0.44102704524993896,1,-62.41824722290039,32.535648345947266,645.31640625,0.6311601400375366,0.4385078549385071,0.44867315888404846,60962554814,2058752444
0,0,1,2.207244873046875,1,2.3831024169921875,1,0.2686949074268341,0.3776990473270416,-78.64400482177734,121.55301666259766,33.599876403808594,1,0.1804046481847763,0.3957139253616333,-109.0912857055664,118.26923370361328,32.4046516418457,1,4.017982482910156,30.492053985595703,644.857421875,0.492840975522995,0.4428110718727112,0.44095221161842346,1,-62.41184997558594,32.51600646972656,645.15478515625,0.6311836242675781,0.4385264217853546,0.44832006096839905,60962563145,2058760777
0,0,1,2.25732421875,1,2.384552001953125,1,0.2667207717895508,0.3889671862125397,-79.32478332519531,119.49901580810547,32.852325439453125,1,0.17811310291290283,0.41312533617019653,-109.88152313232422,115.0954360961914,31.249492645263672,1,4.008735179901123,30.48887062072754,644.8687744140625,0.4928604066371918,0.44281908869743347,0.4409763514995575,1,-62.45945739746094,32.514015197753906,645.3441162109375,0.6312395334243774,0.43855634331703186,0.44873857498168945,60962571482,2058769115
0,0,1,2.272216796875,1,2.3809661865234375,1,0.2643256187438965,0.3931844234466553,-80.15076446533203,118.73027801513672,32.57253646850586,1,0.18616604804992676,0.39922717213630676,-107.10444641113281,117.62879180908203,32.17167282104492,1,3.9961159229278564,30.4813232421875,644.8228759765625,0.4928860664367676,0.4428287744522095,0.44087550044059753,1,-62.48101806640625,32.489707946777344,645.3270263671875,0.6312882900238037,0.43860429525375366,0.4487026035785675,60962579813,2058777448
0,0,1,2.243255615234375,1,2.37603759765625,1,0.25846534967422485,0.3783743679523468,-82.17171478271484,121.4299087524414,33.55512619018555,1,0.1868017464876175,0.4229660630226135,-106.88522338867188,113.30164337158203,30.596643447875977,1,3.9870858192443848,30.477859497070312,644.7774047851562,0.49290430545806885,0.442829966545105,0.4407762587070465,1,-62.4991569519043,32.479286193847656,645.3489379882812,0.6313210129737854,0.43862882256507874,0.448752224445343,60962588145,2058785781
0,0,1,2.249053955078125,1,2.3485870361328125,1,0.2699878215789795,0.3857192099094391,-78.19813537597656,120.09107971191406,33.06781005859375,1,0.1709231585264206,0.378130167722702,-112.36101531982422,121.47443389892578,33.57124710083008,1,3.9819602966308594,30.47516632080078,644.75439453125,0.49291467666625977,0.4428325295448303,0.44072583317756653,1,-62.52365493774414,32.47802734375,645.437255859375,0.6313517689704895,0.4386434257030487,0.44894781708717346,60962596478,2058794115
0,0,1,2.2212982177734375,1,2.3996734619140625,1,0.2670712172985077,0.37344369292259216,-79.20393371582031,122.32868194580078,33.88220977783203,1,0.2008071392774582,0.4253653883934021,-102.0553970336914,112.86428833007812,30.437471389770508,1,3.977745771408081,30.46869468688965,644.742919921875,0.4929232895374298,0.4428444802761078,0.44070011377334595,1,-62.52713394165039,32.456085205078125,645.2958984375,0.6313912272453308,0.4386695921421051,0.4486401081085205,60962604809,2058802448
0,0,1,2.2334747314453125,1,2.3690338134765625,1,0.2643362879753113,0.3732355535030365,-80.14707946777344,122.36661529541016,33.89603805541992,1,0.19056232273578644,0.3942538797855377,-105.58836364746094,118.53534698486328,32.50160217285156,1,3.975778818130493,30.464235305786133,644.7313842773438,0.492927223443985,0.4428522288799286,0.44067448377609253,1,-62.54219055175781,32.462318420410156,645.4219970703125,0.6313938498497009,0.43867385387420654,0.448916494846344,60962613140,2058810781
0,0,1,2.267303466796875,1,2.35174560546875,1,0.26895052194595337,0.3999447226524353,-78.55586242675781,117.49803161621094,32.123985290527344,1,0.18081504106521606,0.3876005709171295,-108.94975280761719,119.7481460571289,32.94298553466797,1,3.97636079788208,30.463516235351562,644.7200317382812,0.49292588233947754,0.4428522288799286,0.44064968824386597,1,-62.54503631591797,32.46518325805664,645.4911499023438,0.6313839554786682,0.4386773407459259,0.449066698551178,60962621472,2058819114
0,0,1,2.256988525390625,1,2.398681640625,1,0.25820425152778625,0.4045558571815491,-82.26174926757812,116.65747833251953,31.818096160888672,1,0.1915970742702484,0.4201047420501709,-105.23152923583984,113.82323455810547,30.78644371032715,1,3.975830554962158,30.457691192626953,644.7090454101562,0.49292680621147156,0.442862868309021,0.4406251311302185,1,-62.533912658691406,32.45607376098633,645.4354858398438,0.6313735842704773,0.4386886656284332,0.4489428997039795,60962629804,2058827448
0,0,1,2.2437744140625,1,2.3792572021484375,1,0.2634972631931305,0.3948776125907898,-80.4364242553711,118.42166137695312,32.46019744873047,1,0.192335307598114,0.42787662148475647,-104.97693634033203,112.40653991699219,30.27083969116211,1,3.9784016609191895,30.45958137512207,644.731689453125,0.49292176961898804,0.4428618848323822,0.44067448377609253,1,-62.54118347167969,32.4688606262207,645.4923095703125,0.6313757300376892,0.438669890165329,0.44906893372535706,60962638136,2058835781
0,0,1,2.2809906005859375,1,2.3448028564453125,1,0.2717128396034241,0.4157572090625763,-77.60325622558594,114.61568450927734,31.074926376342773,1,0.17401963472366333,0.3943977653980255,-111.29318237304688,118.50911712646484,32.49201965332031,1,3.979119300842285,30.44735336303711,644.720458984375,0.4929201602935791,0.44288575649261475,0.44064849615097046,1,-62.541072845458984,32.46896743774414,645.527099609375,0.6313676238059998,0.4386744201183319,0.44914403557777405,60962646469,2058844115
0,0,1,2.2328338623046875,1,2.329345703125,1,0.26732268929481506,0.38332900404930115,-79.1172103881836,120.5267562866211,33.226375579833984,1,0.16390040516853333,0.40808525681495667,-114.7828369140625,116.0141372680664,31.583906173706055,1,3.9849088191986084,30.458539962768555,644.7549438476562,0.4929085075855255,0.44286710023880005,0.4407249093055725,1,-62.530799865722656,32.47760772705078,645.4594116210938,0.6313616037368774,0.4386473000049591,0.44899702072143555,60962654799,2058852448
0,0,1,2.1965484619140625,1,2.3739166259765625,1,0.26926806569099426,0.35911107063293457,-78.44634246826172,124.94127655029297,34.83309555053711,1,0.17304427921772003,0.4107048213481903,-111.62953186035156,115.53665161132812,31.41010284423828,1,3.989530324935913,30.464109420776367,644.7890625,0.4928993880748749,0.4428599774837494,0.440799742937088,1,-62.52357482910156,32.47944259643555,645.4022216796875,0.6313596367835999,0.4386357367038727,0.44887229800224304,60962663131,2058860781
0,0,1,2.2254638671875,1,2.36798095703125,1,0.260165274143219,0.3729572296142578,-81.58549499511719,122.41735076904297,33.91450119018555,1,0.1849694848060608,0.4110535681247711,-107.51708221435547,115.47308349609375,31.38695526123047,1,3.997220993041992,30.4718074798584,644.8349609375,0.4928840100765228,0.4428500235080719,0.44090044498443604,1,-62.50812530517578,32.48261260986328,645.2991943359375,0.6313508749008179,0.4386151432991028,0.448647141456604,60962671463,2058869115
0,0,1,2.2528839111328125,1,2.3494720458984375,1,0.27407971024513245,0.3965948820114136,-76.78703308105469,118.10863494873047,32.346229553222656,1,0.17334230244159698,0.40932849049568176,-111.52676391601562,115.78753662109375,31.501399993896484,1,4.005740165710449,30.484426498413086,644.91455078125,0.49286729097366333,0.4428342580795288,0.441074937582016,1,-62.49565887451172,32.50133514404297,645.3016357421875,0.6313244104385376,0.43857669830322266,0.448652446269989,60962679795,2058877448
0,0,1,2.22723388671875,1,2.35028076171875,1,0.2742452025413513,0.3741358816623688,-76.72996520996094,122.20249938964844,33.83629608154297,1,0.16124992072582245,0.3916648328304291,-115.69686889648438,119.0073013305664,32.673282623291016,1,4.012845039367676,30.494735717773438,644.97216796875,0.4928532540798187,0.44282039999961853,0.44120150804519653,1,-62.487667083740234,32.517738342285156,645.3500366210938,0.6312967538833618,0.43854936957359314,0.44875767827033997,60962688127,2058885781
0,0,1,2.245849609375,1,2.3480682373046875,1,0.2641305923461914,0.38865169882774353,-80.21802520751953,119.55652618408203,32.873252868652344,1,0.17598365247249603,0.39622020721435547,-110.61588287353516,118.17692565917969,32.37112808227539,1,4.015425682067871,30.501602172851562,644.9947509765625,0.4928482472896576,0.44280916452407837,0.44125139713287354,1,-62.48101043701172,32.54130172729492,645.4334716796875,0.6312638521194458,0.43851202726364136,0.44893985986709595,60962696459,2058894115
0,0,1,2.208984375,1,2.3356475830078125,1,0.26570799946784973,0.37704744935035706,-79.6740493774414,121.67176818847656,33.643165588378906,1,0.17924284934997559,0.39174455404281616,-109.49192810058594,118.99272918701172,32.66809844970703,1,4.021873474121094,30.507408142089844,645.017822265625,0.49283507466316223,0.4428001344203949,0.4413023591041565,1,-62.48683166503906,32.56521224975586,645.5955200195312,0.631239116191864,0.4384846091270447,0.44929438829421997,60962704793,2058902451
0,0,1,2.2187652587890625,1,2.3673858642578125,1,0.2665275037288666,0.3807084858417511,-79.39143371582031,121.0044174194336,33.400291442871094,1,0.1698785275220871,0.396738737821579,-112.72126007080078,118.08238983154297,32.336734771728516,1,4.02640438079834,30.510257720947266,645.006103515625,0.4928254783153534,0.44279274344444275,0.441277414560318,1,-62.486446380615234,32.58190155029297,645.6666259765625,0.631222128868103,0.4384597837924957,0.44945016503334045,60962713124,2058910784
0,0,1,2.2225341796875,1,2.33160400390625,1,0.27600279450416565,0.36250126361846924,-76.12384796142578,124.32328796386719,34.608211517333984,1,0.18344828486442566,0.37703007459640503,-108.04166412353516,121.67491149902344,33.644325256347656,1,4.0302734375,30.516498565673828,645.00634765625,0.49281740188598633,0.4427798390388489,0.441278874874115,1,-62.485992431640625,32.607879638671875,645.7723388671875,0.6311970949172974,0.43842044472694397,0.4496820867061615,60962721457,2058919118
0,0,1,2.22662353515625,1,2.3293914794921875,1,0.26866230368614197,0.35716137290000916,-78.65524291992188,125.29666900634766,34.96245574951172,1,0.16408683359622955,0.3922712206840515,-114.71855163574219,118.89674377441406,32.633121490478516,1,4.012750625610352,30.515300750732422,645.0294189453125,0.4928542971611023,0.4427853226661682,0.4413284957408905,1,-62.50617218017578,32.601463317871094,645.662353515625,0.6312639117240906,0.4384186565876007,0.449447900056839,60962729788,2058927451
0,0,1,2.163909912109375,1,2.3293609619140625,1,0.22803175449371338,0.3629067540168762,-92.6668701171875,124.24935913085938,34.58134841918945,1,0.11807465553283691,0.4231029748916626,-130.5860595703125,113.27667236328125,30.587587356567383,1,3.852755546569824,30.495967864990234,644.9043579101562,0.49318626523017883,0.44280874729156494,0.44105252623558044,1,-62.63041687011719,32.564613342285156,645.791015625,0.6314926743507385,0.43851223587989807,0.4497460424900055,60962738120,2058935784
0,0,1,2.24298095703125,1,2.3258056640625,1,0.1600555032491684,0.426668256521225,-116.10877227783203,112.62677001953125,30.351064682006836,1,0.06602862477302551,0.46373993158340454,-148.5343475341797,105.86927032470703,27.89153480529785,1,3.6106605529785156,30.495140075683594,645.044189453125,0.493693083524704,0.4428282082080841,0.44135263562202454,1,-62.80157470703125,32.520362854003906,646.0299072265625,0.6317935585975647,0.4386361241340637,0.45029109716415405,60962746451,2058944118
0,0,1,2.1830902099609375,1,2.410491943359375,1,0.0981096401810646,0.4273321330547333,-137.47105407714844,112.50577545166016,30.30698585510254,1,0.043685246258974075,0.5118999481201172,-156.23956298828125,97.090576171875,24.696273803710938,1,3.3770828247070312,30.47524642944336,645.1158447265625,0.49418115615844727,0.44287821650505066,0.44150272011756897,1,-62.9541015625,32.51588439941406,646.4476318359375,0.6320145130157471,0.43870192766189575,0.451224148273468,60962754783,2058952451
0,0,1,2.2156829833984375,1,2.339996337890625,1,0.0923997238278389,0.4385226368904114,-139.44017028808594,110.46593475341797,29.564598083496094,1,0.0060141016729176044,0.4906289577484131,-169.23062133789062,100.9678955078125,26.10755157470703,1,3.233593225479126,30.46664810180664,645.104736328125,0.4944802224636078,0.44289430975914,0.44147589802742004,1,-63.01652526855469,32.48686218261719,646.48193359375,0.6321362257003784,0.4387664794921875,0.4513072073459625,60962763114,2058960784
0,0,1,2.2093658447265625,1,2.3693084716796875,1,0.09547651559114456,0.4378710687160492,-138.37911987304688,110.58473205566406,29.607763290405273,1,0.0027072334196418524,0.5052257776260376,-170.3710174560547,98.30713653564453,25.13915252685547,1,3.200969696044922,30.466886520385742,645.1507568359375,0.4945487976074219,0.4428996741771698,0.44157543778419495,1,-63.03847885131836,32.478797912597656,646.4782104492188,0.6321825981140137,0.43878257274627686,0.45130255818367004,60962771447,2058969118
0,0,1,2.27203369140625,1,2.347747802734375,1,0.09593915194272995,0.46436914801597595,-138.21957397460938,105.75458526611328,27.84976577758789,1,-0.005785892251878977,0.5033344626426697,-173.29989624023438,98.65191650390625,25.264585494995117,1,3.2008254528045654,30.460830688476562,645.151123046875,0.49454912543296814,0.4429123103618622,0.44157543778419495,1,-63.04065704345703,32.45829391479492,646.4649658203125,0.6321901679039001,0.4388231933116913,0.45127153396606445,60962779778,2058977451
0,0,1,2.1804656982421875,1,2.3161163330078125,1,0.0847228392958641,0.4309391677379608,-142.0875701904297,111.84827423095703,30.067686080932617,1,0.005519665777683258,0.5043094754219055,-169.401123046875,98.47417449951172,25.199913024902344,1,3.1912589073181152,30.451845169067383,645.116943359375,0.49456870555877686,0.44292640686035156,0.4414999186992645,1,-63.07884979248047,32.45423889160156,646.65771484375,0.6322253346443176,0.43885764479637146,0.451695054769516,60962788110,2058985784
0,0,1,2.2033233642578125,1,2.3750152587890625,1,0.08198749274015427,0.4108348786830902,-143.03085327148438,115.51293182373047,31.401498794555664,1,0.018520576879382133,0.527549147605896,-164.91770935058594,94.2380142211914,23.658071517944336,1,3.174260139465332,30.424938201904297,645.0827026367188,0.49460381269454956,0.4429776668548584,0.441421777009964,1,-63.09039306640625,32.42280960083008,646.4784545898438,0.6322903633117676,0.4388982355594635,0.45130589604377747,60962796442,2058994117
0,0,1,2.1751251220703125,1,2.360992431640625,1,0.0749015063047409,0.39599674940109253,-145.4744873046875,118.21764373779297,32.38593673706055,1,0.015007681213319302,0.5173416137695312,-166.12913513183594,96.09864807128906,24.335315704345703,1,3.158416509628296,30.447507858276367,645.0252075195312,0.4946361184120178,0.4429234266281128,0.4412999749183655,1,-63.10313415527344,32.42417907714844,646.3942260742188,0.6323359608650208,0.4388839602470398,0.45112690329551697,60962804776,2059002451
0,0,1,2.1715087890625,1,2.3187255859375,1,0.09108211100101471,0.42196524143218994,-139.89454650878906,113.48406219482422,30.663034439086914,1,0.0013291252544149756,0.4905233085155487,-170.84625244140625,100.98712921142578,26.114641189575195,1,3.1445870399475098,30.429868698120117,644.979736328125,0.4946645498275757,0.44295400381088257,0.4411987364292145,1,-63.11534881591797,32.40377426147461,646.2969970703125,0.6323835849761963,0.43891289830207825,0.45091670751571655,60962813109,2059010784
0,0,1,2.1908721923828125,1,2.3668060302734375,1,0.07234985381364822,0.4283227026462555,-146.3544464111328,112.32521057128906,30.241281509399414,1,0.018779883161187172,0.5161495804786682,-164.8282928466797,96.31592559814453,24.414382934570312,1,3.1284384727478027,30.440093994140625,644.8993530273438,0.4946972727775574,0.4429223835468292,0.44102558493614197,1,-63.13087463378906,32.40367889404297,646.1064453125,0.6324593424797058,0.43888717889785767,0.4505084455013275,60962821442,2059019117
0,0,1,2.2146453857421875,1,2.3433990478515625,1,0.07192634791135788,0.44376304745674133,-146.50050354003906,109.51073455810547,29.216827392578125,1,0.023064544424414635,0.4965372681617737,-163.35072326660156,99.89093017578125,25.71552848815918,1,3.1124541759490967,30.438831329345703,644.841796875,0.49473005533218384,0.44291749596595764,0.4409003257751465,1,-63.14031982421875,32.3909912109375,645.9984741210938,0.6325036883354187,0.4388987421989441,0.4502754509449005,60962829776,2059027451
0,0,1,2.20208740234375,1,2.32598876953125,1,0.07872047275304794,0.42541345953941345,-144.1575164794922,112.85552978515625,30.43425750732422,1,0.022421950474381447,0.5085982084274292,-163.57229614257812,97.69241333007812,24.91536521911621,1,3.095546245574951,30.422239303588867,644.80810546875,0.4947649836540222,0.4429474472999573,0.44082483649253845,1,-63.14185333251953,32.375633239746094,645.9166870117188,0.632525622844696,0.43891942501068115,0.450096994638443,60962838108,2059035784
0,0,1,2.1934356689453125,1,2.324859619140625,1,0.07860545068979263,0.43166834115982056,-144.1971893310547,111.71538543701172,30.01927947998047,1,0.021973848342895508,0.519363522529602,-163.72682189941406,95.73007202148438,24.201187133789062,1,3.084606885910034,30.444717407226562,644.8536376953125,0.49478819966316223,0.44290676712989807,0.4409264624118805,1,-63.163055419921875,32.38864517211914,646.0413208007812,0.6325410008430481,0.4389093816280365,0.45037245750427246,60962846441,2059044117
0,0,1,2.2015228271484375,1,2.3270721435546875,1,0.08240199834108353,0.44283634424209595,-142.88792419433594,109.67962646484375,29.278371810913086,1,0.02082119509577751,0.48226889967918396,-164.12432861328125,102.49177551269531,26.662206649780273,1,3.073397636413574,30.437335968017578,644.8302612304688,0.49481141567230225,0.4429190456867218,0.44087472558021545,1,-63.17112731933594,32.37236022949219,646.0286865234375,0.6325607299804688,0.4389413297176361,0.450344443321228,60962854775,2059052451
0,0,1,2.2286529541015625,1,2.3207244873046875,1,0.0762636587023735,0.4434545934200287,-145.0047607421875,109.56693267822266,29.237361907958984,1,0.030206900089979172,0.48918747901916504,-160.88763427734375,101.23068237304688,26.2031192779541,1,3.0648694038391113,30.443286895751953,644.8306884765625,0.49482911825180054,0.4429067373275757,0.44087642431259155,1,-63.1854248046875,32.37324523925781,646.049560546875,0.6325855851173401,0.4389422833919525,0.4503927528858185,60962863108,2059060784
0,0,1,2.2218780517578125,1,2.311981201171875,1,0.07931173592805862,0.4503268897533417,-143.95361328125,108.31423950195312,28.78139877319336,1,0.01731094717979431,0.4863922595977783,-165.3348388671875,101.74018096923828,26.388586044311523,1,3.059396266937256,30.442745208740234,644.8419189453125,0.49484068155288696,0.44290927052497864,0.440900593996048,1,-63.20415115356445,32.37055206298828,646.1397094726562,0.6326038241386414,0.43896007537841797,0.4505908489227295,60962871441,2059069117
0,0,1,2.2266387939453125,1,2.290435791015625,1,0.07546626031398773,0.4635327160358429,-145.2797393798828,105.90706634521484,27.905241012573242,1,0.012820597738027573,0.4848586618900299,-166.88336181640625,102.01972961425781,26.49032974243164,1,3.0530104637145996,30.43145751953125,644.7960205078125,0.49485355615615845,0.44292667508125305,0.440799355506897,1,-63.2184944152832,32.36898422241211,646.2205810546875,0.6326150298118591,0.4389742612838745,0.45076823234558105,60962879775,2059077451
0,0,1,2.2515411376953125,1,2.3594970703125,1,0.0710599422454834,0.4657328426837921,-146.7992706298828,105.5060043334961,27.75926971435547,1,0.056475911289453506,0.49237337708473206,-151.82864379882812,100.64993286132812,25.991819381713867,1,3.051926851272583,30.41846466064453,644.8196411132812,0.4948561191558838,0.4429566562175751,0.44084882736206055,1,-63.217437744140625,32.357749938964844,646.17236328125,0.6326238512992859,0.4389909505844116,0.45066237449645996,60962888107,2059085784
0,0,1,2.195281982421875,1,2.30706787109375,1,0.07182539254426956,0.40945807099342346,-146.53530883789062,115.76390075683594,31.492874145507812,1,0.029980383813381195,0.46249523758888245,-160.9657440185547,106.09616088867188,27.97410774230957,1,3.0506181716918945,30.408180236816406,644.8195190429688,0.4948588013648987,0.4429779648780823,0.440847247838974,1,-63.21940612792969,32.35155487060547,646.1371459960938,0.6326360702514648,0.4389989972114563,0.45058581233024597,60962896440,2059094117
0,0,1,2.258880615234375,1,2.3133544921875,1,0.09245134890079498,0.4699293076992035,-139.42236328125,104.74105834960938,27.48089599609375,1,0.02444581501185894,0.4738602340221405,-162.87435913085938,104.0245361328125,27.220075607299805,1,3.0500869750976562,30.407958984375,644.8310546875,0.49486008286476135,0.4429799020290375,0.4408721923828125,1,-63.220069885253906,32.35279846191406,646.1254272460938,0.6326401829719543,0.43899479508399963,0.45056086778640747,60962904774,2059102451
0,0,1,2.20880126953125,1,2.290374755859375,1,0.08019410073757172,0.4353010654449463,-143.64932250976562,111.05316162109375,29.778310775756836,1,0.01793977990746498,0.4688265025615692,-165.1179962158203,104.9421157836914,27.55398941040039,1,3.054507255554199,30.384916305541992,644.8656005859375,0.4948512613773346,0.44303208589553833,0.440944105386734,1,-63.21685791015625,32.33400344848633,646.0787963867188,0.6326442360877991,0.4390273690223694,0.450456827878952,60962913107,2059110784
0,0,1,2.23089599609375,1,2.2884979248046875,1,0.07874668389558792,0.4137983024120331,-144.14846801757812,114.97276306152344,31.204872131347656,1,0.027341391891241074,0.48585501313209534,-161.8758087158203,101.83812713623047,26.424217224121094,1,3.0624101161956787,30.369853973388672,644.85400390625,0.49483469128608704,0.44306182861328125,0.44091689586639404,1,-63.21467590332031,32.32777404785156,646.0552978515625,0.6326450705528259,0.4390370547771454,0.45040470361709595,60962921440,2059119117
0,0,1,2.2298583984375,1,2.3380584716796875,1,0.07866641879081726,0.42934954166412354,-144.17616271972656,112.13805389404297,30.173118591308594,1,0.05338442325592041,0.5042888522148132,-152.89476013183594,98.47795867919922,25.20127296447754,1,3.0682132244110107,30.368743896484375,644.8885498046875,0.49482297897338867,0.44306856393814087,0.44099172949790955,1,-63.217491149902344,32.3521614074707,646.1725463867188,0.6326239705085754,0.43900254368782043,0.45066195726394653,60962929773,2059127451
0,0,1,2.239654541015625,0,nan,1,0.06426870822906494,0.43458837270736694,-149.14126586914062,111.18309783935547,29.825563430786133,0,nan,nan,nan,nan,nan,1,3.0047683715820312,30.353290557861328,644.9349365234375,0.494955837726593,0.4431065022945404,0.4410896599292755,1,-63.90650177001953,33.30699157714844,662.0126953125,0.6304795742034912,0.43917223811149597,0.48514431715011597,60962938106,2059135784
0,0,1,2.208251953125,1,2.300628662109375,1,0.04083379730582237,0.4133680462837219,-157.22288513183594,115.05116271972656,31.233469009399414,1,-0.009772376157343388,0.47884005308151245,-174.6746368408203,103.11678314208984,26.889694213867188,1,2.9516031742095947,30.365741729736328,644.9471435546875,0.4950668215751648,0.44308221340179443,0.44111740589141846,1,-63.424217224121094,32.582183837890625,650.3477783203125,0.6320991516113281,0.4390925168991089,0.4597528874874115,60962946439,2059144117
0,0,1,2.2199249267578125,1,2.3432464599609375,1,0.04393712803721428,0.40112432837486267,-156.15269470214844,117.28300476074219,32.04572677612305,1,-0.010142157785594463,0.4902343153953552,-174.8021697998047,101.03983306884766,26.13372802734375,1,2.93353271484375,30.372344970703125,644.9580078125,0.49510467052459717,0.4430699050426483,0.4411415457725525,1,-63.41412353515625,32.58734130859375,650.3162841796875,0.6320854425430298,0.4390777051448822,0.45968350768089294,60962954773,2059152451
0,0,1,2.21234130859375,1,2.3128509521484375,1,0.03775538131594658,0.4117004871368408,-158.28451538085938,115.35514831542969,31.344087600708008,1,0.0009582681232132018,0.4832508862018585,-170.97415161132812,102.31278228759766,26.59703826904297,1,2.9510087966918945,30.372047424316406,644.9584350585938,0.49506819248199463,0.44307056069374084,0.44114261865615845,1,-63.396278381347656,32.58803176879883,650.1890869140625,0.6320775151252747,0.43905919790267944,0.45940524339675903,60962963112,2059160790
0,0,1,2.2082977294921875,1,2.355316162109375,1,0.03483996540307999,0.42357680201530457,-159.28990173339844,113.19031524658203,30.556135177612305,1,-0.0018375199288129807,0.4945092797279358,-171.93829345703125,100.26056671142578,25.850141525268555,1,2.9743926525115967,30.378692626953125,645.0147705078125,0.49501997232437134,0.4430641829967499,0.4412660002708435,1,-63.37821960449219,32.58908462524414,650.0858764648438,0.6320636868476868,0.4390431344509125,0.45917874574661255,60962971445,2059169123
0,0,1,2.2688446044921875,1,2.3255615234375,1,0.05195317044854164,0.4389860928058624,-153.38833618164062,110.38147735595703,29.533788681030273,1,-0.005583043675869703,0.4932692050933838,-173.22994995117188,100.48663330078125,25.932353973388672,1,2.9922640323638916,30.366886138916016,644.9581298828125,0.49498215317726135,0.4430813193321228,0.44114166498184204,1,-63.36521911621094,32.597206115722656,650.1377563476562,0.6320251822471619,0.4390334188938141,0.4592892825603485,60962979778,2059177457
0,0,1,2.2215423583984375,1,2.331329345703125,1,0.04297695308923721,0.4150519371032715,-156.48382568359375,114.74425506591797,31.121686935424805,1,-0.008146561682224274,0.48227620124816895,-174.11399841308594,102.4904556274414,26.66169548034668,1,3.0155959129333496,30.372217178344727,644.9463500976562,0.4949333667755127,0.44306880235671997,0.44111713767051697,1,-63.35508346557617,32.60916519165039,650.261474609375,0.6319762468338013,0.43902555108070374,0.459555983543396,60962988111,2059185790
0,0,1,2.213836669921875,1,2.32470703125,1,0.03057824820280075,0.42528748512268066,-160.75958251953125,112.87848663330078,30.442617416381836,1,-0.008618785999715328,0.47591647505760193,-174.27684020996094,103.64971160888672,27.08367347717285,1,3.038142204284668,30.377784729003906,644.9459228515625,0.49488627910614014,0.44305723905563354,0.44111713767051697,1,-63.32276153564453,32.6119384765625,650.1714477539062,0.6319301128387451,0.43900781869888306,0.45935535430908203,60962996444,2059194123
0,0,1,2.2314453125,1,2.34808349609375,1,0.029039064422249794,0.40403005480766296,-161.29037475585938,116.75334167480469,31.85297203063965,1,-0.0007946945843286812,0.4908086359500885,-171.57867431640625,100.9351577758789,26.09557342529297,1,3.0617876052856445,30.373109817504883,644.9458618164062,0.4948369562625885,0.4430669844150543,0.441116601228714,1,-63.29692840576172,32.62310791015625,650.1156616210938,0.6318895220756531,0.43897736072540283,0.45923104882240295,60963004778,2059202457
0,0,1,2.209808349609375,1,2.316741943359375,1,0.0348069965839386,0.4080711007118225,-159.30125427246094,116.0167007446289,31.584917068481445,1,-0.008915789425373077,0.4839036762714386,-174.37925720214844,102.19380950927734,26.55372428894043,1,3.089904308319092,30.366567611694336,645.0032958984375,0.49477896094322205,0.4430880546569824,0.44124066829681396,1,-63.13709259033203,32.36801528930664,645.2132568359375,0.6326770782470703,0.4388394355773926,0.44857603311538696,60963013111,2059210790
0,0,1,2.2448577880859375,1,2.2923431396484375,1,0.04041844606399536,0.41457852721214294,-157.3661346435547,114.83052825927734,31.15313720703125,1,-0.01509274821728468,0.49618542194366455,-176.50941467285156,99.95504760742188,25.73893165588379,1,3.116304636001587,30.34881019592285,644.9459838867188,0.49472329020500183,0.4431174099445343,0.441114217042923,1,-63.299476623535156,32.680137634277344,650.9368286132812,0.6317089200019836,0.4389709234237671,0.46101272106170654,60963021443,2059219123
0,0,1,2.2261810302734375,1,2.3550262451171875,1,0.040888965129852295,0.3955232799053192,-157.20388793945312,118.30397033691406,32.41733169555664,1,0.004323448985815048,0.4854161739349365,-169.8136444091797,101.91807556152344,26.45340347290039,1,3.148359775543213,30.32818031311035,644.957275390625,0.49465659260749817,0.44316163659095764,0.44113609194755554,1,-63.28422164916992,32.67241668701172,650.9486083984375,0.6316750049591064,0.4389883875846863,0.46103397011756897,60963029777,2059227457
0,0,1,2.21282958984375,1,2.3404998779296875,1,0.041515812277793884,0.3905424475669861,-156.98770141601562,119.21186828613281,32.74781036376953,1,-0.002883389825001359,0.4600955843925476,-172.29896545410156,106.5335922241211,28.13328742980957,1,3.1736578941345215,30.309417724609375,645.0260009765625,0.4946046769618988,0.4432094395160675,0.4412829875946045,1,-63.265235900878906,32.65685272216797,650.9615478515625,0.6316330432891846,0.43902212381362915,0.461055725812912,60963038110,2059235790
0,0,1,2.225830078125,1,2.3009033203125,1,0.047320012003183365,0.4158446192741394,-154.986083984375,114.59973907470703,31.069137573242188,1,-0.00038077254430390894,0.4838123619556427,-171.43592834472656,102.2104263305664,26.559814453125,1,3.192049264907837,30.299053192138672,645.0372314453125,0.494566410779953,0.4432324171066284,0.4413062036037445,1,-63.212860107421875,32.62807083129883,650.6829833984375,0.6315882802009583,0.4390438199043274,0.4604392647743225,60963046443,2059244123
0,0,1,2.24664306640625,1,2.3215789794921875,1,0.035432372242212296,0.43529078364372253,-159.08560180664062,111.05508422851562,29.778926849365234,1,-0.011845482513308525,0.47993361949920654,-175.38958740234375,102.91744995117188,26.81719970703125,1,3.220269203186035,30.283672332763672,644.8309326171875,0.49450522661209106,0.44323763251304626,0.44085681438446045,1,-63.13399124145508,32.60303497314453,650.3734130859375,0.6314958930015564,0.4390536844730377,0.4597508907318115,60963054777,2059252457
0,0,1,2.180084228515625,1,2.314239501953125,1,0.017045851796865463,0.3994695246219635,-165.42626953125,117.58464050292969,32.155517578125,1,-4.75733722851146e-05,0.497999370098114,-171.32101440429688,99.6244125366211,25.618541717529297,1,3.267643928527832,30.260143280029297,644.6236572265625,0.49440398812294006,0.4432596266269684,0.44040447473526,1,-62.95244598388672,32.3826789855957,646.3535766601562,0.632033109664917,0.4389645755290985,0.451001912355423,60963063110,2059260790
0,0,1,2.1973724365234375,1,2.38116455078125,1,0.02182384394109249,0.4131297767162323,-163.778564453125,115.0946273803711,31.249229431152344,1,0.014004421420395374,0.4891098439693451,-166.47512817382812,101.24480438232422,26.20831871032715,1,3.3193466663360596,30.26366424560547,644.7725830078125,0.49429789185523987,0.4432716965675354,0.44072848558425903,1,-62.91167449951172,32.387603759765625,646.3619384765625,0.6319466829299927,0.4389555752277374,0.45101213455200195,60963071442,2059269123
0,0,1,2.2145233154296875,1,2.325103759765625,1,0.026999080553650856,0.45521658658981323,-161.9938507080078,107.42292785644531,28.4570255279541,1,-0.004117019474506378,0.4827420711517334,-172.72438049316406,102.40552520751953,26.630828857421875,1,3.362760066986084,30.261219024658203,644.8757934570312,0.49420854449272156,0.44329020380973816,0.4409525990486145,1,-63.057186126708984,32.62138366699219,651.0764770507812,0.631179690361023,0.4391108453273773,0.461255818605423,60963079776,2059277457
0,0,1,2.2348480224609375,1,2.3560791015625,1,0.03950149565935135,0.4522138833999634,-157.68234252929688,107.97028350830078,28.656204223632812,1,0.015149584971368313,0.5014664530754089,-166.0802001953125,98.99239349365234,25.388582229614258,1,3.400075912475586,30.24802589416504,644.8865966796875,0.49413084983825684,0.4433189332485199,0.440974622964859,1,-62.98701095581055,32.606624603271484,650.767333984375,0.6311048865318298,0.4390996992588043,0.4605715572834015,60963088109,2059285790
0,0,1,2.2299041748046875,1,2.3303680419921875,1,0.037262581288814545,0.45373374223709106,-158.45445251464844,107.6932373046875,28.555376052856445,1,-0.00179247313644737,0.4898204207420349,-171.92274475097656,101.11528015136719,26.16119384765625,1,3.448615789413452,30.217506408691406,644.749267578125,0.4940279424190521,0.4433645009994507,0.44067317247390747,1,-62.757957458496094,32.383541107177734,646.23876953125,0.6316561102867126,0.4389475882053375,0.45071372389793396,60963096444,2059294125
0,0,1,2.2520751953125,1,2.378936767578125,1,0.025422127917408943,0.46268385648727417,-162.53768920898438,106.06179809570312,27.961599349975586,1,0.013317213393747807,0.49791616201400757,-166.7121124267578,99.63958740234375,25.624034881591797,1,3.4962801933288574,30.172590255737305,644.7380981445312,0.493928462266922,0.44345617294311523,0.440643310546875,1,-62.708683013916016,32.38200378417969,646.2483520507812,0.6315518021583557,0.43895217776298523,0.45072391629219055,60963104778,2059302459
0,0,1,2.2535552978515625,1,2.321197509765625,1,0.027503957971930504,0.4433954358100891,-161.8197479248047,109.5777359008789,29.241235733032227,1,0.0006851467187516391,0.48509326577186584,-171.06832885742188,101.97696685791016,26.47479820251465,1,3.553205966949463,30.16117286682129,644.7374877929688,0.49380967020988464,0.44347986578941345,0.4406411945819855,1,-62.66889572143555,32.38335037231445,646.1619873046875,0.6314889788627625,0.4389377534389496,0.4505292773246765,60963113110,2059310792
0,0,1,2.215789794921875,1,2.360198974609375,1,0.043698012828826904,0.4294227063655853,-156.2351531982422,112.12467956542969,30.168331146240234,1,0.019743062555789948,0.4980261027812958,-164.49612426757812,99.61953735351562,25.616762161254883,1,3.602576494216919,30.119400024414062,644.8295288085938,0.49370795488357544,0.4435783624649048,0.4408358335494995,1,-62.60777282714844,32.375797271728516,646.173583984375,0.6313595771789551,0.43895506858825684,0.450540691614151,60963121443,2059319125
0,0,1,2.23236083984375,1,2.3777313232421875,1,0.033888135105371475,0.4231190085411072,-159.61814880371094,113.27375030517578,30.58649444580078,1,0.03036855347454548,0.48747584223747253,-160.83187866210938,101.54265594482422,26.316728591918945,1,3.644954204559326,30.100208282470703,644.7837524414062,0.4936189651489258,0.44361233711242676,0.440734326839447,1,-62.547142028808594,32.38427734375,646.1270751953125,0.631244421005249,0.43893131613731384,0.45042884349823,60963129777,2059327459
0,0,1,2.2386932373046875,1,2.3509368896484375,1,0.0342855341732502,0.4247334897518158,-159.4810791015625,112.97945404052734,30.479387283325195,1,0.0030385013669729233,0.48495957255363464,-170.2567596435547,102.0013198852539,26.48369026184082,1,3.6919257640838623,30.08648681640625,644.668212890625,0.4935194253921509,0.44362589716911316,0.440482497215271,1,-62.50121307373047,32.39745330810547,646.26416015625,0.6311180591583252,0.43892279267311096,0.4507173001766205,60963138110,2059335792
0,0,1,2.2277069091796875,1,2.364654541015625,1,0.02883678488433361,0.40565186738967896,-161.36012268066406,116.45770263671875,31.745346069335938,1,0.013997637666761875,0.49128589034080505,-166.4774627685547,100.84813690185547,26.064016342163086,1,3.7509729862213135,30.06334114074707,644.586669921875,0.4933951497077942,0.44366350769996643,0.44030311703681946,1,-62.466434478759766,32.38959503173828,646.2132568359375,0.6310575008392334,0.4389322102069855,0.4505990743637085,60963146443,2059344125
0,0,1,2.2324981689453125,1,2.3158111572265625,1,0.034632761031389236,0.4170355498790741,-159.36134338378906,114.3826675415039,30.9901180267334,1,-0.0032303996849805117,0.47243940830230713,-172.4186248779297,104.28351593017578,27.31436538696289,1,3.8001554012298584,30.071693420410156,644.7816162109375,0.49329516291618347,0.4436713755130768,0.4407278299331665,1,-62.40535354614258,32.38898468017578,646.0011596679688,0.6309788823127747,0.438904732465744,0.45012831687927246,60963154777,2059352459
0,0,1,2.200958251953125,1,2.31658935546875,1,0.051687080413103104,0.4262946844100952,-153.48008728027344,112.69489288330078,30.375789642333984,1,0.0010303097078576684,0.47680312395095825,-170.9492950439453,103.48810577392578,27.024816513061523,1,3.832167148590088,30.068920135498047,644.8849487304688,0.49322977662086487,0.4436904788017273,0.4409520626068115,1,-62.36112976074219,32.378684997558594,646.0680541992188,0.6308721303939819,0.438935250043869,0.450262188911438,60963163109,2059360792
0,0,1,2.2006072998046875,1,2.320953369140625,1,0.029349328950047493,0.43572521209716797,-161.18338012695312,110.97589111328125,29.750146865844727,1,0.007990500889718533,0.49778807163238525,-168.549072265625,99.6629409790039,25.632526397705078,1,3.8599886894226074,30.05381202697754,644.6668701171875,0.49316880106925964,0.44369375705718994,0.440477192401886,1,-62.32754135131836,32.385719299316406,646.15673828125,0.6307823657989502,0.4389328062534332,0.45044779777526855,60963171442,2059369125
0,0,1,2.235015869140625,1,2.32598876953125,1,0.024536989629268646,0.45293837785720825,-162.84291076660156,107.83821105957031,28.608165740966797,1,-0.0018859186675399542,0.506459653377533,-171.95497131347656,98.08226013183594,25.05721092224121,1,3.9006292819976807,30.03487205505371,644.43701171875,0.4930807948112488,0.44370347261428833,0.4399765729904175,1,-62.29392623901367,32.386619567871094,646.151611328125,0.6307138204574585,0.43893030285835266,0.45042988657951355,60963179776,2059377459
0,0,1,2.2346649169921875,1,2.3438873291015625,1,0.020616088062524796,0.46175459027290344,-164.195068359375,106.23119354248047,28.023197174072266,1,0.021528905257582664,0.5039306879043579,-163.88026428222656,98.54324340820312,25.2249755859375,1,3.9360461235046387,30.023483276367188,644.3565673828125,0.49300575256347656,0.44371679425239563,0.439800888299942,1,-62.262550354003906,32.3883056640625,646.1226806640625,0.6306552290916443,0.4389229714870453,0.45036131143569946,60963188109,2059385792
0,0,1,2.1969451904296875,1,2.3021392822265625,1,0.021168794482946396,0.43815699219703674,-164.00445556640625,110.53257751464844,29.58884620666504,1,-0.0017394957831129432,0.5046091675758362,-171.9044952392578,98.41954040527344,25.180051803588867,1,3.9695372581481934,30.02853012084961,644.4478759765625,0.49293702840805054,0.4437181353569031,0.440000057220459,1,-62.22583770751953,32.377464294433594,646.0121459960938,0.6306041479110718,0.4389304518699646,0.450113445520401,60963196442,2059394125
0,0,1,2.2354736328125,1,2.3388824462890625,1,0.04081863537430763,0.45953279733657837,-157.22813415527344,106.63619995117188,28.17056655883789,1,0.007019352167844772,0.5040371417999268,-168.8839569091797,98.52384185791016,25.217967987060547,1,4.009217739105225,30.03520965576172,644.6885986328125,0.4928576946258545,0.44373542070388794,0.44052377343177795,1,-62.167442321777344,32.34877014160156,645.788330078125,0.6305336356163025,0.4389595091342926,0.449614018201828,60963204775,2059402459
0,0,1,2.1895599365234375,1,2.33135986328125,1,0.05801668018102646,0.4519026279449463,-151.29730224609375,108.02701568603516,28.676834106445312,1,0.03765386343002319,0.49998605251312256,-158.3195037841797,99.26226806640625,25.486753463745117,1,4.080069541931152,30.030517578125,644.6182861328125,0.49270880222320557,0.44373616576194763,0.440371572971344,1,-62.09618377685547,32.34642028808594,645.590576171875,0.6304304003715515,0.4389376640319824,0.4491720497608185,60963213108,2059410792
0,0,1,2.199920654296875,1,2.3051910400390625,1,0.06545121967792511,0.4779954254627228,-148.7334747314453,103.27075958251953,26.945716857910156,1,0.007531250361353159,0.5083675980567932,-168.70742797851562,97.73444366455078,24.93073844909668,1,4.1345319747924805,29.992984771728516,644.4926147460938,0.49259334802627563,0.44379788637161255,0.440094530582428,1,-62.0622673034668,32.359222412109375,645.9718627929688,0.6302740573883057,0.43896302580833435,0.4499901831150055,60963221441,2059419125
0,0,1,2.17376708984375,1,2.29522705078125,1,0.05857895314693451,0.46196436882019043,-151.1033935546875,106.19295501708984,28.009260177612305,1,0.012736995704472065,0.500465452671051,-166.9121856689453,99.17483520507812,25.455032348632812,1,4.154249668121338,30.005741119384766,644.4349975585938,0.4925512671470642,0.4437640607357025,0.43997153639793396,1,-62.055564880371094,32.37957000732422,646.103515625,0.6302304267883301,0.43893882632255554,0.45027610659599304,60963229778,2059427462
0,0,1,2.2047882080078125,1,2.3343505859375,1,0.05713726952672005,0.4773772954940796,-151.60057067871094,103.38346099853516,26.98668670654297,1,0.0026850716676563025,0.5073055028915405,-170.378662109375,97.92806243896484,25.001144409179688,1,4.164983749389648,30.00646209716797,644.388916015625,0.49252817034721375,0.44375669956207275,0.4398718774318695,1,-62.04593276977539,32.37948989868164,646.0810546875,0.6302155256271362,0.4389359652996063,0.4502255618572235,60963238111,2059435795
0,0,1,2.2170867919921875,1,2.2980499267578125,1,0.0688367486000061,0.496755987405777,-147.5659637451172,99.85105895996094,25.701005935668945,1,0.010239076800644398,0.4949042797088623,-167.7736053466797,100.18858337402344,25.823863983154297,1,4.168107986450195,30.01915740966797,644.3427734375,0.4925209879875183,0.4437244236469269,0.43977344036102295,1,-62.04179000854492,32.396358489990234,646.0933837890625,0.6302040815353394,0.4389027953147888,0.4502536952495575,60963246444,2059444128
0,0,1,2.1992950439453125,1,2.297821044921875,1,0.05838403105735779,0.478952020406723,-151.17062377929688,103.09640502929688,26.88222885131836,1,0.008288722485303879,0.5032597780227661,-168.4462127685547,98.66554260253906,25.269533157348633,1,4.179454803466797,30.032596588134766,644.4114990234375,0.4924982786178589,0.4437054395675659,0.43992456793785095,1,-62.038150787353516,32.41339874267578,646.0933837890625,0.6301964521408081,0.4388675391674042,0.450255423784256,60963254777,2059452462
0,0,1,2.173187255859375,1,2.3119964599609375,1,0.06539732217788696,0.428436279296875,-148.75205993652344,112.30449676513672,30.233749389648438,1,0.018028413876891136,0.530739426612854,-165.08743286132812,93.6564712524414,23.446414947509766,1,4.185200214385986,30.04960823059082,644.445068359375,0.49248674511909485,0.4436745345592499,0.4399997889995575,1,-62.03697204589844,32.44856643676758,646.0587768554688,0.6302016377449036,0.43879008293151855,0.4501853585243225,60963263110,2059460795
0,0,1,2.21282958984375,1,2.3069610595703125,1,0.06471920013427734,0.4366874098777771,-148.9859161376953,110.80048370361328,29.686315536499023,1,0.0075957197695970535,0.5463880896568298,-168.68521118164062,90.80401611328125,22.408178329467773,1,4.18566370010376,30.080448150634766,644.4681396484375,0.49248605966567993,0.44361361861228943,0.4400540590286255,1,-62.0426139831543,32.490440368652344,646.0697021484375,0.6302106976509094,0.4387049376964569,0.450216144323349,60963271443,2059469128
0,0,1,2.197174072265625,1,2.254608154296875,1,0.057705920189619064,0.447564959526062,-151.40447998046875,108.81770324707031,28.96461296081543,1,0.004772723186761141,0.5489375591278076,-169.65870666503906,90.33929443359375,22.239032745361328,1,4.182332992553711,30.121694564819336,644.41064453125,0.49249207973480225,0.443520724773407,0.43993476033210754,1,-62.040435791015625,32.51927947998047,646.0457763671875,0.6302114725112915,0.43864205479621887,0.45016810297966003,60963279777,2059477462
0,0,1,2.1967620849609375,1,2.2997894287109375,1,0.07360463589429855,0.4606536328792572,-145.92172241210938,106.43184661865234,28.096275329589844,1,0.014775753952562809,0.54508376121521,-166.20913696289062,91.04179382324219,22.494705200195312,1,4.181227684020996,30.165552139282227,644.3304443359375,0.4924930930137634,0.4434194266796112,0.43976664543151855,1,-62.043907165527344,32.53667449951172,646.068359375,0.6302134990692139,0.4386090934276581,0.450219988822937,60963288110,2059485795
0,0,1,2.1810455322265625,1,2.2698974609375,1,0.06653320044279099,0.465127557516098,-148.3603515625,105.61636352539062,27.79939842224121,1,0.008867829106748104,0.5400618314743042,-168.24649047851562,91.95719146728516,22.827890396118164,1,4.1778082847595215,30.21586799621582,644.3190307617188,0.4925000071525574,0.44331371784210205,0.43974873423576355,1,-62.042449951171875,32.55626678466797,646.0099487304688,0.6302235722541809,0.4385606646537781,0.45009633898735046,60963296442,2059494128
0,0,1,2.1920623779296875,1,2.2666778564453125,1,0.07021702080965042,0.4878733158111572,-147.0899658203125,101.47021484375,26.290342330932617,1,0.011370440945029259,0.5204773545265198,-167.3834686279297,95.52706909179688,24.127220153808594,1,4.171219348907471,30.227933883666992,644.2730102539062,0.4925130307674408,0.44328272342681885,0.43965041637420654,1,-62.05035400390625,32.56380844116211,646.0203857421875,0.6302375793457031,0.43854641914367676,0.45012167096138,60963304776,2059502462
0,0,1,2.209747314453125,1,2.2979278564453125,1,0.05930517613887787,0.45504632592201233,-150.8529510498047,107.45398712158203,28.468265533447266,1,0.015828652307391167,0.4971029758453369,-165.8460235595703,99.7878189086914,25.677993774414062,1,4.163666248321533,30.24338722229004,644.2265625,0.49252811074256897,0.44324466586112976,0.4395517110824585,1,-62.06170654296875,32.59379196166992,645.9945068359375,0.6302667856216431,0.43848082423210144,0.450072318315506,60963313109,2059510795
0,0,1,2.2117156982421875,1,2.288482666015625,1,0.06211274489760399,0.4409783184528351,-149.884765625,110.018310546875,29.40163803100586,1,0.010061542503535748,0.5300586223602295,-167.8348388671875,93.78056335449219,23.491559982299805,1,4.155200004577637,30.250829696655273,644.22607421875,0.4925457239151001,0.44322913885116577,0.43955159187316895,1,-62.07253646850586,32.60430908203125,645.9808349609375,0.6302923560142517,0.4384572207927704,0.450046569108963,60963321442,2059519128
0,0,1,2.1873931884765625,1,2.28265380859375,1,0.07047267258167267,0.44765880703926086,-147.00180053710938,108.80059051513672,28.958419799804688,1,0.02082940563559532,0.5447560548782349,-164.1215057373047,91.1014633178711,22.516515731811523,1,4.144967555999756,30.279949188232422,644.341064453125,0.4925687909126282,0.44318366050720215,0.43980473279953003,1,-62.074764251708984,32.62620544433594,645.979248046875,0.6302971839904785,0.438411682844162,0.45004671812057495,60963329776,2059527462
0,0,1,2.216156005859375,1,2.275360107421875,1,0.07584167271852493,0.4608699679374695,-145.15028381347656,106.39242553710938,28.08193588256836,1,0.009604442864656448,0.5261650681495667,-167.9924774169922,94.49030303955078,23.74985694885254,1,4.134374618530273,30.32408905029297,644.4100341796875,0.49259182810783386,0.44310110807418823,0.439960241317749,1,-62.08492660522461,32.64116668701172,645.9437255859375,0.6303262114524841,0.4383758306503296,0.44997426867485046,60963338109,2059535795
0,0,1,2.216278076171875,1,2.331817626953125,1,0.06462112814188004,0.4737265110015869,-149.0197296142578,104.04891204833984,27.22893524169922,1,0.02546709217131138,0.5337675213813782,-162.5221710205078,93.10450744628906,23.245512008666992,1,4.125770092010498,30.339962005615234,644.4100952148438,0.4926097095012665,0.4430682361125946,0.4399625062942505,1,-62.09360885620117,32.64189910888672,645.9405517578125,0.6303449273109436,0.4383738934993744,0.4499693512916565,60963346441,2059544128
0,0,1,2.226287841796875,1,2.31512451171875,1,0.06670927256345749,0.4842166602611542,-148.29962158203125,102.1367416381836,26.532981872558594,1,0.04359554871916771,0.5611021518707275,-156.27047729492188,88.12188720703125,21.43199920654297,1,4.115350723266602,30.399887084960938,644.4204711914062,0.4926315248012543,0.4429453909397125,0.4399930238723755,1,-62.1146354675293,32.67164611816406,645.9962158203125,0.6303759217262268,0.4383198916912079,0.45009806752204895,60963354776,2059552463
0,0,1,2.221771240234375,1,2.2653656005859375,1,0.06933694332838058,0.47626790404319763,-147.39346313476562,103.58565521240234,27.06032943725586,1,0.024151545017957687,0.5293636918067932,-162.97584533691406,93.90723419189453,23.537723541259766,1,4.103466987609863,30.41702651977539,644.3858642578125,0.49265581369400024,0.44290533661842346,0.439920037984848,1,-62.12787628173828,32.67845916748047,646.0165405273438,0.6303987503051758,0.43830856680870056,0.4501456916332245,60963363110,2059560797
0,0,1,2.1594696044921875,1,2.30755615234375,1,0.06501002609729767,0.4597703814506531,-148.88563537597656,106.59288024902344,28.154829025268555,1,0.039313070476055145,0.5345151424407959,-157.74732971191406,92.96825408935547,23.195863723754883,1,4.09311580657959,30.43377685546875,644.3975219726562,0.49267756938934326,0.44287213683128357,0.4399475157260895,1,-62.13890075683594,32.682762145996094,645.9799194335938,0.6304298639297485,0.4382946193218231,0.450069397687912,60963371443,2059569130
0,0,1,2.174835205078125,1,2.30419921875,1,0.053189001977443695,0.4571440815925598,-152.962158203125,107.07158660888672,28.329133987426758,1,0.03133716806769371,0.545663595199585,-160.4978485107422,90.93605041503906,22.456300735473633,1,4.079422473907471,30.459575653076172,644.4318237304688,0.4927065968513489,0.4428230822086334,0.440025269985199,1,-62.14582443237305,32.71751022338867,645.9180908203125,0.6304579973220825,0.4382142722606659,0.44994229078292847,60963379776,2059577463
0,0,1,2.19970703125,1,2.2986907958984375,1,0.06065570190548897,0.46742382645606995,-150.38723754882812,105.19779968261719,27.647069931030273,1,0.026324477046728134,0.5466200709342957,-162.2264862060547,90.76171112060547,22.392807006835938,1,4.069310188293457,30.465747833251953,644.5350341796875,0.49272921681404114,0.44282370805740356,0.44024989008903503,1,-62.156585693359375,32.70747375488281,645.8817749023438,0.6304885149002075,0.438230037689209,0.4498646557331085,60963388109,2059585797
0,0,1,2.1726837158203125,1,2.3139801025390625,1,0.06757688522338867,0.4450889825820923,-148.00042724609375,109.2690200805664,29.128910064697266,1,0.030287671834230423,0.5373636484146118,-160.85975646972656,92.4489974975586,23.00691032409668,1,4.061508655548096,30.480316162109375,644.615966796875,0.49274665117263794,0.4428040385246277,0.44042742252349854,1,-62.161155700683594,32.72238540649414,645.8453369140625,0.630506157875061,0.4381941854953766,0.44978901743888855,60963396442,2059594130
0,0,1,2.1796722412109375,1,2.373382568359375,1,0.08608157932758331,0.49143731594085693,-141.61900329589844,100.82054901123047,26.053926467895508,1,0.05067860335111618,0.5547977685928345,-153.82786560058594,89.27107238769531,21.850276947021484,1,4.051204681396484,30.48128890991211,644.638916015625,0.49276846647262573,0.4428049921989441,0.440477192401886,1,-62.16413497924805,32.70661926269531,645.7152099609375,0.6305418014526367,0.43820899724960327,0.44950640201568604,60963404775,2059602463
0,0,0,nan,1,2.3152618408203125,0,nan,nan,nan,nan,nan,1,0.03724919632077217,0.5326162576675415,-158.4590606689453,93.31436157226562,23.32185173034668,0,nan,nan,nan,nan,nan,nan,1,-62.17340087890625,32.71389389038086,645.7025146484375,0.6305638551712036,0.4381921589374542,0.44948187470436096,60963413109,2059610797
0,0,1,2.1960296630859375,1,2.3379364013671875,1,0.07270678877830505,0.44643574953079224,-146.23135375976562,109.02355194091797,29.039506912231445,1,0.03213885426521301,0.5386528372764587,-160.22137451171875,92.21401977539062,22.92133140563965,1,4.03110408782959,30.492595672607422,644.650390625,0.4928106367588043,0.44278302788734436,0.44050332903862,1,-62.18083572387695,32.71925735473633,645.700927734375,0.6305795907974243,0.4381808042526245,0.449480801820755,60963421442,2059619130
0,0,1,2.1839752197265625,1,2.310150146484375,1,0.07979504019021988,0.4644414484500885,-143.7869415283203,105.74141693115234,27.84494400024414,1,0.02809234894812107,0.5783979892730713,-161.61685180664062,84.96919250488281,20.284456253051758,1,4.019587993621826,30.475452423095703,644.5929565429688,0.49283379316329956,0.4428110420703888,0.4403762221336365,1,-62.194034576416016,32.67586898803711,645.8506469726562,0.6305734515190125,0.438291072845459,0.449800580739975,60963429775,2059627463
0,0,1,2.258819580078125,1,2.2967529296875,1,0.07444558292627335,0.602515697479248,-145.63172912597656,80.57294464111328,18.68437957763672,1,0.033342909067869186,0.598548173904419,-159.80616760253906,81.29615783691406,18.947589874267578,1,4.016598224639893,30.35456657409668,644.364501953125,0.49283698201179504,0.44303181767463684,0.43986403942108154,1,-62.15873718261719,32.562416076660156,645.7997436523438,0.6305120587348938,0.4385190010070801,0.44966721534729004,60963438108,2059635797
0,0,1,2.2616424560546875,1,2.34271240234375,1,0.08311694115400314,0.6934822201728821,-142.64137268066406,63.99137496948242,12.649174690246582,1,0.03310462832450867,0.7110623121261597,-159.88832092285156,60.78684997558594,11.482831954956055,1,3.9806296825408936,30.230188369750977,644.2286376953125,0.4929104149341583,0.4432719349861145,0.43955183029174805,1,-62.1262321472168,32.46796417236328,645.806396484375,0.6304435729980469,0.438715398311615,0.44966137409210205,60963446441,2059644130
1,1,1,2.1827392578125,1,2.34674072265625,1,0.09383627027273178,0.7166297435760498,-138.9447784423828,59.772003173828125,11.113466262817383,1,0.04605947062373161,0.7403409481048584,-155.42080688476562,55.449867248535156,9.540334701538086,1,3.9453842639923096,30.181642532348633,644.1832275390625,0.49298349022865295,0.4433666169643402,0.439446359872818,1,-62.15013885498047,32.417259216308594,645.9432373046875,0.6304625272750854,0.4388388991355896,0.449954628944397,60963454774,2059652463
1,1,1,2.2661285400390625,1,2.3638763427734375,1,0.06794053316116333,0.6957411766052246,-147.87501525878906,63.57961654663086,12.49930191040039,1,0.05957769230008125,0.729399561882019,-150.75897216796875,57.44430160522461,10.26619815826416,1,3.932368755340576,30.154823303222656,644.1495361328125,0.4930102825164795,0.44341781735420227,0.43936941027641296,1,-62.17876434326172,32.39358139038086,645.9149780273438,0.6305283308029175,0.43888401985168457,0.4498962461948395,60963463108,2059660797
1,1,1,2.1887969970703125,1,2.3758697509765625,1,0.08797332644462585,0.7153272032737732,-140.96661376953125,60.00942611694336,11.199853897094727,1,0.05503366142511368,0.7251569032669067,-152.3260040283203,58.21761703491211,10.547786712646484,1,3.9265215396881104,30.147846221923828,644.114990234375,0.4930219352245331,0.44342780113220215,0.43929338455200195,1,-62.179710388183594,32.37580871582031,645.7626953125,0.6305646896362305,0.43890005350112915,0.44956493377685547,60963471441,2059669130
1,1,1,2.221923828125,1,2.3075408935546875,1,0.07918362319469452,0.6862033605575562,-143.99778747558594,65.31817626953125,13.132124900817871,1,0.026834802702069283,0.712520956993103,-162.0504913330078,60.52094268798828,11.386104583740234,1,3.916435956954956,30.12703514099121,644.1729125976562,0.4930438697338104,0.44347837567329407,0.4394161105155945,1,-62.1868782043457,32.358726501464844,645.7374877929688,0.6305854320526123,0.43893197178840637,0.4495095908641815,60963479773,2059677463
1,1,1,2.25177001953125,1,2.4230804443359375,1,0.07405389845371246,0.6755634546279907,-145.7667999267578,67.25763702392578,13.837972640991211,1,0.061964139342308044,0.7302650213241577,-149.93601989746094,57.286556243896484,10.208782196044922,1,3.9027135372161865,30.07540512084961,644.150390625,0.4930723011493683,0.4435824751853943,0.439360111951828,1,-62.23631286621094,32.350486755371094,646.0096435546875,0.6306264996528625,0.4389859139919281,0.45010629296302795,60963488110,2059685800
1,1,1,2.28167724609375,1,2.413818359375,1,0.06693167239427567,0.683040976524353,-148.22293090820312,65.89462280273438,13.341934204101562,1,0.05963841453194618,0.7244369387626648,-150.73805236816406,58.348907470703125,10.595463752746582,1,3.888674736022949,30.07819175720215,644.1851196289062,0.493102103471756,0.4435811936855316,0.43943560123443604,1,-62.24980163574219,32.35043716430664,645.9251708984375,0.6306735873222351,0.4389744997024536,0.44992661476135254,60963496443,2059694133
1,1,1,2.2093658447265625,1,2.408966064453125,1,0.0691983550786972,0.6637122631072998,-147.44125366210938,69.41790008544922,14.624271392822266,1,0.05476425588130951,0.7219777703285217,-152.41893005371094,58.797142028808594,10.758641242980957,1,3.878892421722412,30.037565231323242,644.1168823242188,0.4931216835975647,0.4436565637588501,0.43928197026252747,1,-62.264122009277344,32.307701110839844,645.770751953125,0.6307383179664612,0.43904194235801697,0.44959014654159546,60963504776,2059702466
1,1,1,2.238311767578125,1,2.3491668701171875,1,0.07284576445817947,0.6659984588623047,-146.18341064453125,69.00117492675781,14.472591400146484,1,0.0407022088766098,0.7466849684715271,-157.26828002929688,54.29346466064453,9.1194486618042,1,3.868867874145508,30.03691864013672,644.174072265625,0.4931434690952301,0.4436652958393097,0.4394058883190155,1,-62.28433609008789,32.30758285522461,645.7778930664062,0.6307786703109741,0.4390430748462677,0.44960978627204895,60963513110,2059710800
1,1,1,2.2459869384765625,1,2.310943603515625,1,0.05038289353251457,0.7003049254417419,-153.9298553466797,62.747703552246094,12.19658088684082,1,0.02806546352803707,0.7255120277404785,-161.62611389160156,58.152915954589844,10.524174690246582,1,3.857344150543213,30.024890899658203,644.23095703125,0.49316829442977905,0.4436975121498108,0.43952757120132446,1,-62.31134796142578,32.266029357910156,645.7965087890625,0.6308306455612183,0.43913155794143677,0.4496495723724365,60963521443,2059719133
1,1,1,2.1980438232421875,1,2.4264373779296875,1,0.07985763251781464,0.7035928964614868,-143.76535034179688,62.14837646484375,11.978379249572754,1,0.05448778346180916,0.7068254351615906,-152.51426696777344,61.55914306640625,11.763925552368164,1,3.8427138328552246,30.01767921447754,644.26513671875,0.49319934844970703,0.4437168538570404,0.43960052728652954,1,-62.33287048339844,32.238929748535156,645.8046875,0.6308735609054565,0.4391886591911316,0.44966790080070496,60963529775,2059727466
1,1,1,2.2075653076171875,1,2.31048583984375,1,0.07012763619422913,0.6764854788780212,-147.12078857421875,67.0895767211914,13.776841163635254,1,0.022587120532989502,0.7058739066123962,-163.51535034179688,61.73260498046875,11.827006340026855,1,3.818814277648926,30.009084701538086,644.2318115234375,0.4932488203048706,0.44373032450675964,0.43952676653862,1,-62.36552429199219,32.23440170288086,645.844970703125,0.6309322714805603,0.4392034709453583,0.44976091384887695,60963538109,2059735800
1,1,1,2.227081298828125,1,2.3452911376953125,1,0.07656120508909225,0.6992331743240356,-144.9021453857422,62.943058013916016,12.267667770385742,1,0.03433031588792801,0.7062957286834717,-159.46563720703125,61.65571594238281,11.799027442932129,1,3.791879892349243,29.964712142944336,644.060302734375,0.4933028221130371,0.4438001811504364,0.4391482174396515,1,-62.39219665527344,32.206809997558594,645.921875,0.630970299243927,0.439270943403244,0.4499286115169525,60963546442,2059744133
1,1,1,2.2321014404296875,1,2.4085540771484375,1,0.0676681399345398,0.6871239542961121,-147.96896362304688,65.15037536621094,13.071045875549316,1,0.04820976033806801,0.7155514359474182,-154.67926025390625,59.96855163574219,11.185030937194824,1,3.774881601333618,29.93896484375,644.0262451171875,0.4933379888534546,0.4438491761684418,0.4390707314014435,1,-62.41014862060547,32.18881607055664,645.84912109375,0.6310241222381592,0.43929827213287354,0.4497727155685425,60963554775,2059752466
1,1,1,2.2156829833984375,1,2.4422149658203125,1,0.07014549523591995,0.6796902418136597,-147.11463928222656,66.50540161132812,13.564221382141113,1,0.056635115295648575,0.718332052230835,-151.77374267578125,59.461708068847656,11.000482559204102,1,3.7556498050689697,29.896316528320312,644.0380249023438,0.4933783710002899,0.44393905997276306,0.43909022212028503,1,-62.43315505981445,32.1631965637207,645.867431640625,0.6310677528381348,0.43935367465019226,0.4498133063316345,60963563109,2059760800
1,1,1,2.253875732421875,1,2.35418701171875,1,0.06998879462480545,0.6735278964042664,-147.16867065429688,67.62870025634766,13.973082542419434,1,0.036699481308460236,0.723199188709259,-158.6486358642578,58.5744743347168,10.677680015563965,1,3.728630781173706,29.85359764099121,643.9580078125,0.4934338629245758,0.44401732087135315,0.438910573720932,1,-62.44737243652344,32.13418960571289,645.7236328125,0.6311299204826355,0.4393942654132843,0.449501633644104,60963571441,2059769133
1,1,1,2.2365570068359375,1,2.38787841796875,1,0.058670517057180405,0.6587428450584412,-151.0718231201172,70.32374572753906,14.953995704650879,1,0.03265081346035004,0.7211833596229553,-160.0448455810547,58.94195556640625,10.811357498168945,1,3.69838285446167,29.837574005126953,644.0734252929688,0.4934985935688019,0.44406530261039734,0.43915843963623047,1,-62.49200439453125,32.12670135498047,645.7855224609375,0.6312085390090942,0.4394180476665497,0.44964346289634705,60963579774,2059777466
1,1,1,2.248321533203125,1,2.4196319580078125,1,0.059097886085510254,0.6885069608688354,-150.9244384765625,64.89828491210938,12.979266166687012,1,0.06595700234174728,0.707866907119751,-148.55905151367188,61.369300842285156,11.694831848144531,1,3.667356014251709,29.815940856933594,644.0856323242188,0.49356362223625183,0.4441116452217102,0.4391816556453705,1,-62.53516387939453,32.10527420043945,645.8718872070312,0.6312785744667053,0.439473956823349,0.449835866689682,60963588108,2059785800
1,1,1,2.2518310546875,1,2.3730926513671875,1,0.06608610600233078,0.6772260665893555,-148.5145263671875,66.9545669555664,13.727726936340332,1,0.04646005481481552,0.726249098777771,-155.28265380859375,58.01854705810547,10.47526741027832,1,3.6385936737060547,29.826833724975586,644.2921142578125,0.49362632632255554,0.4441155195236206,0.43963077664375305,1,-62.56523513793945,32.100074768066406,645.8305053710938,0.6313503384590149,0.4394790530204773,0.44975200295448303,60963596441,2059794133
1,1,1,2.2074432373046875,1,2.3822174072265625,1,0.0778011754155159,0.6797565817832947,-144.4745330810547,66.49332427978516,13.559798240661621,1,0.027693403884768486,0.73209148645401,-161.75442504882812,56.953617095947266,10.087629318237305,1,3.598860502243042,29.8238525390625,644.440185546875,0.4937112331390381,0.44414055347442627,0.439951092004776,1,-62.59801483154297,32.07579040527344,645.7882080078125,0.6314281225204468,0.4395235776901245,0.44966402649879456,60963604774,2059802466
1,1,1,2.235626220703125,1,2.42022705078125,1,0.08965989202260971,0.7007594108581543,-140.38499450683594,62.66484832763672,12.166412353515625,1,0.05917246639728546,0.7268205881118774,-150.8987274169922,57.91438674926758,10.437371253967285,1,3.5591886043548584,29.803590774536133,644.212646484375,0.49379122257232666,0.4441533386707306,0.43945419788360596,1,-62.6380729675293,32.0575065612793,645.7803344726562,0.6315129995346069,0.4395602345466614,0.449652761220932,60963613108,2059810800
1,1,1,2.2279052734375,1,2.4052581787109375,1,0.0786832943558693,0.6909072399139404,-144.1703338623047,64.46076202392578,12.820013999938965,1,0.03758935630321503,0.7381961941719055,-158.34176635742188,55.840816497802734,9.682634353637695,1,3.5158510208129883,29.787063598632812,643.9373779296875,0.4938783049583435,0.44415223598480225,0.43885430693626404,1,-62.693843841552734,32.07004928588867,645.9583740234375,0.6315882205963135,0.4395581781864166,0.45005056262016296,60963621443,2059819136
1,1,1,2.1903533935546875,1,2.3751678466796875,1,0.07481826841831207,0.6897234916687012,-145.50320434570312,64.67655181884766,12.898517608642578,1,0.03658081591129303,0.7179526090621948,-158.68955993652344,59.5308723449707,11.025609970092773,1,3.4799976348876953,29.78116226196289,643.9373779296875,0.4939531981945038,0.4441644251346588,0.43885311484336853,1,-62.73225402832031,32.03262710571289,645.927734375,0.6316750645637512,0.4396313726902008,0.44998714327812195,60963629776,2059827469
1,1,1,2.2852020263671875,1,2.3967132568359375,1,0.05024435743689537,0.6830529570579529,-153.97763061523438,65.8924331665039,13.341121673583984,1,0.019245529547333717,0.7091143131256104,-164.66769409179688,61.141929626464844,11.612070083618164,1,3.403294324874878,29.821943283081055,644.4766845703125,0.4941199719905853,0.44414883852005005,0.44002777338027954,1,-62.787025451660156,32.049591064453125,645.9759521484375,0.6317775845527649,0.43960270285606384,0.4501049518585205,60963638110,2059835803
1,1,1,2.2579498291015625,1,2.4061737060546875,1,0.060513995587825775,0.6588554382324219,-150.43609619140625,70.30322265625,14.946493148803711,1,2.7820733521366492e-05,0.6589171886444092,-171.29501342773438,70.29198455810547,14.942364692687988,1,3.2988312244415283,29.803791046142578,644.09912109375,0.4943336248397827,0.4441378712654114,0.43920499086380005,1,-62.837669372558594,32.06591033935547,645.9425048828125,0.6318901777267456,0.4395643174648285,0.45004549622535706,60963646443,2059844136
1,1,1,2.2692413330078125,1,2.3934173583984375,1,0.03287801146507263,0.6525261402130127,-159.96649169921875,71.45693969726562,15.366416931152344,1,-0.016640683636069298,0.68192058801651,-177.043212890625,66.09883117675781,13.416278839111328,1,3.2265987396240234,29.828079223632812,644.363525390625,0.4944875240325928,0.4441213011741638,0.439781129360199,1,-62.90994644165039,32.10246276855469,646.3065185546875,0.631956934928894,0.4395376741886139,0.45085182785987854,60963654776,2059852469
1,1,1,2.26611328125,1,2.3518218994140625,1,0.04404924809932709,0.639480710029602,-156.11402893066406,73.83488464355469,16.231914520263672,1,-0.03700518608093262,0.6633435487747192,-184.06600952148438,69.485107421875,14.648757934570312,1,3.1875009536743164,29.849361419677734,644.6273803710938,0.49457216262817383,0.4441109001636505,0.44035616517066956,1,-62.951377868652344,32.10957336425781,646.3553466796875,0.6320316791534424,0.4395294487476349,0.45096686482429504,60963663109,2059860803
1,1,1,2.2970733642578125,1,2.3509979248046875,1,0.04764464125037193,0.6455835700035095,-154.8741455078125,72.72244262695312,15.827065467834473,1,-0.03559303283691406,0.6544703841209412,-183.57901000976562,71.1025390625,15.23741340637207,1,3.1572437286376953,29.843353271484375,644.61572265625,0.4946351647377014,0.44412174820899963,0.4403296411037445,1,-63.00396728515625,32.08949661254883,646.440185546875,0.6321213841438293,0.43958231806755066,0.45115819573402405,60963671442,2059869136
1,1,1,2.2544403076171875,1,2.3289031982421875,1,0.0569184310734272,0.6325716972351074,-151.67604064941406,75.09426879882812,16.69032096862793,1,-0.04504437372088432,0.6703863739967346,-186.83836364746094,68.20132446289062,14.181497573852539,1,3.123124122619629,29.84084129333496,644.466552734375,0.4947047233581543,0.4441078305244446,0.440005362033844,1,-63.04185485839844,32.0821418762207,646.3991088867188,0.6322092413902283,0.4395918846130371,0.45107632875442505,60963679775,2059877469
1,1,1,2.2023162841796875,1,2.3342742919921875,1,0.06090916320681572,0.6098902821540833,-150.29981994628906,79.22868347167969,18.195098876953125,1,-0.033480871468782425,0.6789485216140747,-182.85064697265625,66.64059448242188,13.613459587097168,1,3.0836234092712402,29.834125518798828,644.375244140625,0.49478623270988464,0.4441099464893341,0.43980592489242554,1,-63.08167266845703,32.07046890258789,646.40185546875,0.6322911977767944,0.439616322517395,0.45108893513679504,60963688109,2059885803
1,1,1,2.2544708251953125,1,2.3470916748046875,1,0.047364331781864166,0.6460850834846497,-154.97080993652344,72.63103485107422,15.793742179870605,1,-0.03465820103883743,0.6554878354072571,-183.25665283203125,70.9170913696289,15.169917106628418,1,3.0398645401000977,29.855260848999023,644.4679565429688,0.49487850069999695,0.4440779387950897,0.4400094747543335,1,-63.137794494628906,32.0944938659668,646.591064453125,0.6323642134666443,0.43959203362464905,0.4515126049518585,60963696442,2059894136
1,1,1,2.26312255859375,1,2.353729248046875,1,0.05281352624297142,0.6338078379631042,-153.0916290283203,74.86893463134766,16.608301162719727,1,-0.04215238243341446,0.6663674712181091,-185.84104919433594,68.93389892578125,14.448153495788574,1,3.011575222015381,29.870452880859375,644.5826416015625,0.49493882060050964,0.44406113028526306,0.44025999307632446,1,-63.17534255981445,32.101287841796875,646.6306762695312,0.6324328780174255,0.43958327174186707,0.45160695910453796,60963704775,2059902469
1,1,1,2.27978515625,1,2.32708740234375,1,0.05312322825193405,0.6403756737709045,-152.98483276367188,73.6717529296875,16.172550201416016,1,-0.04201548174023628,0.6590970754623413,-185.79385375976562,70.2591781616211,14.93050479888916,1,2.979909896850586,29.88932991027832,644.7091674804688,0.4950062036514282,0.44403818249702454,0.440536767244339,1,-63.20534133911133,32.104248046875,646.6010131835938,0.6325018405914307,0.43957310914993286,0.4515495002269745,60963713108,2059910803
1,1,1,2.25213623046875,1,2.3510894775390625,1,0.05646420270204544,0.635641872882843,-151.83267211914062,74.53465270996094,16.486604690551758,1,-0.03314114734530449,0.6616762280464172,-182.7334747314453,69.78903198242188,14.759420394897461,1,2.9543867111206055,29.930683135986328,644.7432861328125,0.4950597584247589,0.4439568817615509,0.44061610102653503,1,-63.23888397216797,32.11952209472656,646.6650390625,0.6325565576553345,0.4395500421524048,0.45169690251350403,60963721441,2059919136
1,1,1,2.278533935546875,1,2.3472137451171875,1,0.04035381227731705,0.6570249199867249,-157.388427734375,70.63689422607422,15.067959785461426,1,-0.04165821149945259,0.6828605532646179,-185.67063903808594,65.92752838134766,13.353873252868652,1,2.9285573959350586,29.954097747802734,644.7091064453125,0.49511322379112244,0.44390392303466797,0.44054484367370605,1,-63.26763153076172,32.134037017822266,646.7538452148438,0.6325957179069519,0.43953201174736023,0.4518967270851135,60963729774,2059927469
1,1,1,2.251708984375,1,2.3520050048828125,1,0.05097862333059311,0.6608995795249939,-153.7244110107422,69.93060302734375,14.810884475708008,1,-0.04191228374838829,0.6888943910598755,-185.7582550048828,64.82763671875,12.953590393066406,1,2.904919385910034,29.98992156982422,644.6516723632812,0.49516189098358154,0.44382229447364807,0.44042491912841797,1,-63.30626678466797,32.157875061035156,646.8754272460938,0.6326478123664856,0.43949905037879944,0.452170729637146,60963738108,2059935803
1,1,1,2.2464447021484375,1,2.3195343017578125,1,0.04369347169995308,0.6775726675987244,-156.2367401123047,66.89140319824219,13.704700469970703,1,-0.04150036349892616,0.653563380241394,-185.61619567871094,71.26786804199219,15.297628402709961,1,2.8858354091644287,30.01694107055664,644.6857299804688,0.4952020049095154,0.4437706768512726,0.44050225615501404,1,-63.323490142822266,32.17031478881836,646.907958984375,0.6326760649681091,0.43947771191596985,0.45224636793136597,60963746442,2059944136
1,1,1,2.2274627685546875,1,2.3376922607421875,1,0.03961256891489029,0.6326372623443604,-157.64402770996094,75.08232879638672,16.685930252075195,1,-0.041774626821279526,0.6663395166397095,-185.7107696533203,68.9389877319336,14.449983596801758,1,2.8631513118743896,30.035964965820312,644.6737670898438,0.4952491819858551,0.4437296986579895,0.440478652715683,1,-63.33609390258789,32.18268966674805,646.85791015625,0.6327134966850281,0.4394453465938568,0.452142596244812,60963754777,2059952472
1,1,1,2.282623291015625,1,2.3383331298828125,1,0.039048463106155396,0.6767464280128479,-157.8385772705078,67.04202270507812,13.75948715209961,1,-0.04477290064096451,0.6525609493255615,-186.74473571777344,71.45059204101562,15.364108085632324,1,2.83912992477417,30.04882049560547,644.66259765625,0.49529916048049927,0.4437015652656555,0.44045597314834595,1,-63.36115264892578,32.20452117919922,646.9122314453125,0.6327528357505798,0.4394075572490692,0.45226824283599854,60963763111,2059960806
1,1,1,2.2913665771484375,1,2.35223388671875,1,0.03670851141214371,0.6724001169204712,-158.6455078125,67.83425903320312,14.04789924621582,1,-0.03891657292842865,0.6554052829742432,-184.7251739501953,70.93212127685547,15.175410270690918,1,2.818068504333496,30.06664276123047,644.7890014648438,0.4953444004058838,0.44368088245391846,0.44073233008384705,1,-63.373905181884766,32.21499252319336,646.8857421875,0.6327853202819824,0.43938228487968445,0.45221516489982605,60963771444,2059969139
1,1,1,2.2696380615234375,1,2.3651885986328125,1,0.050105299800634384,0.6437414884567261,-154.0255889892578,73.05823516845703,15.94921588897705,1,-0.05171894282102585,0.6458213329315186,-189.14010620117188,72.6791000366211,15.811261177062988,1,2.802894115447998,30.07832145690918,644.7890625,0.49537602066993713,0.44365668296813965,0.440733939409256,1,-63.390869140625,32.23371887207031,646.9287109375,0.6328104734420776,0.4393494129180908,0.452314168214798,60963779777,2059977472
1,1,1,2.2820892333984375,1,2.3635406494140625,1,0.04621348902583122,0.6459006667137146,-155.36767578125,72.66464233398438,15.806009292602539,1,-0.03723941370844841,0.6627703309059143,-184.14678955078125,69.58960723876953,14.686793327331543,1,2.7937746047973633,30.10564422607422,644.91552734375,0.49539628624916077,0.4436163604259491,0.441011905670166,1,-63.40619659423828,32.253231048583984,646.9378051757812,0.6328400373458862,0.4393102526664734,0.452339768409729,60963788111,2059985806
1,1,1,2.2498016357421875,1,2.4195709228515625,1,0.056335389614105225,0.6437563896179199,-151.87709045410156,73.05551147460938,15.948247909545898,1,-0.008925119414925575,0.6641215682029724,-174.38247680664062,69.34330749511719,14.597111701965332,1,2.7819900512695312,30.146892547607422,644.972900390625,0.49542129039764404,0.4435383379459381,0.44114193320274353,1,-63.421119689941406,32.27587127685547,647.0044555664062,0.6328555941581726,0.4392724931240082,0.452489972114563,60963796444,2059994139
1,1,1,2.2722320556640625,1,2.38507080078125,1,0.054289210587739944,0.6541544198989868,-152.58273315429688,71.16012573242188,15.258406639099121,1,-0.020851559937000275,0.6678799390792847,-178.495361328125,68.65821075439453,14.347777366638184,1,2.7738633155822754,30.189361572265625,645.0071411132812,0.4954385459423065,0.4434548020362854,0.44122180342674255,1,-63.435306549072266,32.29376983642578,647.012939453125,0.6328829526901245,0.43923667073249817,0.45251384377479553,60963804776,2060002472
1,1,1,2.2715606689453125,1,2.3421478271484375,1,0.06171548366546631,0.6700003743171692,-150.02175903320312,68.2717056274414,14.207112312316895,1,-0.03644838184118271,0.6494122743606567,-183.87400817871094,72.02456665039062,15.572948455810547,1,2.755335807800293,30.266681671142578,645.0283203125,0.49547722935676575,0.4432973861694336,0.4412780702114105,1,-63.46984100341797,32.372127532958984,647.2071533203125,0.6329095959663391,0.439100980758667,0.45295146107673645,60963813110,2060010806
1,1,1,2.2498626708984375,1,2.40032958984375,1,0.0754188597202301,0.5857703685760498,-145.29608154296875,83.62532043457031,19.795373916625977,1,-0.006320768501609564,0.5876671671867371,-173.48435974121094,83.27957153320312,19.669490814208984,1,2.744281530380249,30.297290802001953,645.07470703125,0.4955006539821625,0.44324004650115967,0.4413827657699585,1,-63.532936096191406,32.401641845703125,646.2872314453125,0.6332513689994812,0.4389151632785797,0.4509826600551605,60963821443,2060019139
1,1,1,2.303863525390625,1,2.3753814697265625,1,0.06697827577590942,0.5619263648986816,-148.2068634033203,87.9716796875,21.37725257873535,1,-0.01442510075867176,0.5966857075691223,-176.27915954589844,81.63562774658203,19.071168899536133,1,2.7431225776672363,30.33932876586914,645.0518798828125,0.495502769947052,0.44315004348754883,0.44133898615837097,1,-63.54570770263672,32.61351776123047,649.5733032226562,0.6325250267982483,0.43892332911491394,0.458110511302948,60963829776,2060027472
1,1,1,2.205535888671875,1,2.3723602294921875,1,0.07050877064466476,0.5305601954460144,-146.98936462402344,93.68914794921875,23.45832061767578,1,-0.011138902977108955,0.5843818187713623,-175.1459197998047,83.87841796875,19.887479782104492,1,2.743534564971924,30.38671112060547,645.0400390625,0.49550172686576843,0.44305044412612915,0.4413197338581085,1,-63.54765319824219,32.6512451171875,649.7918701171875,0.632479190826416,0.438875287771225,0.458588182926178,60963838109,2060035805
1,1,1,2.2644195556640625,1,2.4152679443359375,1,0.06449194252490997,0.5904918909072876,-149.0642852783203,82.76467895507812,19.48207664489746,1,-0.006139000877737999,0.6169112324714661,-173.4216766357422,77.9488754272461,17.729360580444336,1,2.744499444961548,30.417701721191406,644.9703979492188,0.4954989552497864,0.4429772198200226,0.44117286801338196,1,-63.55718231201172,32.656463623046875,649.7669677734375,0.632504403591156,0.43886110186576843,0.45853710174560547,60963846443,2060044139
1,1,1,2.246002197265625,1,2.3815460205078125,1,0.07323136925697327,0.5978343486785889,-146.0504608154297,81.42627716064453,18.994951248168945,1,-0.010968615300953388,0.5945440530776978,-175.08717346191406,82.02603912353516,19.213228225708008,1,2.7476043701171875,30.429136276245117,644.958984375,0.4954923391342163,0.442952036857605,0.4411497712135315,1,-63.56772994995117,32.660003662109375,649.813720703125,0.6325154900550842,0.438860148191452,0.4586407244205475,60963854776,2060052472
1,1,1,2.266143798828125,1,2.3847808837890625,1,0.07847076654434204,0.6089048385620117,-144.24362182617188,79.40831756591797,18.260498046875,1,-0.015742922201752663,0.58248370885849,-176.73361206054688,84.22443389892578,20.013381958007812,1,2.7492763996124268,30.45563507080078,644.9471435546875,0.495488703250885,0.4428956210613251,0.44112759828567505,1,-63.584495544433594,32.67949676513672,649.9174194335938,0.6325263977050781,0.4388340711593628,0.45887091755867004,60963863109,2060060805
1,1,1,2.2773590087890625,1,2.4033355712890625,1,0.07256732881069183,0.5951277017593384,-146.2794647216797,81.9196548461914,19.174562454223633,1,-0.013080205768346786,0.6095616817474365,-175.8153839111328,79.28858947753906,18.21694564819336,1,2.7523951530456543,30.474206924438477,644.9353637695312,0.49548202753067017,0.4428556561470032,0.4411046504974365,1,-63.56341552734375,32.654212951660156,649.2381591796875,0.6326376795768738,0.43879419565200806,0.45739638805389404,60963871443,2060069139
1,1,1,2.250823974609375,1,2.3941802978515625,1,0.07017184048891068,0.6019495725631714,-147.1055450439453,80.6761245727539,18.72195816040039,1,-0.020001551136374474,0.6039405465126038,-178.20223999023438,80.3132095336914,18.589881896972656,1,2.7578444480895996,30.47226333618164,644.854736328125,0.4954698979854584,0.44284921884536743,0.44092950224876404,1,-63.565364837646484,32.657928466796875,649.2255249023438,0.632644534111023,0.4387848377227783,0.45736998319625854,60963879779,2060077475
1,1,1,2.2706146240234375,1,2.393646240234375,1,0.0727679431438446,0.6104556918144226,-146.21026611328125,79.1256103515625,18.157629013061523,1,-0.018344368785619736,0.6218344569206238,-177.63075256347656,77.05146026611328,17.402713775634766,1,2.7655961513519287,30.4759578704834,644.8540649414062,0.49545368552207947,0.4428415298461914,0.44092857837677,1,-63.567527770996094,32.65986251831055,649.1906127929688,0.6326569318771362,0.4387761354446411,0.45729541778564453,60963888112,2060085808
1,1,1,2.2494659423828125,1,2.414031982421875,1,0.0694977194070816,0.5779091119766235,-147.33802795410156,85.05831146240234,20.316865921020508,1,-0.018242210149765015,0.6117493510246277,-177.59552001953125,78.88981628417969,18.071758270263672,1,2.774653196334839,30.465560913085938,644.72802734375,0.49543359875679016,0.4428466856479645,0.44065380096435547,1,-63.56699752807617,32.65567398071289,649.178955078125,0.6326586008071899,0.438783198595047,0.45726943016052246,60963896445,2060094142
1,1,1,2.2739410400390625,1,2.3975067138671875,1,0.06873983889818192,0.6236366629600525,-147.59938049316406,76.72298431396484,17.28307342529297,1,-0.00474506663158536,0.5990422368049622,-172.9409637451172,81.20610046386719,18.91484832763672,1,2.7820162773132324,30.461671829223633,644.63623046875,0.4954173266887665,0.4428428113460541,0.44045424461364746,1,-63.47614669799805,32.54838180541992,647.0419921875,0.63295978307724,0.43871456384658813,0.452621191740036,60963904778,2060102475
1,1,1,2.2738189697265625,1,2.3957061767578125,1,0.06228214129805565,0.5994864106178284,-149.8263397216797,81.12511444091797,18.8853702545166,1,-0.015787744894623756,0.5996488928794861,-176.74908447265625,81.09552764892578,18.874582290649414,1,2.7937166690826416,30.450904846191406,644.5787353515625,0.4953923523426056,0.44285768270492554,0.44032806158065796,1,-63.47294235229492,32.538177490234375,646.995849609375,0.6329637765884399,0.4387293756008148,0.45251941680908203,60963913111,2060110808
1,1,1,2.2538909912109375,1,2.389923095703125,1,0.055082064121961594,0.5929586887359619,-152.309326171875,82.31501007080078,19.31845474243164,1,-0.011074907146394253,0.5974675416946411,-175.1238250732422,81.49310302734375,19.019336700439453,1,2.8032727241516113,30.435548782348633,644.510009765625,0.4953717887401581,0.4428805410861969,0.44017693400382996,1,-63.46684646606445,32.52751159667969,646.9380493164062,0.6329643726348877,0.43874356150627136,0.45239177346229553,60963921445,2060119142
1,1,1,2.282501220703125,1,2.4289703369140625,1,0.06362156569957733,0.6154807209968567,-149.36444091796875,78.20964813232422,17.824251174926758,1,-0.008136915974318981,0.6092315912246704,-174.11065673828125,79.34877014160156,18.238801956176758,1,2.809969425201416,30.421798706054688,644.499267578125,0.4953576922416687,0.4429076611995697,0.4401518404483795,1,-63.46131896972656,32.51406478881836,646.8687744140625,0.6329689025878906,0.43876194953918457,0.45223918557167053,60963929778,2060127475
1,1,1,2.204437255859375,1,2.3819122314453125,1,0.0800124779343605,0.5906303524971008,-143.7119598388672,82.73944091796875,19.472900390625,1,-0.0214938223361969,0.600730299949646,-178.71685791015625,80.8984146118164,18.802799224853516,1,2.8172106742858887,30.39332389831543,644.4769287109375,0.4953424334526062,0.44296377897262573,0.4400995671749115,1,-63.44850158691406,32.48848342895508,646.764404296875,0.6329663991928101,0.4388006329536438,0.452007532119751,60963938110,2060135808
1,1,1,2.238677978515625,1,2.37890625,1,0.06380601227283478,0.5639708638191223,-149.30081176757812,87.59898376464844,21.241622924804688,1,-0.01903492398560047,0.6035284996032715,-177.868896484375,80.3883285522461,18.617176055908203,1,2.823880672454834,30.359420776367188,644.4425048828125,0.49532821774482727,0.4430295526981354,0.440020352602005,1,-63.44316101074219,32.46626281738281,646.695068359375,0.6329714059829712,0.4388371706008911,0.45185360312461853,60963946444,2060144142
1,1,1,2.27276611328125,1,2.359893798828125,1,0.06120987981557846,0.5885431170463562,-150.1961212158203,83.11988830566406,19.611406326293945,1,-0.02507195621728897,0.605627179145813,-179.95077514648438,80.00579071044922,18.4778995513916,1,2.829986572265625,30.337684631347656,644.4431762695312,0.4953154921531677,0.44307470321655273,0.440018892288208,1,-63.435218811035156,32.448604583740234,646.58984375,0.632979154586792,0.43885937333106995,0.45162221789360046,60963954778,2060152475
1,1,1,2.234832763671875,1,2.380615234375,1,0.06673078238964081,0.5450406074523926,-148.29222106933594,91.04964447021484,22.497562408447266,1,-0.023578951135277748,0.5844176411628723,-179.4359130859375,83.87190246582031,19.885108947753906,1,2.834869861602783,30.30542755126953,644.4199829101562,0.4953051507472992,0.4431385099887848,0.439964234828949,1,-63.42448043823242,32.43085479736328,646.5331420898438,0.6329700350761414,0.4388883709907532,0.451494961977005,60963963111,2060160808
1,1,1,2.2435760498046875,1,2.43731689453125,1,0.06625515967607498,0.5440380573272705,-148.4562225341797,91.23236846923828,22.56411361694336,1,0.002135856542736292,0.6021446585655212,-170.56805419921875,80.64054870605469,18.709054946899414,1,2.83892560005188,30.28502082824707,644.3399047851562,0.495295912027359,0.4431704878807068,0.43978774547576904,1,-63.42072296142578,32.41905212402344,646.4982299804688,0.6329702138900757,0.43890804052352905,0.4514172077178955,60963971445,2060169142
1,1,1,2.2605743408203125,1,2.363494873046875,1,0.056397125124931335,0.5582036972045898,-151.85580444335938,88.65022277832031,21.62428092956543,1,-0.02156238630414009,0.5856556296348572,-178.740478515625,83.646240234375,19.802949905395508,1,2.8416595458984375,30.267719268798828,644.2596435546875,0.4952894449234009,0.4431959092617035,0.4396112859249115,1,-63.417579650878906,32.410850524902344,646.47509765625,0.632969081401825,0.43892183899879456,0.45136532187461853,60963979778,2060177475
1,1,1,2.2784881591796875,1,2.4385833740234375,1,0.05926842987537384,0.5722825527191162,-150.86563110351562,86.08392333984375,20.690229415893555,1,0.010510141961276531,0.6029487252235413,-167.68014526367188,80.49404907226562,18.655603408813477,1,2.863386631011963,30.253765106201172,644.213134765625,0.495243638753891,0.4432188868522644,0.43950870633125305,1,-63.40652084350586,32.40521240234375,646.465087890625,0.6329484581947327,0.4389321804046631,0.4513406455516815,60963988110,2060185808
1,1,1,2.2399444580078125,1,2.3524627685546875,1,0.07617142051458359,0.5464597940444946,-145.03656005859375,90.79093933105469,22.403419494628906,1,-0.01676655001938343,0.5723827481269836,-177.0866241455078,86.06566619873047,20.683502197265625,1,2.8770804405212402,30.26317024230957,644.2816162109375,0.49521568417549133,0.443208247423172,0.43965864181518555,1,-63.40629577636719,32.42206573486328,646.488525390625,0.6329425573348999,0.43890053033828735,0.45139360427856445,60963996444,2060194142
1,1,1,2.282073974609375,1,2.3743896484375,1,0.07242055237293243,0.5644875764846802,-146.33006286621094,87.50480651855469,21.20732307434082,1,-0.009227936156094074,0.5849295258522034,-174.48690795898438,83.778564453125,19.851192474365234,1,2.883089542388916,30.25341796875,644.3048706054688,0.49520343542099,0.4432315230369568,0.43970787525177,1,-63.396324157714844,32.410186767578125,646.43115234375,0.632935106754303,0.438917338848114,0.45126596093177795,60964004777,2060202475
1,1,1,2.2908172607421875,1,2.388671875,1,0.0684826597571373,0.578542172908783,-147.6880645751953,84.9428939819336,20.274925231933594,1,-0.0009493905236013234,0.5819233059883118,-171.6320037841797,84.32657623291016,20.050546646118164,1,2.882920265197754,30.247936248779297,644.2819213867188,0.49520352482795715,0.4432399272918701,0.4396573305130005,1,-63.40677261352539,32.408966064453125,646.5940551757812,0.632919430732727,0.43894195556640625,0.4516196846961975,60964013113,2060210811
1,1,1,2.27435302734375,1,2.4266357421875,1,0.06242511421442032,0.5767861604690552,-149.77703857421875,85.26296997070312,20.391437530517578,1,0.0022110282443463802,0.5875779390335083,-170.54212951660156,83.29582977294922,19.675493240356445,1,2.8809542655944824,30.238676071166992,644.2705688476562,0.4952075183391571,0.4432576298713684,0.43963146209716797,1,-63.42583465576172,32.39320373535156,646.6732788085938,0.6329408288002014,0.4389852285385132,0.45179256796836853,60964021447,2060219145
1,1,1,2.25030517578125,1,2.4035491943359375,1,0.06805726885795593,0.5655589699745178,-147.83477783203125,87.30949401855469,21.136335372924805,1,-0.0021855467930436134,0.58775395154953,-172.0583038330078,83.26374053955078,19.663761138916016,1,2.8807425498962402,30.2362060546875,644.328125,0.4952085614204407,0.44327017664909363,0.43975603580474854,1,-63.42063522338867,32.373741149902344,646.5454711914062,0.6329594850540161,0.43900808691978455,0.45151275396347046,60964029780,2060227478
1,1,1,2.25531005859375,1,2.3898773193359375,1,0.08223816007375717,0.593517005443573,-142.9444122314453,82.21324920654297,19.28139305114746,1,0.002352283801883459,0.5915449261665344,-170.49342346191406,82.57272338867188,19.412275314331055,1,2.8776750564575195,30.230674743652344,644.3168334960938,0.4952148199081421,0.4432801604270935,0.439730703830719,1,-63.428314208984375,32.36259460449219,646.650146484375,0.6329513192176819,0.43904533982276917,0.4517388343811035,60964038113,2060235811
1,1,1,2.2757110595703125,1,2.3741455078125,1,0.06551142036914825,0.597833514213562,-148.71270751953125,81.4264144897461,18.995027542114258,1,0.007029342465102673,0.6103390455245972,-168.88050842285156,79.14689636230469,18.165327072143555,1,2.8751912117004395,30.215673446655273,644.39794921875,0.4952208995819092,0.44332176446914673,0.43990465998649597,1,-63.419822692871094,32.32084274291992,646.4752197265625,0.6329740881919861,0.4391079246997833,0.45135340094566345,60964046446,2060244145
1,1,1,2.211639404296875,1,2.4198150634765625,1,0.07891950756311417,0.598319947719574,-144.08888244628906,81.33775329589844,18.962736129760742,1,0.011010180227458477,0.6127541065216064,-167.50770568847656,78.70669555664062,18.00506591796875,1,2.869393825531006,30.204998016357422,644.4663696289062,0.4952337443828583,0.44335275888442993,0.44005152583122253,1,-63.42405700683594,32.309120178222656,646.4868774414062,0.632980227470398,0.43913376331329346,0.451377809047699,60964054780,2060252478
1,1,1,2.2089080810546875,1,2.414337158203125,1,0.10061674565076828,0.5849829912185669,-136.60647583007812,83.76884460449219,19.847591400146484,1,0.02115028351545334,0.6180161833763123,-164.01083374023438,77.74746704101562,17.656049728393555,1,2.861323356628418,30.177127838134766,644.5585327148438,0.49525153636932373,0.4434223771095276,0.44024765491485596,1,-63.44244384765625,32.30428695678711,646.7545166015625,0.6329569220542908,0.439179927110672,0.4519588351249695,60964063113,2060260811
1,1,1,2.2516326904296875,1,2.3804473876953125,1,0.06583965569734573,0.5844810605049133,-148.59950256347656,83.86034393310547,19.88088035583496,1,-0.0030390447936952114,0.5839768648147583,-172.35264587402344,83.95221710205078,19.914379119873047,1,2.851433277130127,30.147329330444336,644.684814453125,0.49527350068092346,0.44350042939186096,0.44051751494407654,1,-63.446998596191406,32.28207778930664,646.74169921875,0.6329693794250488,0.43922409415245056,0.451928973197937,60964071447,2060269145
1,1,1,2.2454986572265625,1,2.4318084716796875,1,0.07345876097679138,0.5562301874160767,-145.97203063964844,89.00995635986328,21.755233764648438,1,0.012362652458250523,0.5961783528327942,-167.0413055419922,81.7281265258789,19.104848861694336,1,2.8433098793029785,30.139320373535156,644.6736450195312,0.4952903985977173,0.4435155391693115,0.440492182970047,1,-63.455020904541016,32.27985763549805,646.8102416992188,0.6329702734947205,0.43923792243003845,0.452078253030777,60964079779,2060277478
1,1,1,2.259552001953125,1,2.41656494140625,1,0.07722138613462448,0.5559580326080322,-144.6744842529297,89.0595703125,21.773242950439453,1,0.004276445135474205,0.598766028881073,-169.82986450195312,81.25647735595703,18.933080673217773,1,2.8349990844726562,30.12198257446289,644.7426147460938,0.4953084886074066,0.44356030225753784,0.44063931703567505,1,-63.44970703125,32.25072479248047,646.58837890625,0.6330103278160095,0.4392681419849396,0.4515940845012665,60964088112,2060285811
1,1,1,2.2104339599609375,1,2.42425537109375,1,0.06548365950584412,0.5339087247848511,-148.72227478027344,93.07878112792969,23.236129760742188,1,0.009891649708151817,0.6148685216903687,-167.89344787597656,78.32124328613281,17.86484718322754,1,2.8450868129730225,30.13249397277832,644.8117065429688,0.49528810381889343,0.44354748725891113,0.4407908618450165,1,-63.442657470703125,32.25019836425781,646.56591796875,0.6330008506774902,0.4392662048339844,0.45154404640197754,60964096446,2060294145
1,1,1,2.22869873046875,1,2.4155426025390625,1,0.12046707421541214,0.5598862767219543,-129.76101684570312,88.34354400634766,21.51263427734375,1,0.043752748519182205,0.5824866890907288,-156.21627807617188,84.2238540649414,20.01324462890625,1,2.9587931632995605,30.160030364990234,644.85693359375,0.4950513243675232,0.4434964954853058,0.44089367985725403,1,-63.369346618652344,32.26335906982422,646.4609375,0.632872998714447,0.4392249286174774,0.4513038992881775,60964104779,2060302478
1,1,1,2.2174072265625,1,2.3625946044921875,1,0.177677184343338,0.5734103322029114,-110.0318603515625,85.87835693359375,20.615325927734375,1,0.04773343726992607,0.5586428642272949,-154.84353637695312,88.57019805908203,21.595109939575195,1,3.07834529876709,30.200599670410156,644.9136962890625,0.49480244517326355,0.44342002272605896,0.441023588180542,1,-63.29936981201172,32.317466735839844,646.69921875,0.6326732635498047,0.4391455054283142,0.451811283826828,60964113112,2060310811
1,1,1,2.248382568359375,1,2.385009765625,1,0.15392331779003143,0.5888499617576599,-118.2234878540039,83.06397247314453,19.591045379638672,1,0.0406607948243618,0.5612541437149048,-157.28256225585938,88.09420013427734,21.42186737060547,1,3.1252970695495605,30.22304916381836,644.86669921875,0.49470388889312744,0.4433675706386566,0.44092512130737305,1,-63.263824462890625,32.34938049316406,646.6114501953125,0.6326196193695068,0.4390677511692047,0.45161888003349304,60964121445,2060319145
1,1,1,2.22894287109375,1,2.416473388671875,1,0.16468775272369385,0.5849390029907227,-114.51131439208984,83.77687072753906,19.850475311279297,1,0.05377286672592163,0.5882512331008911,-152.76080322265625,83.17308807373047,19.63079261779785,1,3.1272358894348145,30.24585723876953,644.900634765625,0.49470019340515137,0.4433247148990631,0.441001832485199,1,-63.273189544677734,32.374916076660156,646.6200561523438,0.6326369047164917,0.43901610374450684,0.45164304971694946,60964129779,2060327478
1,1,1,2.25067138671875,1,2.3800811767578125,1,0.15463529527187347,0.5941500663757324,-117.97795867919922,82.09783172607422,19.239444732666016,1,0.04219305142760277,0.562562882900238,-156.754150390625,87.85564422607422,21.335037231445312,1,3.1161270141601562,30.26177215576172,644.923583984375,0.4947235882282257,0.4432947337627411,0.44105371832847595,1,-63.30342102050781,32.39265823364258,646.7573852539062,0.6326680183410645,0.4389980435371399,0.451948344707489,60964138112,2060335811
1,1,1,2.2774810791015625,1,2.3686065673828125,1,0.15400224924087524,0.5967772006988525,-118.19625854492188,81.61896514892578,19.065101623535156,1,0.026767628267407417,0.5833459496498108,-162.0736846923828,84.0672607421875,19.95619010925293,1,3.1211633682250977,30.27159881591797,644.9464111328125,0.49471333622932434,0.44327738881111145,0.4411046504974365,1,-63.30895233154297,32.39787292480469,646.8014526367188,0.6326693296432495,0.4389931857585907,0.4520454704761505,60964146448,2060344147
1,1,1,2.2454833984375,1,2.379608154296875,1,0.15303528308868408,0.5649767518043518,-118.52973175048828,87.4156265258789,21.1749324798584,1,0.035743921995162964,0.6006419062614441,-158.97816467285156,80.91449737548828,18.808673858642578,1,3.1257100105285645,30.281251907348633,645.0037841796875,0.4947044551372528,0.44326478242874146,0.441230446100235,1,-63.30657196044922,32.405311584472656,646.8029174804688,0.6326640248298645,0.43897801637649536,0.452049195766449,60964154780,2060352480
1,1,1,2.27545166015625,1,2.3484649658203125,1,0.1538437157869339,0.5866112112998962,-118.25093841552734,83.47205352783203,19.739553451538086,1,0.0311678908765316,0.5788746476173401,-160.55621337890625,84.88229370117188,20.252853393554688,1,3.1241049766540527,30.287738800048828,645.0379638671875,0.49470818042755127,0.44325578212738037,0.441305547952652,1,-63.30260467529297,32.408790588378906,646.73193359375,0.6326720714569092,0.4389612078666687,0.451895534992218,60964163114,2060360813
1,1,1,2.2398681640625,1,2.4721221923828125,1,0.14323067665100098,0.5632219910621643,-121.91088104248047,87.73548126220703,21.29134178161621,1,0.07877564430236816,0.5941910743713379,-144.1384735107422,82.09037780761719,19.236663818359375,1,3.12032151222229,30.286312103271484,645.0150756835938,0.4947158396244049,0.443255752325058,0.441255658864975,1,-63.299415588378906,32.400367736816406,646.6748657226562,0.6326785087585449,0.4389708936214447,0.4517704248428345,60964171447,2060369147
1,1,1,2.2362823486328125,1,2.3878326416015625,1,0.16216813027858734,0.554169237613678,-115.3802261352539,89.38562774658203,21.891977310180664,1,0.051639050245285034,0.5805723071098328,-153.4966583251953,84.5728530883789,20.140167236328125,1,3.123328924179077,30.290443420410156,645.0263061523438,0.49470964074134827,0.4432486593723297,0.4412806034088135,1,-63.29467010498047,32.40446090698242,646.6753540039062,0.6326686143875122,0.43896251916885376,0.45177119970321655,60964179780,2060377480
1,1,1,2.25250244140625,1,2.353424072265625,1,0.15535001456737518,0.5704024434089661,-117.7314682006836,86.42662048339844,20.814926147460938,1,0.03717201575636864,0.5812791585922241,-158.48568725585938,84.44397735595703,20.09330940246582,1,3.123033285140991,30.28900718688965,645.0607299804688,0.49471065402030945,0.44325608015060425,0.44135501980781555,1,-63.283172607421875,32.38932800292969,646.582763671875,0.6326660513877869,0.43898123502731323,0.451566606760025,60964188113,2060385813
1,1,1,2.2605743408203125,1,2.3670196533203125,1,0.14542366564273834,0.5614425539970398,-121.15462493896484,88.0598373413086,21.40941619873047,1,0.04542310908436775,0.5727314352989197,-155.6402587890625,86.00208282470703,20.660429000854492,1,3.1241612434387207,30.288833618164062,645.0604248046875,0.4947082996368408,0.4432564079761505,0.441354364156723,1,-63.279869079589844,32.38539505004883,646.5369873046875,0.6326696872711182,0.43898317217826843,0.45146656036376953,60964196447,2060394147
1,1,1,2.250091552734375,1,2.3723602294921875,1,0.15524975955486298,0.5700631737709045,-117.76606750488281,86.48846435546875,20.83743667602539,1,0.046243008226156235,0.5869801044464111,-155.3574981689453,83.40479278564453,19.715131759643555,1,3.1239352226257324,30.28692626953125,645.014892578125,0.4947082996368408,0.4432544708251953,0.44125524163246155,1,-63.28281784057617,32.387290954589844,646.582763671875,0.6326653361320496,0.4389854669570923,0.45156633853912354,60964204780,2060402480
1,1,1,2.252593994140625,1,2.4324951171875,1,0.15419726073741913,0.5721626281738281,-118.1290054321289,86.10577392578125,20.69814109802246,1,0.06398393958806992,0.5834024548530579,-149.23947143554688,84.05696868896484,19.952421188354492,1,3.125718116760254,30.285730361938477,645.0032348632812,0.4947044551372528,0.4432554543018341,0.441229909658432,1,-63.282142639160156,32.382572174072266,646.5368041992188,0.6326744556427002,0.43898898363113403,0.45146629214286804,60964213112,2060410813
1,1,1,2.2754058837890625,1,2.3761138916015625,1,0.15826435387134552,0.5588700771331787,-116.7264633178711,88.52876281738281,21.58006477355957,1,0.03838884085416794,0.5775858759880066,-158.0660400390625,85.1172103881836,20.338361740112305,1,3.1276142597198486,30.289852142333984,645.0142822265625,0.49470055103302,0.44324833154678345,0.44125446677207947,1,-63.282066345214844,32.38579559326172,646.535888671875,0.6326745748519897,0.43898215889930725,0.4514647126197815,60964221446,2060419147
1,1,1,2.2407073974609375,1,2.42889404296875,1,0.1545981764793396,0.5573354959487915,-117.99075317382812,88.80850219726562,21.68187141418457,1,0.057639993727207184,0.5896808505058289,-151.42721557617188,82.91252136230469,19.53590965270996,1,3.1296966075897217,30.287940979003906,644.96875,0.4946957230567932,0.44324642419815063,0.44115546345710754,1,-63.283424377441406,32.38848114013672,646.5363159179688,0.6326771378517151,0.4389767050743103,0.45146629214286804,60964229780,2060427480
1,1,1,2.25738525390625,1,2.4341888427734375,1,0.156510129570961,0.5579457879066467,-117.33141326904297,88.6972427368164,21.641408920288086,1,0.05491970479488373,0.598754346370697,-152.3653106689453,81.25857543945312,18.933963775634766,1,3.1320137977600098,30.289600372314453,644.9453125,0.4946906268596649,0.4432399868965149,0.44110479950904846,1,-63.27854537963867,32.39179229736328,646.5033569335938,0.6326746344566345,0.438965380191803,0.451394647359848,60964238113,2060435813
1,1,1,2.2716064453125,1,2.44744873046875,1,0.15712228417396545,0.5480026006698608,-117.12031555175781,90.50971221923828,22.30107879638672,1,0.0674932599067688,0.5955016613006592,-148.02926635742188,81.85147857666016,19.149690628051758,1,3.135237455368042,30.294662475585938,644.934326171875,0.49468380212783813,0.4432280361652374,0.441081702709198,1,-63.27565383911133,32.40300750732422,646.490966796875,0.6326714158058167,0.43894052505493164,0.4513687789440155,60964246447,2060444147
1,1,1,2.237762451171875,1,2.450408935546875,1,0.15634900331497192,0.5403864979743958,-117.38697814941406,91.89799499511719,22.80634880065918,1,0.06200428679585457,0.5828710198402405,-149.92214965820312,84.15381622314453,19.987709045410156,1,3.1397223472595215,30.29313087463379,644.84228515625,0.49467340111732483,0.4432193338871002,0.44088175892829895,1,-63.27043533325195,32.40534973144531,646.4552001953125,0.6326687932014465,0.43893080949783325,0.45129090547561646,60964254780,2060452480
1,1,1,2.2042694091796875,1,2.3946533203125,1,0.16621381044387817,0.5095102787017822,-113.98504638671875,97.52617645263672,24.85483169555664,1,0.055116236209869385,0.5797829627990723,-152.2975311279297,84.71672821044922,20.19258689880371,1,3.1442012786865234,30.295236587524414,644.8312377929688,0.49466392397880554,0.443213552236557,0.4408581256866455,1,-63.26475524902344,32.41082000732422,646.4600830078125,0.6326558589935303,0.4389202296733856,0.4513009786605835,60964263112,2060460813
1,1,1,2.21783447265625,1,2.41119384765625,1,0.17137399315834045,0.5319986939430237,-112.2055435180664,93.42695617675781,23.362802505493164,1,0.06403692066669464,0.5923700332641602,-149.22119140625,82.42231750488281,19.357481002807617,1,3.150998592376709,30.296951293945312,644.79638671875,0.49464938044548035,0.44320547580718994,0.44078290462493896,1,-63.25751876831055,32.416481018066406,646.4107666015625,0.6326521635055542,0.43890181183815,0.45119377970695496,60964271446,2060469147
1,1,1,2.256683349609375,1,2.4429779052734375,1,0.15657904744148254,0.5243494510650635,-117.30764770507812,94.8212661743164,23.870344161987305,1,0.07183000445365906,0.5792469382286072,-146.5337371826172,84.81441497802734,20.228214263916016,1,3.159615993499756,30.290407180786133,644.7738647460938,0.4946311414241791,0.4432161748409271,0.44073328375816345,1,-63.25837326049805,32.41490173339844,646.4580078125,0.6326431035995483,0.438911497592926,0.45129579305648804,60964279779,2060477480
1,1,1,2.260528564453125,1,2.4515228271484375,1,0.1645975559949875,0.54730623960495,-114.54241943359375,90.63664245605469,22.347274780273438,1,0.07691433280706406,0.5794209241867065,-144.78036499023438,84.78271484375,20.216630935668945,1,3.1667020320892334,30.291728973388672,644.7850341796875,0.4946165382862091,0.44321486353874207,0.440757691860199,1,-63.2541389465332,32.416873931884766,646.471435546875,0.6326313018798828,0.43890929222106934,0.4513241946697235,60964288112,2060485813
1,1,1,2.262054443359375,1,2.419952392578125,1,0.17180056869983673,0.5413280129432678,-112.05843353271484,91.72634887695312,22.743921279907227,1,0.07028893381357193,0.571618378162384,-147.06517028808594,86.2049560546875,20.734365463256836,1,3.1743688583374023,30.286922454833984,644.8079833984375,0.49460071325302124,0.4432277977466583,0.44080692529678345,1,-63.24078369140625,32.40155792236328,646.4140014648438,0.6326168179512024,0.4389331340789795,0.45119524002075195,60964296446,2060494147
1,1,1,2.2386627197265625,1,2.4551239013671875,1,0.16184541583061218,0.547370433807373,-115.49151611328125,90.62493896484375,22.34302520751953,1,0.08842457085847855,0.5745132565498352,-140.81101989746094,85.67728424072266,20.54226303100586,1,3.1903738975524902,30.278690338134766,644.7733154296875,0.49456697702407837,0.4432404339313507,0.4407307505607605,1,-63.23048400878906,32.39486312866211,646.428955078125,0.6325920224189758,0.43894901871681213,0.4512244164943695,60964304779,2060502480
1,1,1,2.2744140625,1,2.3990020751953125,1,0.16485467553138733,0.5692610740661621,-114.45376586914062,86.63469696044922,20.890661239624023,1,0.06580858677625656,0.5898003578186035,-148.6102294921875,82.89070892333984,19.52802848815918,1,3.2050065994262695,30.269649505615234,644.7158203125,0.4945358335971832,0.44325172901153564,0.44060495495796204,1,-63.217529296875,32.38312530517578,646.4428100585938,0.6325620412826538,0.4389752149581909,0.451249897480011,60964313112,2060510813
1,1,1,2.2580413818359375,1,2.4490814208984375,1,0.14998193085193634,0.5807735919952393,-119.58268737792969,84.53614044189453,20.126863479614258,1,0.08652743697166443,0.5989225506782532,-141.46524047851562,81.2279052734375,18.922800064086914,1,3.2200543880462646,30.25315284729004,644.5438232421875,0.494502454996109,0.4432636499404907,0.44022974371910095,1,-63.18284225463867,32.37035369873047,646.3673095703125,0.6325075030326843,0.4389914572238922,0.45107778906822205,60964321446,2060519147
1,1,1,2.274810791015625,1,2.4643096923828125,1,0.16019463539123535,0.5647425055503845,-116.060791015625,87.45831298828125,21.190448760986328,1,0.0754421204328537,0.6044551730155945,-145.28807067871094,80.21942901611328,18.555721282958984,1,3.2409439086914062,30.238502502441406,644.3489990234375,0.4944566786289215,0.4432688355445862,0.439805269241333,1,-63.149993896484375,32.36526870727539,646.2683715820312,0.6324621438980103,0.438988596200943,0.45085662603378296,60964329779,2060527480
1,1,1,2.246063232421875,1,2.4485626220703125,1,0.16194181144237518,0.5633236169815063,-115.45828247070312,87.71695709228516,21.284629821777344,1,0.061168938875198364,0.5813040137290955,-150.21022033691406,84.439453125,20.091678619384766,1,3.2625582218170166,30.222251892089844,644.3030395507812,0.49441102147102356,0.4432966113090515,0.43970364332199097,1,-63.11780548095703,32.343475341796875,646.1685791015625,0.6324182748794556,0.43902015686035156,0.450631320476532,60964338112,2060535813
1,1,1,2.2711639404296875,1,2.4644775390625,1,0.15574981272220612,0.584583580493927,-117.59361267089844,83.8416519165039,19.874120712280273,1,0.07177827507257462,0.5979180932044983,-146.5515594482422,81.4110336303711,18.989341735839844,1,3.289731025695801,30.22370147705078,644.29150390625,0.49435412883758545,0.44329217076301575,0.43967896699905396,1,-63.09263610839844,32.34607696533203,646.079833984375,0.6323863863945007,0.4390028119087219,0.4504348039627075,60964346446,2060544147
1,1,1,2.2829132080078125,1,2.4022674560546875,1,0.16249963641166687,0.5824037194252014,-115.2658920288086,84.23898315429688,20.018756866455078,1,0.05948073789477348,0.57228684425354,-150.79241943359375,86.0831527709961,20.689899444580078,1,3.339261054992676,30.227855682373047,644.4056396484375,0.4942520558834076,0.44329842925071716,0.43992772698402405,1,-63.05848693847656,32.34587097167969,645.9577026367188,0.6323435306549072,0.43898671865463257,0.45016399025917053,60964354778,2060552480
1,1,1,2.25677490234375,1,2.3753662109375,1,0.21135614812374115,0.483053982257843,-98.41752624511719,102.34870910644531,26.61005210876465,1,0.08070208132266998,0.5363691449165344,-143.47415161132812,92.63025665283203,23.07288932800293,1,3.472644567489624,30.256357192993164,644.2894897460938,0.4939720034599304,0.44322457909584045,0.43968120217323303,1,-62.94963836669922,32.419517517089844,645.8367919921875,0.6321450471878052,0.438818097114563,0.449890673160553,60964363111,2060560813
1,1,1,2.242034912109375,1,2.412750244140625,1,0.2467157244682312,0.4354551434516907,-86.2236099243164,111.02510833740234,29.76805877685547,1,0.09883777052164078,0.46094998717308044,-137.219970703125,106.37786102294922,28.076549530029297,1,3.588477849960327,30.395605087280273,644.4716796875,0.493732213973999,0.44295987486839294,0.44009676575660706,1,-62.845947265625,32.55685043334961,645.9736328125,0.6318981647491455,0.4385528266429901,0.45018404722213745,60964371445,2060569147
1,1,1,2.2085418701171875,1,2.382354736328125,1,0.24922911822795868,0.3527008593082428,-85.35686492919922,126.10972595214844,35.25841522216797,1,0.09858820587396622,0.3993673622608185,-137.3060302734375,117.60325622558594,32.16228103637695,1,3.642455577850342,30.490293502807617,644.5972900390625,0.49362102150917053,0.44278013706207275,0.44038283824920654,1,-62.75245666503906,32.65470886230469,645.8263549804688,0.6317374110221863,0.43833041191101074,0.449860543012619,60964379778,2060577480
1,1,1,2.1672821044921875,1,2.4090118408203125,1,0.24959921836853027,0.2828097939491272,-85.2292251586914,138.849609375,39.89539337158203,1,0.09742052108049393,0.3205028176307678,-137.70872497558594,131.97882080078125,37.394676208496094,1,3.678480386734009,30.62903594970703,644.5390625,0.4935447871685028,0.44248518347740173,0.4402759075164795,1,-62.65901565551758,32.792686462402344,645.7847290039062,0.6315524578094482,0.4380393922328949,0.449770987033844,60964388111,2060585813
1,1,1,2.2006378173828125,1,2.3861846923828125,1,0.2598637640476227,0.22466658055782318,-81.68946838378906,149.44810485839844,43.75285720825195,1,0.1257798820734024,0.2521045207977295,-127.92887115478516,144.4466552734375,41.93244552612305,1,3.7068839073181152,30.686264038085938,644.4796142578125,0.49348458647727966,0.4423588514328003,0.44015514850616455,1,-62.636756896972656,32.87474822998047,645.8240356445312,0.6314969658851624,0.43787500262260437,0.449863076210022,60964396444,2060594146
1,1,1,2.188018798828125,1,2.3901519775390625,1,0.2623208463191986,0.19373826682567596,-80.84212493896484,155.0857696533203,45.80482482910156,1,0.13078056275844574,0.2343173772096634,-126.20436096191406,147.6889190673828,43.11258316040039,1,3.7495052814483643,30.740070343017578,644.6394653320312,0.49339765310287476,0.44226840138435364,0.4405098259449005,1,-62.588993072509766,32.92662048339844,645.7977294921875,0.6314036846160889,0.43776413798332214,0.44980388879776,60964404785,2060602487
1,1,1,2.1457061767578125,1,2.4089813232421875,1,0.2606604993343353,0.1530051976442337,-81.41470336914062,162.5106658935547,48.5073127746582,1,0.14952847361564636,0.27575916051864624,-119.73905944824219,140.13482666015625,40.3631591796875,1,3.796373128890991,30.742067337036133,644.6044921875,0.4932993948459625,0.4422597587108612,0.44043487310409546,1,-62.595420837402344,32.93571090698242,645.913818359375,0.6313906311988831,0.4377613067626953,0.45005717873573303,60964413118,2060610820
1,1,1,2.258514404296875,1,2.3720550537109375,1,0.28355398774147034,0.22787955403327942,-73.51978302001953,148.8624267578125,43.5396842956543,1,0.14158153533935547,0.26322463154792786,-122.4795913696289,142.41964721679688,41.194705963134766,1,3.8303184509277344,30.7401180267334,644.684814453125,0.49322962760925293,0.44227442145347595,0.4406092166900635,1,-62.584266662597656,32.92293167114258,645.8572998046875,0.6313803195953369,0.4377799928188324,0.449930876493454,60964421451,2060619153
1,1,1,2.2091064453125,1,2.416168212890625,1,0.272166907787323,0.20167085528373718,-77.4466552734375,153.63980102539062,45.27852249145508,1,0.13996680080890656,0.2696809470653534,-123.03645324707031,141.24276733398438,40.766395568847656,1,3.861102342605591,30.7391414642334,644.5929565429688,0.4931640923023224,0.4422644376754761,0.440410315990448,1,-62.57215881347656,32.92524337768555,645.91796875,0.6313415169715881,0.4377835988998413,0.450059711933136,60964429785,2060627487
1,1,1,2.165740966796875,1,2.41021728515625,1,0.2788170278072357,0.19686684012413025,-75.15335083007812,154.5155029296875,45.59724044799805,1,0.13100259006023407,0.2755874693393707,-126.1278076171875,140.1661376953125,40.3745002746582,1,3.88808012008667,30.725929260253906,644.5589599609375,0.4931073486804962,0.4422874450683594,0.44033509492874146,1,-62.55348205566406,32.91094207763672,645.8864135742188,0.6313099265098572,0.4378088712692261,0.44998568296432495,60964438118,2060635820
1,1,1,2.2462615966796875,1,2.416900634765625,1,0.27576568722724915,0.22126320004463196,-76.20561218261719,150.06846618652344,43.97867965698242,1,0.1319248229265213,0.25278040766716003,-125.80975341796875,144.3234405517578,41.887638092041016,1,3.919464111328125,30.739524841308594,644.5697021484375,0.4930420219898224,0.4422607421875,0.4403606951236725,1,-62.533958435058594,32.91541290283203,645.8900146484375,0.6312685608863831,0.4378001391887665,0.44999003410339355,60964446450,2060644153
1,1,1,2.2364044189453125,1,2.447967529296875,1,0.26190266013145447,0.20245645940303802,-80.98633575439453,153.49658203125,45.22640609741211,1,0.14256441593170166,0.2664797604084015,-122.14064025878906,141.82626342773438,40.978843688964844,1,3.953019618988037,30.721708297729492,644.5119018554688,0.49297115206718445,0.44229012727737427,0.44023317098617554,1,-62.50522232055664,32.89275360107422,645.8023681640625,0.6312289834022522,0.4378350079059601,0.44979166984558105,60964454784,2060652487
1,1,1,2.066864013671875,1,2.4238739013671875,1,0.266155868768692,0.08273757249116898,-79.51959991455078,175.31919860839844,53.169189453125,1,0.13352589309215546,0.28709977865219116,-125.25762176513672,138.067626953125,39.61074447631836,1,3.97707200050354,30.710315704345703,644.4425048828125,0.49292001128196716,0.44230470061302185,0.440081387758255,1,-62.48619079589844,32.88398742675781,645.7008666992188,0.631212592124939,0.4378392696380615,0.4495673179626465,60964463117,2060660820
1,1,1,2.2056732177734375,1,2.409271240234375,1,0.27616187930107117,0.18213310837745667,-76.06897735595703,157.201171875,46.57481002807617,1,0.13833682239055634,0.2769085466861725,-123.59855651855469,139.92527770996094,40.28693389892578,1,4.001690864562988,30.70952606201172,644.4769287109375,0.4928690791130066,0.4423109292984009,0.4401562213897705,1,-62.471656799316406,32.88562774658203,645.6905517578125,0.6311847567558289,0.4378344714641571,0.44954222440719604,60964471450,2060669153
1,1,1,2.24591064453125,1,2.3672027587890625,1,0.27877703309059143,0.22032064199447632,-75.16715240478516,150.24026489257812,44.041236877441406,1,0.1253620684146881,0.23971900343894958,-128.0729522705078,146.70431518554688,42.75419235229492,1,4.019921779632568,30.706501007080078,644.5919189453125,0.49283266067504883,0.44233226776123047,0.4404056668281555,1,-62.44945526123047,32.8691291809082,645.6013793945312,0.6311589479446411,0.43785640597343445,0.44934266805648804,60964479785,2060677487
1,1,1,2.241668701171875,1,2.387420654296875,1,0.27620965242385864,0.21649309992790222,-76.05252075195312,150.93795776367188,44.29518508911133,1,0.13722525537014008,0.2501913905143738,-123.98188018798828,144.7953338623047,42.05949020385742,1,4.034541130065918,30.710426330566406,644.6837158203125,0.4928034842014313,0.44233617186546326,0.440605491399765,1,-62.44414520263672,32.87139129638672,645.6260986328125,0.6311423182487488,0.4378551244735718,0.4493953585624695,60964488117,2060685820
1,1,1,2.209686279296875,1,2.409423828125,1,0.28380680084228516,0.19729533791542053,-73.43260192871094,154.43736267089844,45.56884002685547,1,0.1430879533290863,0.2709052264690399,-121.9601058959961,141.0196075439453,40.6851806640625,1,4.04770565032959,30.7008113861084,644.6029052734375,0.4927748739719391,0.442345529794693,0.44042903184890747,1,-62.445030212402344,32.866031646728516,645.7078857421875,0.6311256289482117,0.43787744641304016,0.44957128167152405,60964496450,2060694153
1,1,1,2.2393951416015625,1,2.4074249267578125,1,0.26827606558799744,0.23310518264770508,-78.78843688964844,147.9098663330078,43.19303512573242,1,0.14252473413944244,0.2790965139865875,-122.15433502197266,139.52647399902344,40.1417350769043,1,4.06143856048584,30.696819305419922,644.5914306640625,0.4927460253238678,0.4423523545265198,0.4404038190841675,1,-62.43995666503906,32.86235809326172,645.732421875,0.6311095356941223,0.4378884434700012,0.44962278008461,60964504784,2060702487
1,1,1,2.1937408447265625,1,2.416534423828125,1,0.2768159806728363,0.19977235794067383,-75.84341430664062,153.98587036132812,45.404476165771484,1,0.1495131552219391,0.2711992561817169,-119.74434661865234,140.96600341796875,40.665645599365234,1,4.072772026062012,30.690963745117188,644.5455932617188,0.4927217662334442,0.44235849380493164,0.44030362367630005,1,-62.426048278808594,32.85352325439453,645.6653442382812,0.6310959458351135,0.43789753317832947,0.4494737684726715,60964513117,2060710820
1,1,1,2.2348175048828125,1,2.3941497802734375,1,0.2770189046859741,0.2426365613937378,-75.77342224121094,146.17247009277344,42.56064987182617,1,0.1509755402803421,0.26418811082839966,-119.24003601074219,142.24400329589844,41.130836486816406,1,4.080472469329834,30.680728912353516,644.442626953125,0.49270421266555786,0.44236621260643005,0.440079003572464,1,-62.42076110839844,32.84390640258789,645.68994140625,0.6310794353485107,0.43792083859443665,0.44952431321144104,60964521450,2060719153
1,1,1,2.0816497802734375,1,2.4004058837890625,1,0.2804317772388458,0.09641394019126892,-74.59648895263672,172.82626342773438,52.2618293762207,1,0.14371930062770844,0.27414241433143616,-121.74237823486328,140.42953491210938,40.47034454345703,1,4.089423656463623,30.672714233398438,644.3623046875,0.49268433451652527,0.4423723518848419,0.43990373611450195,1,-62.42104721069336,32.843467712402344,645.7254638671875,0.6310719847679138,0.43792662024497986,0.44960102438926697,60964529784,2060727487
1,1,1,2.242034912109375,1,2.413360595703125,1,0.2729330062866211,0.24142487347126007,-77.18247985839844,146.39334106445312,42.64106750488281,1,0.15184830129146576,0.2669503092765808,-118.93907165527344,141.7405242919922,40.94753646850586,1,4.097728729248047,30.66543197631836,644.3159790039062,0.4926663339138031,0.44238144159317017,0.439802348613739,1,-62.42129898071289,32.837162017822266,645.7952880859375,0.6310566663742065,0.4379492402076721,0.44975095987319946,60964538119,2060735822
1,1,1,2.0593719482421875,1,2.3944244384765625,1,0.26968878507614136,0.10461258888244629,-78.30125427246094,171.33177185058594,51.71792221069336,1,0.1525515913963318,0.26689669489860535,-118.696533203125,141.75027465820312,40.95114517211914,1,4.101767539978027,30.663541793823242,644.2589111328125,0.4926570653915405,0.44237786531448364,0.43967828154563904,1,-62.40967559814453,32.84028625488281,645.6917724609375,0.6310560703277588,0.4379286468029022,0.44952550530433655,60964546451,2060744155
1,1,1,2.2614288330078125,1,2.386260986328125,1,0.2797369360923767,0.25589656829833984,-74.83610534667969,143.7554168701172,41.68091583251953,1,0.14145278930664062,0.2440272569656372,-122.52400207519531,145.91896057128906,42.46844482421875,1,4.105680465698242,30.65902328491211,644.2241821289062,0.4926483631134033,0.44238269329071045,0.43960240483283997,1,-62.41151809692383,32.84123229980469,645.7388305664062,0.6310491561889648,0.4379331171512604,0.44962769746780396,60964554785,2060752489
1,1,1,2.2712554931640625,1,2.4093780517578125,1,0.27401024103164673,0.27051490545272827,-76.81098175048828,141.0907745361328,40.711036682128906,1,0.14792688190937042,0.25876015424728394,-120.29137420654297,143.23341369628906,41.49095153808594,1,4.107003688812256,30.657344818115234,644.246826171875,0.4926459789276123,0.4423891305923462,0.43965137004852295,1,-62.412925720214844,32.83760070800781,645.773681640625,0.6310442090034485,0.4379453957080841,0.449702650308609,60964563118,2060760822
1,1,1,2.251556396484375,1,2.3706512451171875,1,0.2735747694969177,0.25273799896240234,-76.9611587524414,144.33119201660156,41.89044952392578,1,0.1326671838760376,0.2620728611946106,-125.55374908447266,142.6295928955078,41.27117156982422,1,4.106941223144531,30.658123016357422,644.2469482421875,0.49264609813690186,0.44238755106925964,0.439651757478714,1,-62.41318130493164,32.84647750854492,645.75,0.6310501098632812,0.4379238188266754,0.44965291023254395,60964571452,2060769155
1,1,1,2.24127197265625,1,2.4470062255859375,1,0.26282235980033875,0.25848400592803955,-80.66917419433594,143.2837677001953,41.50925827026367,1,0.15903203189373016,0.2870177626609802,-116.46172332763672,138.08258056640625,39.61617660522461,1,4.109016418457031,30.649168014526367,644.3270263671875,0.49264290928840637,0.44241657853126526,0.43982425332069397,1,-62.41633987426758,32.82725143432617,645.7611694335938,0.631054162979126,0.4379650950431824,0.44967493414878845,60964579785,2060777489
1,1,1,2.244842529296875,1,2.396514892578125,1,0.2804703712463379,0.25821131467819214,-74.58318328857422,143.33346557617188,41.52737045288086,1,0.15901561081409454,0.2763165235519409,-116.4673843383789,140.033203125,40.32619857788086,1,4.127536773681641,30.6466121673584,644.2470703125,0.4926030933856964,0.4424114525318146,0.43965068459510803,1,-62.40282440185547,32.837249755859375,645.7400512695312,0.6310309171676636,0.4379415512084961,0.44962796568870544,60964588118,2060785822
1,1,1,2.1777801513671875,1,2.3935394287109375,1,0.28846609592437744,0.20053730905056,-71.82582092285156,153.84642028808594,45.35375213623047,1,0.1629379391670227,0.23353224992752075,-115.1147689819336,147.83204650878906,43.1646728515625,1,4.158129692077637,30.651344299316406,644.2926025390625,0.4925398528575897,0.44240763783454895,0.43975046277046204,1,-62.371849060058594,32.85869216918945,645.7340087890625,0.6309678554534912,0.43789637088775635,0.449611634016037,60964596451,2060794155
1,1,1,2.1815643310546875,1,2.3824310302734375,1,0.2808096706867218,0.2274574637413025,-74.46617126464844,148.93936157226562,43.56769943237305,1,0.15704627335071564,0.24356211721897125,-117.14651489257812,146.0037841796875,42.499237060546875,1,4.159728050231934,30.632186889648438,644.3392333984375,0.4925372302532196,0.4424535036087036,0.43984904885292053,1,-62.36573791503906,32.844940185546875,645.7362060546875,0.6309547424316406,0.43792515993118286,0.449613094329834,60964604785,2060802489
1,1,1,2.204345703125,1,2.36346435546875,1,0.2863519489765167,0.223017618060112,-72.55489349365234,149.7486572265625,43.86227798461914,1,0.16541583836078644,0.23600636422634125,-114.2602310180664,147.3810272216797,43.000572204589844,1,4.151858329772949,30.632423400878906,644.350341796875,0.49255385994911194,0.44245439767837524,0.43987321853637695,1,-62.37879943847656,32.84459686279297,645.7567138671875,0.6309772729873657,0.4379286766052246,0.449660062789917,60964613118,2060810822
1,1,1,2.235321044921875,1,2.348876953125,1,0.28650274872779846,0.2378316968679428,-72.50289154052734,147.0482940673828,42.879459381103516,1,0.15007062256336212,0.25259634852409363,-119.55209350585938,144.3570098876953,41.899810791015625,1,4.147229194641113,30.60577392578125,644.396484375,0.49256423115730286,0.44251564145088196,0.439969539642334,1,-62.385887145996094,32.819053649902344,645.7786865234375,0.6309870481491089,0.43798455595970154,0.4497053027153015,60964621451,2060819155
1,1,1,2.1903839111328125,1,2.3585052490234375,1,0.28684189915657043,0.21695619821548462,-72.38593292236328,150.85354614257812,44.26441955566406,1,0.16329224407672882,0.23518791794776917,-114.9925765991211,147.53024291992188,43.05482482910156,1,4.146517753601074,30.595779418945312,644.4083251953125,0.49256595969200134,0.44253790378570557,0.43999382853507996,1,-62.39536666870117,32.80751419067383,645.8236083984375,0.630996584892273,0.43801456689834595,0.44980257749557495,60964629785,2060827489
1,1,1,2.1816558837890625,1,2.404449462890625,1,0.2879982888698578,0.20878680050373077,-71.98714447021484,152.34268188476562,44.80644607543945,1,0.16970665752887726,0.24601571261882782,-112.78052520751953,145.5565185546875,42.33648681640625,1,4.142974853515625,30.59123992919922,644.4077758789062,0.4925733208656311,0.4425472617149353,0.43999195098876953,1,-62.39799499511719,32.804649353027344,645.8225708007812,0.6310023069381714,0.43802034854888916,0.44980043172836304,60964638118,2060835822
1,1,1,2.205902099609375,1,2.3866119384765625,1,0.2891981303691864,0.2222653031349182,-71.57337188720703,149.8857879638672,43.91222381591797,1,0.1662878841161728,0.23998934030532837,-113.95951080322266,146.65501403808594,42.736324310302734,1,4.140039443969727,30.576936721801758,644.4425659179688,0.49258002638816833,0.4425814151763916,0.4400654733181,1,-62.39354705810547,32.79456329345703,645.7669677734375,0.6310057044029236,0.4380336105823517,0.44967809319496155,60964646451,2060844155
1,1,1,2.1977386474609375,1,2.37152099609375,1,0.2856918275356293,0.2265181988477707,-72.78254699707031,149.1105499267578,43.63007354736328,1,0.1612502485513687,0.23830662667751312,-115.69676971435547,146.96173095703125,42.84799575805664,1,4.140463829040527,30.581260681152344,644.4890747070312,0.49257978796958923,0.44257852435112,0.44016698002815247,1,-62.39439392089844,32.79105758666992,645.69482421875,0.6310238242149353,0.43803098797798157,0.44952192902565,60964654785,2060852489
1,1,1,2.2326812744140625,1,2.406982421875,1,0.28436771035194397,0.2614040672779083,-73.23917388916016,142.7515106201172,41.31549835205078,1,0.1759842038154602,0.24536359310150146,-110.61568450927734,145.67538452148438,42.3797492980957,1,4.1378278732299805,30.587718963623047,644.465576171875,0.4925849735736847,0.442562073469162,0.440116822719574,1,-62.39989471435547,32.797080993652344,645.7057495117188,0.6310327053070068,0.4380199611186981,0.44954752922058105,60964663118,2060860822
1,1,1,2.1832275390625,1,2.427734375,1,0.283186674118042,0.19599556922912598,-73.64645385742188,154.67428588867188,45.65508270263672,1,0.17420624196529388,0.25982022285461426,-111.22882080078125,143.0402069091797,41.420616149902344,1,4.137242794036865,30.594654083251953,644.4768676757812,0.49258631467819214,0.4425491690635681,0.44014230370521545,1,-62.40412902832031,32.80437469482422,645.6581420898438,0.6310523152351379,0.43799829483032227,0.4494467079639435,60964671453,2060869158
1,1,1,2.166107177734375,1,2.4242706298828125,1,0.28559789061546326,0.2050829976797104,-72.81493377685547,153.01780700683594,45.05216979980469,1,0.18847906589508057,0.2704176604747772,-106.30677795410156,141.10848999023438,40.71744918823242,1,4.1340813636779785,30.5970516204834,644.4655151367188,0.49259278178215027,0.44254270195961,0.44011786580085754,1,-62.405731201171875,32.81072998046875,645.6693115234375,0.6310530304908752,0.43798673152923584,0.449472039937973,60964679787,2060877492
1,1,1,2.1582183837890625,1,2.422332763671875,1,0.2894781231880188,0.2057693749666214,-71.476806640625,152.89271545410156,45.00660705566406,1,0.17002898454666138,0.27250880002975464,-112.66937255859375,140.72727966308594,40.57879638671875,1,4.131652355194092,30.60856819152832,644.465576171875,0.4925977885723114,0.44251886010169983,0.44011959433555603,1,-62.40833282470703,32.82225036621094,645.6455688476562,0.6310637593269348,0.43795961141586304,0.4494229555130005,60964688120,2060885825
1,1,1,2.1925048828125,1,2.4149627685546875,1,0.27905532717704773,0.23305292427539825,-75.07117462158203,147.91941833496094,43.196468353271484,1,0.1810206174850464,0.24999627470970154,-108.87886047363281,144.83091735839844,42.07243728637695,1,4.129729270935059,30.632720947265625,644.4315185546875,0.4926012456417084,0.44246432185173035,0.44004902243614197,1,-62.40911865234375,32.84801483154297,645.6102905273438,0.6310733556747437,0.43790140748023987,0.44935062527656555,60964696454,2060894158
1,1,1,2.230743408203125,1,2.369384765625,1,0.2830556631088257,0.2536308467388153,-73.6916275024414,144.1684112548828,41.83124923706055,1,0.1665801852941513,0.25311750173568726,-113.85871124267578,144.26197814941406,41.865318298339844,1,4.126199245452881,30.629486083984375,644.4542236328125,0.4926089644432068,0.44247403740882874,0.44009771943092346,1,-62.41345977783203,32.846160888671875,645.5964965820312,0.6310854554176331,0.43790334463119507,0.449321448802948,60964704788,2060902492
1,1,1,2.2722320556640625,1,2.3877410888671875,1,0.28687819838523865,0.28539368510246277,-72.3734130859375,138.3786163330078,39.72396469116211,1,0.17114460468292236,0.2702338397502899,-112.28465270996094,141.14199829101562,40.729713439941406,1,4.118768692016602,30.652069091796875,644.4075317382812,0.4926237463951111,0.4424211382865906,0.439999520778656,1,-62.417457580566406,32.876861572265625,645.5726318359375,0.6310989856719971,0.43783649802207947,0.4492751359939575,60964713120,2060910825
1,1,1,2.1622772216796875,1,2.3931427001953125,1,0.28471896052360535,0.2371799498796463,-73.11803436279297,147.1671142578125,42.9227180480957,1,0.17277991771697998,0.29356420040130615,-111.720703125,136.8892822265625,39.181846618652344,1,4.111868858337402,30.658287048339844,644.3729248046875,0.49263760447502136,0.4424036741256714,0.43992507457733154,1,-62.427093505859375,32.8925895690918,645.628662109375,0.6311062574386597,0.43781164288520813,0.449400395154953,60964721453,2060919158
1,1,1,2.230804443359375,1,2.413421630859375,1,0.2966490387916565,0.2524299621582031,-69.0038833618164,144.38729858398438,41.91093826293945,1,0.17740778625011444,0.2845642864704132,-110.124755859375,138.5298309326172,39.77889633178711,1,4.103792190551758,30.66098403930664,644.361328125,0.49265429377555847,0.4423966109752655,0.439900279045105,1,-62.439605712890625,32.89438247680664,645.6275634765625,0.6311324834823608,0.43780773878097534,0.449400931596756,60964729787,2060927492
1,1,1,2.2191314697265625,1,2.4071502685546875,1,0.2872409522533417,0.24316103756427765,-72.24832153320312,146.07687377929688,42.52585220336914,1,0.18055061995983124,0.29246795177459717,-109.04093933105469,137.089111328125,39.25457000732422,1,4.092298984527588,30.676116943359375,644.4533081054688,0.4926796555519104,0.4423772096633911,0.440101683139801,1,-62.457645416259766,32.91905212402344,645.670654296875,0.6311600208282471,0.4377625584602356,0.44950124621391296,60964738120,2060935825
1,1,1,2.187469482421875,1,2.385498046875,1,0.28596001863479614,0.2235008031129837,-72.69005584716797,149.66058349609375,43.83024597167969,1,0.16996799409389496,0.2972842752933502,-112.69041442871094,136.211181640625,38.93503189086914,1,4.0788702964782715,30.6829833984375,644.522705078125,0.49270862340927124,0.44237205386161804,0.44025295972824097,1,-62.473079681396484,32.9224739074707,645.7151489257812,0.6311819553375244,0.4377616047859192,0.44960087537765503,60964746453,2060944158
1,1,1,2.187713623046875,1,2.3654022216796875,1,0.28511160612106323,0.21115706861019135,-72.98262023925781,151.91062927246094,44.649192810058594,1,0.16953690350055695,0.2791590392589569,-112.83906555175781,139.5150909423828,40.137577056884766,1,4.067501544952393,30.695711135864258,644.6258544921875,0.4927338659763336,0.44235917925834656,0.4404783844947815,1,-62.48415756225586,32.93672180175781,645.7138061523438,0.6312052011489868,0.43773189187049866,0.449602335691452,60964754787,2060952492
1,1,1,2.1552886962890625,1,2.4103851318359375,1,0.2955290973186493,0.191396102309227,-69.3901138305664,155.5126953125,45.960235595703125,1,0.16619741916656494,0.3067913055419922,-113.99071502685547,134.47821044921875,38.304359436035156,1,4.053253173828125,30.697647094726562,644.6489868164062,0.4927639365196228,0.4423581063747406,0.44052866101264954,1,-62.499305725097656,32.94025421142578,645.7197875976562,0.6312352418899536,0.43772536516189575,0.449618935585022,60964763120,2060960825
1,1,1,2.174560546875,1,2.406005859375,1,0.29578518867492676,0.20260992646217346,-69.30180358886719,153.4686279296875,45.216251373291016,1,0.17832288146018982,0.30095818638801575,-109.8091812133789,135.54148864746094,38.69127655029297,1,4.038354873657227,30.7003116607666,644.6837158203125,0.49279549717903137,0.4423571228981018,0.44060418009757996,1,-62.50655746459961,32.937530517578125,645.6834716796875,0.6312585473060608,0.4377259910106659,0.4495415687561035,60964771452,2060969158
1,1,1,2.192840576171875,1,2.4282379150390625,1,0.283721387386322,0.2242131233215332,-73.46205139160156,149.53073120117188,43.782962799072266,1,0.16572625935077667,0.3008473217487335,-114.1531753540039,135.5616912841797,38.69863510131836,1,4.0248284339904785,30.703882217407227,644.7182006835938,0.4928242564201355,0.4423542022705078,0.44067928194999695,1,-62.52556610107422,32.94628143310547,645.7517700195312,0.6312824487686157,0.4377172887325287,0.44969430565834045,60964779786,2060977492
1,1,1,2.0513916015625,1,2.3717803955078125,1,0.28205883502960205,0.11048572510480881,-74.035400390625,170.26121520996094,51.3282470703125,1,0.16213871538639069,0.2664850354194641,-115.39037322998047,141.82533264160156,40.97842788696289,1,4.0123372077941895,30.698780059814453,644.6840209960938,0.49284982681274414,0.4423602819442749,0.44060418009757996,1,-62.532127380371094,32.934913635253906,645.70263671875,0.6313072443008423,0.4377339780330658,0.449587881565094,60964788120,2060985825
1,1,1,2.028106689453125,1,2.36883544921875,1,0.2813687026500702,0.09342552721500397,-74.27338409423828,173.37098693847656,52.46010208129883,1,0.15682703256607056,0.2861289978027344,-117.22212982177734,138.2445526123047,39.6751823425293,1,3.99604868888855,30.701702117919922,644.6612548828125,0.49288350343704224,0.44235122203826904,0.44055506587028503,1,-62.531005859375,32.94575500488281,645.5862426757812,0.6313313245773315,0.43769553303718567,0.449337899684906,60964796456,2060994161
1,1,1,2.1493682861328125,1,2.401580810546875,1,0.2713553309440613,0.18459171056747437,-77.7265396118164,156.75303649902344,46.411590576171875,1,0.1572430580854416,0.2878749370574951,-117.07865142822266,137.92630004882812,39.55936050415039,1,3.9750845432281494,30.691795349121094,644.5807495117188,0.4929261803627014,0.4423612058162689,0.44037872552871704,1,-62.54273986816406,32.93720245361328,645.5724487304688,0.6313588619232178,0.43771129846572876,0.449309378862381,60964804788,2061002494
1,1,1,2.1420135498046875,1,2.42132568359375,1,0.2766988277435303,0.19570741057395935,-75.8838119506836,154.72683715820312,45.674198150634766,1,0.15422092378139496,0.2842470109462738,-118.120849609375,138.58763122558594,39.80000686645508,1,3.954509735107422,30.688770294189453,644.5004272460938,0.49296796321868896,0.4423568546772003,0.44020384550094604,1,-62.552978515625,32.93564224243164,645.523193359375,0.6313912868499756,0.43770772218704224,0.44920483231544495,60964813123,2061010828
1,1,1,2.1634979248046875,1,2.3851776123046875,1,0.2772945165634155,0.21210816502571106,-75.67839813232422,151.7372589111328,44.5860710144043,1,0.1542942225933075,0.25402387976646423,-118.09556579589844,144.09678649902344,41.80516052246094,1,3.9372270107269287,30.690189361572266,644.4317016601562,0.4930030405521393,0.44234490394592285,0.44005459547042847,1,-62.58039855957031,32.9544677734375,645.62353515625,0.6314253211021423,0.43768250942230225,0.449429988861084,60964821456,2061019161
1,1,1,2.21502685546875,1,2.3936309814453125,1,0.280139684677124,0.2196733057498932,-74.69722747802734,150.35826110839844,44.08417510986328,1,0.15976005792617798,0.27022120356559753,-116.21065521240234,141.14430236816406,40.73052215576172,1,3.9133286476135254,30.68243408203125,644.3972778320312,0.49305248260498047,0.4423564374446869,0.43997856974601746,1,-62.60752868652344,32.95146942138672,645.7119140625,0.6314615607261658,0.43770086765289307,0.44962596893310547,60964829789,2061027495
1,1,1,2.20263671875,1,2.3929290771484375,1,0.2815741300582886,0.2334911823272705,-74.20255279541016,147.83949279785156,43.167449951171875,1,0.16919703781604767,0.27364522218704224,-112.95628356933594,140.5201416015625,40.50339889526367,1,3.892472267150879,30.693302154541016,644.478271484375,0.49309709668159485,0.44234445691108704,0.440155565738678,1,-62.630149841308594,32.955196380615234,645.6483154296875,0.6315228939056396,0.4376843273639679,0.44949379563331604,60964838122,2061035828
1,1,1,2.168487548828125,1,2.3814239501953125,1,0.29975172877311707,0.2216951996088028,-67.93392181396484,149.9897003173828,43.95003890991211,1,0.16634811460971832,0.27316224575042725,-113.9387435913086,140.6082000732422,40.535430908203125,1,3.921375274658203,30.672494888305664,644.32861328125,0.4930347204208374,0.4423680603504181,0.43982836604118347,1,-62.58659744262695,32.90833282470703,645.3294677734375,0.6315051913261414,0.43773752450942993,0.44878965616226196,60964846455,2061044161
1,1,1,2.114715576171875,1,2.34637451171875,1,0.3495389521121979,0.2599150240421295,-50.76457977294922,143.02291870117188,41.414337158203125,1,0.21652686595916748,0.3271700143814087,-96.63436889648438,130.76353454589844,36.95228958129883,1,4.01009464263916,30.62799644470215,644.4893798828125,0.4928518235683441,0.44248148798942566,0.4401722848415375,1,-62.50651550292969,32.870452880859375,645.4735107421875,0.6313064098358154,0.4378359317779541,0.44907864928245544,60964854789,2061052495
1,1,1,2.2128143310546875,1,2.392333984375,1,0.3706452548503876,0.32617199420928955,-43.48597717285156,130.94546508789062,37.018470764160156,1,0.2408371865749359,0.395037442445755,-88.25084686279297,118.39250946044922,32.44961929321289,1,4.052680015563965,30.53097915649414,644.604736328125,0.49276480078697205,0.4426976144313812,0.440409779548645,1,-62.44406509399414,32.80896759033203,645.4263916015625,0.6311876773834229,0.43795689940452576,0.44895511865615845,60964863122,2061060828
1,1,1,2.2642822265625,1,2.3943023681640625,1,0.3532197177410126,0.35138389468193054,-49.495243072509766,126.34978485107422,35.34580612182617,1,0.2370578646659851,0.38301026821136475,-89.55416107177734,120.58488464355469,33.24747848510742,1,4.030118465423584,30.505746841430664,644.6737670898438,0.49281296133995056,0.44275879859924316,0.4405558705329895,1,-62.47990417480469,32.780029296875,645.47900390625,0.631250262260437,0.43802398443222046,0.449072003364563,60964871455,2061069161
1,1,1,2.12786865234375,1,2.423309326171875,1,0.3567172884941101,0.2730851471424103,-48.28910446166992,140.62225341796875,40.54054260253906,1,0.2287019044160843,0.38397833704948425,-92.43576049804688,120.40839385986328,33.183311462402344,1,4.001836776733398,30.49659538269043,644.5477905273438,0.49287018179893494,0.44276130199432373,0.44028082489967346,1,-62.51731872558594,32.763763427734375,645.3197021484375,0.6313642263412476,0.43803566694259644,0.448733389377594,60964879789,2061077495
1,1,1,2.242156982421875,1,2.4159088134765625,1,0.34848394989967346,0.3459513187408447,-51.128395080566406,127.34004974365234,35.706214904785156,1,0.23469774425029755,0.385855108499527,-90.36807250976562,120.06629943847656,33.05881118774414,1,3.966733455657959,30.489227294921875,644.524658203125,0.4929431080818176,0.4427734911441803,0.440229207277298,1,-62.55815505981445,32.739768981933594,645.241455078125,0.6314668655395508,0.43807452917099,0.44856953620910645,60964888122,2061085828
1,1,1,2.2359619140625,1,2.397369384765625,1,0.3514249920845032,0.3439914286136627,-50.114166259765625,127.69731140136719,35.83622741699219,1,0.23303848505020142,0.3979267477989197,-90.94026947021484,117.8658447265625,32.257911682128906,1,3.9356489181518555,30.493606567382812,644.4676513671875,0.49300721287727356,0.4427569508552551,0.440105676651001,1,-62.58816146850586,32.7364501953125,645.2120361328125,0.6315358877182007,0.43807730078697205,0.44851166009902954,60964896455,2061094161
1,1,1,2.1742706298828125,1,2.4358673095703125,1,0.35393258929252625,0.32754790782928467,-49.24940872192383,130.6946563720703,36.92719650268555,1,0.24033498764038086,0.40717771649360657,-88.42404174804688,116.17957305908203,31.644142150878906,1,3.897947311401367,30.48147201538086,644.3883056640625,0.4930848479270935,0.4427717328071594,0.4399314522743225,1,-62.625762939453125,32.705970764160156,645.1470947265625,0.6316288709640503,0.4381314516067505,0.44837501645088196,60964904789,2061102495
1,1,1,2.1313323974609375,1,2.42083740234375,1,0.36413201689720154,0.2844514846801758,-45.73210144042969,138.55035400390625,39.786468505859375,1,0.23544611036777496,0.3965624272823334,-90.10999298095703,118.11455535888672,32.34839630126953,1,3.862631320953369,30.485485076904297,644.39990234375,0.4931587278842926,0.44276484847068787,0.4399566650390625,1,-62.68968200683594,32.711544036865234,645.4152221679688,0.6317004561424255,0.4381565451622009,0.44896796345710754,60964913122,2061110828
1,1,1,2.2090911865234375,1,2.3959808349609375,1,0.3533637821674347,0.3243037462234497,-49.44556427001953,131.28599548339844,37.142452239990234,1,0.22401048243045807,0.38678625226020813,-94.05362701416016,119.8965835571289,32.99697494506836,1,3.823509454727173,30.501901626586914,644.5150146484375,0.49324193596839905,0.44274574518203735,0.44020822644233704,1,-62.72480010986328,32.70716857910156,645.256591796875,0.6318095922470093,0.4381438195705414,0.44863200187683105,60964921455,2061119161
1,1,1,2.170166015625,1,2.4275054931640625,1,0.3479735553264618,0.30450305342674255,-51.30441665649414,134.8953399658203,38.456111907958984,1,0.22931663691997528,0.40036076307296753,-92.22377014160156,117.42219543457031,32.09636306762695,1,3.7795939445495605,30.49515151977539,644.3776245117188,0.49333181977272034,0.4427416920661926,0.43990862369537354,1,-62.760440826416016,32.691993713378906,645.1329345703125,0.6319118738174438,0.43815818428993225,0.44837021827697754,60964929791,2061127497
1,1,1,2.2059173583984375,1,2.3527679443359375,1,0.3580133616924286,0.33729225397109985,-47.84213638305664,128.91844177246094,36.28069305419922,1,0.23848997056484222,0.3959433138370514,-89.060302734375,118.2273941040039,32.3895263671875,1,3.7410078048706055,30.511829376220703,644.3087158203125,0.49341142177581787,0.4426981210708618,0.4397609531879425,1,-62.800132751464844,32.690101623535156,644.9837646484375,0.6320284008979797,0.4381415545940399,0.448056161403656,60964938125,2061135831
1,1,1,2.2137603759765625,1,2.3861083984375,1,0.35525524616241455,0.3546271026134491,-48.79328918457031,125.75860595703125,35.130615234375,1,0.22672231495380402,0.40153735876083374,-93.11843872070312,117.20771026611328,32.018348693847656,1,3.692568778991699,30.522403717041016,644.32080078125,0.49351269006729126,0.44267767667770386,0.43978801369667053,1,-62.86835479736328,32.70208740234375,645.2175903320312,0.6321166753768921,0.4381486773490906,0.448576956987381,60964946457,2061144164
1,1,1,2.170562744140625,1,2.36907958984375,1,0.3566945195198059,0.3198029398918152,-48.29694747924805,132.10643005371094,37.44104766845703,1,0.23617099225521088,0.4031509757041931,-89.86001586914062,116.91357421875,31.911300659179688,1,3.656399726867676,30.556690216064453,644.3439331054688,0.4935884475708008,0.4426095485687256,0.43984243273735046,1,-62.91425323486328,32.71876525878906,645.2194213867188,0.632211446762085,0.4381142854690552,0.44859302043914795,60964954790,2061152497
1,1,1,2.2317657470703125,1,2.372528076171875,1,0.3567621409893036,0.3885761797428131,-48.27363204956055,119.57030487060547,32.87821960449219,1,0.21361733973026276,0.39135754108428955,-97.63772583007812,119.06329345703125,32.693721771240234,1,3.6142706871032715,30.58970069885254,644.3095703125,0.49367594718933105,0.4425365924835205,0.439771831035614,1,-62.95229721069336,32.723838806152344,645.130859375,0.632310688495636,0.43809154629707336,0.448410302400589,60964963124,2061160831
1,1,1,2.18548583984375,1,2.3542327880859375,1,0.36372387409210205,0.35859254002571106,-45.87285614013672,125.03578186035156,34.86751937866211,1,0.2269984781742096,0.4124841094017029,-93.023193359375,115.2123031616211,31.292102813720703,1,3.569601058959961,30.58521270751953,644.21826171875,0.4937680661678314,0.4425339102745056,0.43957266211509705,1,-62.98839569091797,32.71104431152344,644.993408203125,0.6324172019958496,0.43809905648231506,0.448119193315506,60964971457,2061169164
1,1,1,2.1538848876953125,1,2.3939971923828125,1,0.34657347202301025,0.36171042919158936,-51.7872428894043,124.46745300292969,34.66065979003906,1,0.23568697273731232,0.3902645707130432,-90.02693176269531,119.26252746582031,32.76625442504883,1,3.5287837982177734,30.623855590820312,644.2069091796875,0.49385306239128113,0.44245222210884094,0.43955278396606445,1,-63.0491943359375,32.727108001708984,645.1357421875,0.6325108408927917,0.4380852282047272,0.44844162464141846,60964979791,2061177497
1,1,1,2.177398681640625,1,2.3967437744140625,1,0.3588123619556427,0.35119590163230896,-47.56660079956055,126.38404846191406,35.358280181884766,1,0.22301863133907318,0.40284910798072815,-94.39566802978516,116.96859741210938,31.93132781982422,1,3.4851088523864746,30.60596466064453,644.1497802734375,0.49394363164901733,0.4424816966056824,0.43942591547966003,1,-63.10493087768555,32.71989822387695,645.2528076171875,0.6325997710227966,0.4381161034107208,0.4487049877643585,60964988125,2061185831
1,1,1,2.17425537109375,1,2.3898773193359375,1,0.3634236454963684,0.3385481834411621,-45.97637939453125,128.6894989013672,36.197383880615234,1,0.2318311184644699,0.4015860855579376,-91.35664367675781,117.1988296508789,32.01509475708008,1,3.44667911529541,30.611255645751953,644.2534790039062,0.49402517080307007,0.4424842298030853,0.43965110182762146,1,-63.13439178466797,32.7059440612793,645.107177734375,0.6326944231987,0.43812495470046997,0.44839465618133545,60964996457,2061194164
1,1,1,2.1961822509765625,1,2.36651611328125,1,0.3508386015892029,0.3467273712158203,-50.316383361816406,127.1985855102539,35.65471649169922,1,0.21998560428619385,0.38648557662963867,-95.44161987304688,119.95137786865234,33.01694107055664,1,3.3848929405212402,30.628307342529297,644.22998046875,0.4941538870334625,0.44244569540023804,0.439601868391037,1,-63.182708740234375,32.69601058959961,645.027587890625,0.6328130960464478,0.4381345510482788,0.44823157787323,60965004790,2061202497
1,1,1,2.193206787109375,1,2.3538665771484375,1,0.3359033167362213,0.3418203592300415,-55.46689224243164,128.09304809570312,35.980289459228516,1,0.17912974953651428,0.3796762526035309,-109.53093719482422,121.19259643554688,33.468753814697266,1,3.3013672828674316,30.605518341064453,644.174072265625,0.49432772397994995,0.4424854815006256,0.43947649002075195,1,-63.22285079956055,32.659446716308594,644.8446655273438,0.6329386830329895,0.4381851255893707,0.44783976674079895,60965013124,2061210831
1,1,1,2.1053619384765625,1,2.385223388671875,1,0.3500019311904907,0.2855362296104431,-50.60491180419922,138.35263061523438,39.71450424194336,1,0.20692570507526398,0.39528802037239075,-99.94538879394531,118.34685516357422,32.43296813964844,1,3.2415308952331543,30.63449478149414,644.1969604492188,0.49445292353630066,0.44242826104164124,0.4395294189453125,1,-63.308746337890625,32.68705749511719,645.13232421875,0.6330508589744568,0.43816718459129333,0.4484827518463135,60965021457,2061219164
1,1,1,2.1089935302734375,1,2.36712646484375,1,0.3325565457344055,0.27494800090789795,-56.621036529541016,140.28269958496094,40.416908264160156,1,0.18638157844543457,0.35514774918556213,-107.03010559082031,125.66370391845703,35.09603500366211,1,3.2109427452087402,30.624366760253906,644.2088623046875,0.4945169687271118,0.44245079159736633,0.43955355882644653,1,-63.35332107543945,32.672752380371094,645.135009765625,0.6331428289413452,0.43819713592529297,0.44849589467048645,60965029790,2061227497
1,1,1,2.206329345703125,1,2.373046875,1,0.33573952317237854,0.3502005934715271,-55.52337646484375,126.56549835205078,35.424293518066406,1,0.18520888686180115,0.38703668117523193,-107.43451690673828,119.85092163085938,32.98039627075195,1,3.1755623817443848,30.62002182006836,644.2088012695312,0.4945908188819885,0.44245973229408264,0.43955251574516296,1,-63.380332946777344,32.65126037597656,645.0241088867188,0.633224606513977,0.4382263422012329,0.44825902581214905,60965038124,2061235831
1,1,1,2.213043212890625,1,2.38555908203125,1,0.33696386218070984,0.36075493693351746,-55.10115432739258,124.64160919189453,34.72404861450195,1,0.18204306066036224,0.38539326190948486,-108.52627563476562,120.15047454833984,33.0894660949707,1,3.1390886306762695,30.635040283203125,644.19775390625,0.4946668744087219,0.4424270689487457,0.43953007459640503,1,-63.41596221923828,32.64900207519531,644.9122314453125,0.6333244442939758,0.43821561336517334,0.44802457094192505,60965046457,2061244164
1,1,1,2.2127227783203125,1,2.3756103515625,1,0.3282763361930847,0.3300915062427521,-58.09708786010742,130.2310028076172,36.758445739746094,1,0.19557133316993713,0.41126689314842224,-103.86096954345703,115.43419647216797,31.372779846191406,1,3.1112735271453857,30.62975311279297,644.1754760742188,0.49472469091415405,0.44243505597114563,0.43948087096214294,1,-63.472049713134766,32.65332794189453,645.0768432617188,0.633402943611145,0.43822914361953735,0.448392391204834,60965054789,2061252497
1,1,1,2.1783447265625,1,2.3892669677734375,1,0.34038877487182617,0.34798088669776917,-53.920047760009766,126.97010803222656,35.571529388427734,1,0.20221030712127686,0.3809971213340759,-101.57150268554688,120.95182037353516,33.38109588623047,1,3.0757577419281006,30.648738861083984,644.0718994140625,0.4947977364063263,0.4423820972442627,0.439258337020874,1,-63.51842498779297,32.69133377075195,645.279052734375,0.6334523558616638,0.43817803263664246,0.44884419441223145,60965063126,2061260833
1,1,1,2.192779541015625,1,2.357574462890625,1,0.3434425890445709,0.351175457239151,-52.86692428588867,126.38777160644531,35.35961151123047,1,0.18315686285495758,0.38796740770339966,-108.14215850830078,119.68124389648438,32.91865158081055,1,3.0466222763061523,30.645864486694336,644.0260620117188,0.49485811591148376,0.44238194823265076,0.439158171415329,1,-63.55445861816406,32.70391082763672,645.3897094726562,0.6335015892982483,0.43816712498664856,0.44909244775772095,60965071459,2061269166
1,1,1,2.2161102294921875,1,2.3722991943359375,1,0.3428991138935089,0.35385367274284363,-53.05435562133789,125.89957427978516,35.18197250366211,1,0.19662970304489136,0.37099191546440125,-103.49600982666016,122.77558898925781,34.0449333190918,1,3.0259926319122314,30.654747009277344,644.0608520507812,0.494901567697525,0.4423680305480957,0.43923473358154297,1,-63.574668884277344,32.70088195800781,645.2679443359375,0.6335716843605042,0.4381566345691681,0.4488334357738495,60965079792,2061277499
1,1,1,2.17041015625,1,2.3314056396484375,1,0.33271852135658264,0.3153144121170044,-56.5651741027832,132.92459106445312,37.73887252807617,1,0.18261879682540894,0.35199615359306335,-108.32772827148438,126.2381591796875,35.305206298828125,1,3.0016965866088867,30.671831130981445,644.198486328125,0.4949537515640259,0.4423506259918213,0.43953537940979004,1,-63.60307312011719,32.71223449707031,645.2982177734375,0.6336236596107483,0.4381372034549713,0.44890642166137695,60965088126,2061285833
1,1,1,2.1594085693359375,1,2.365020751953125,1,0.35342639684677124,0.3096458315849304,-49.42398452758789,133.9578857421875,38.11495590209961,1,0.1867186427116394,0.3611326217651367,-106.91388702392578,124.5727767944336,34.69900894165039,1,2.9782378673553467,30.673912048339844,644.2783203125,0.4950036108493805,0.44235673546791077,0.4397086799144745,1,-63.63002014160156,32.707298278808594,645.3509521484375,0.6336674094200134,0.4381546378135681,0.44902515411376953,60965096459,2061294166
1,1,1,2.227142333984375,1,2.342926025390625,1,0.3313443064689636,0.3488049805164337,-57.0390739440918,126.81987762451172,35.51688766479492,1,0.17903555929660797,0.3735719919204712,-109.56341552734375,122.3052749633789,33.87373733520508,1,2.956836700439453,30.682186126708984,644.3353271484375,0.4950488805770874,0.44234699010849,0.43983325362205505,1,-63.64748001098633,32.71157455444336,645.2313232421875,0.6337313055992126,0.4381293058395386,0.448771208524704,60965104792,2061302499
1,1,1,2.2284698486328125,1,2.3389434814453125,1,0.34209907054901123,0.34369176626205444,-53.33024978637695,127.7519302368164,35.85612106323242,1,0.1771916151046753,0.3646604120731354,-110.19930267333984,123.9296875,34.464988708496094,1,2.9355132579803467,30.682586669921875,644.324462890625,0.49509331583976746,0.44234469532966614,0.43980953097343445,1,-63.65195846557617,32.693748474121094,645.065185546875,0.6337791085243225,0.43814346194267273,0.4484109580516815,60965113125,2061310833
1,1,1,2.188232421875,1,2.3702545166015625,1,0.32899707555770874,0.31977298855781555,-57.848533630371094,132.11187744140625,37.44302749633789,1,0.1742214560508728,0.3630918562412262,-111.22357940673828,124.21563720703125,34.56901550292969,1,2.914189338684082,30.678207397460938,644.267333984375,0.4951372444629669,0.4423462450504303,0.43968477845191956,1,-63.66840362548828,32.68222427368164,645.0159301757812,0.6338247060775757,0.4381605088710785,0.4483064115047455,60965121458,2061319166
1,1,1,2.2311859130859375,1,2.34771728515625,1,0.33081841468811035,0.3598184883594513,-57.22043228149414,124.81230926513672,34.78621292114258,1,0.18133598566055298,0.3579108417034149,-108.77010345458984,125.16002655029297,34.912776947021484,1,2.8991174697875977,30.670141220092773,644.1417846679688,0.49516746401786804,0.4423464834690094,0.43941107392311096,1,-63.68149185180664,32.67485427856445,644.953857421875,0.6338663101196289,0.4381672441959381,0.4481741189956665,60965129791,2061327499
1,1,1,2.1822052001953125,1,2.347869873046875,1,0.344306081533432,0.33443912863731384,-52.56916046142578,129.43850708007812,36.46999740600586,1,0.18104614317417145,0.3651861548423767,-108.87006378173828,123.83390045166016,34.43001174926758,1,2.868513584136963,30.653987884521484,644.01611328125,0.49523013830184937,0.4423635005950928,0.439135879278183,1,-63.72996139526367,32.663734436035156,645.1319580078125,0.6339257955551147,0.43821460008621216,0.448567271232605,60965138125,2061335833
1,1,1,2.179595947265625,1,2.3758697509765625,1,0.2830934524536133,0.32202306389808655,-73.67860412597656,131.7017364501953,37.293758392333984,1,0.14749737083911896,0.3920747935771942,-120.43949890136719,118.93254089355469,32.64616394042969,1,2.731109619140625,30.665618896484375,644.2568359375,0.4955195188522339,0.44237062335014343,0.439658522605896,1,-63.87321472167969,32.651283264160156,645.5264892578125,0.6341317892074585,0.4382941722869873,0.44944751262664795,60965146458,2061344166
1,1,1,2.155609130859375,1,2.3865966796875,1,0.22648915648460388,0.3238064646720886,-93.19884490966797,131.3766632080078,37.1754035949707,1,0.07387619465589523,0.3778274655342102,-145.8280792236328,121.52959442138672,33.591434478759766,1,2.498931884765625,30.660078048706055,644.281494140625,0.4960046410560608,0.44238486886024475,0.43970921635627747,1,-64.03740692138672,32.61829376220703,645.600341796875,0.6344555020332336,0.4383722245693207,0.44963696599006653,60965154792,2061352499
1,1,1,2.23382568359375,1,2.33660888671875,1,0.1940821260213852,0.356073796749115,-104.37454223632812,125.49490356445312,35.034610748291016,1,0.02629251964390278,0.3799133896827698,-162.23751831054688,121.14934539794922,33.452999114990234,1,2.293890953063965,30.658599853515625,644.35107421875,0.49643340706825256,0.4423966407775879,0.4398583471775055,1,-64.17715454101562,32.61464309692383,646.0775756835938,0.6346343755722046,0.43844476342201233,0.45069631934165955,60965163125,2061360833
1,1,1,2.244781494140625,1,2.3479766845703125,1,0.1781933307647705,0.3485988676548004,-109.8538589477539,126.85745239257812,35.530513763427734,1,0.025818288326263428,0.37051671743392944,-162.4010467529297,122.86219787597656,34.07644271850586,1,2.1947085857391357,30.64118766784668,643.938720703125,0.49663734436035156,0.44237855076789856,0.43896061182022095,1,-64.27891540527344,32.63026428222656,646.4945068359375,0.6347482204437256,0.43846914172172546,0.45162034034729004,60965171458,2061369166
1,1,1,2.189788818359375,1,2.336395263671875,1,0.17946594953536987,0.3270646929740906,-109.41500091552734,130.7827606201172,36.95921325683594,1,0.024089723825454712,0.3667175769805908,-162.99716186523438,123.55474853515625,34.328426361083984,1,2.195948362350464,30.63808822631836,643.9388427734375,0.4966347813606262,0.4423850178718567,0.438960462808609,1,-64.26636505126953,32.62540817260742,646.508544921875,0.6347190141677856,0.4384811520576477,0.45164716243743896,60965179791,2061377499
1,1,1,2.24090576171875,1,2.3515777587890625,1,0.18398013710975647,0.3660230040550232,-107.85826110839844,123.68134307861328,34.374534606933594,1,0.0253465436398983,0.3700147271156311,-162.56373596191406,122.95368957519531,34.109771728515625,1,2.2207136154174805,30.639162063598633,643.9732666015625,0.4965832531452179,0.4423873722553253,0.43903544545173645,1,-64.25310516357422,32.621219635009766,646.4520263671875,0.6347046494483948,0.4384821057319641,0.45152175426483154,60965188125,2061385833
1,1,1,2.209625244140625,1,2.3890838623046875,1,0.18676789104938507,0.3458474278450012,-106.89689636230469,127.35897827148438,35.713096618652344,1,0.02989412657916546,0.38066524267196655,-160.99549865722656,121.0123291015625,33.40310287475586,1,2.233358860015869,30.635759353637695,644.0648193359375,0.4965575933456421,0.44240641593933105,0.43923380970954895,1,-64.25578308105469,32.60514450073242,646.3924560546875,0.6347241401672363,0.43850719928741455,0.45139145851135254,60965196461,2061394169
1,1,1,2.2106475830078125,1,2.3570709228515625,1,0.17943204939365387,0.3490583002567291,-109.42668151855469,126.77368927001953,35.5001106262207,1,0.0333840437233448,0.3958623707294464,-159.79197692871094,118.24214935302734,32.39487075805664,1,2.2459137439727783,30.633913040161133,644.13427734375,0.4965319037437439,0.4424193203449249,0.43938425183296204,1,-64.2375259399414,32.582664489746094,646.23095703125,0.6347240209579468,0.43853169679641724,0.451035737991333,60965204794,2061402502
1,1,1,2.189422607421875,1,2.3383941650390625,1,0.18727758526802063,0.34239432215690613,-106.72112274169922,127.98844146728516,35.94216537475586,1,0.03167574852705002,0.3731835186481476,-160.381103515625,122.37610626220703,33.89949035644531,1,2.2609000205993652,30.644329071044922,644.156494140625,0.49650073051452637,0.44240066409111023,0.4394340217113495,1,-64.21212005615234,32.58006286621094,646.1535034179688,0.6346893310546875,0.43852654099464417,0.45086270570755005,60965213128,2061410836
1,1,1,2.176666259765625,1,2.3475189208984375,1,0.18002426624298096,0.31403037905693054,-109.22246551513672,133.15866088867188,37.824031829833984,1,0.01358790509402752,0.37895554304122925,-166.61874389648438,121.323974609375,33.51653289794922,1,2.2783756256103516,30.636722564697266,644.213623046875,0.4964647591114044,0.442423939704895,0.4395570158958435,1,-64.16632080078125,32.553810119628906,645.9037475585938,0.6346525549888611,0.43854689598083496,0.450310081243515,60965221460,2061419169
1,1,1,2.1628570556640625,1,2.377960205078125,1,0.17941366136074066,0.3170861601829529,-109.43302917480469,132.6016387939453,37.62131881713867,1,0.02804281748831272,0.3963657021522522,-161.63392639160156,118.1504135131836,32.36148452758789,1,2.2999866008758545,30.64560890197754,644.2362060546875,0.4964197874069214,0.4424085319042206,0.43960729241371155,1,-64.14261627197266,32.552249908447266,645.81396484375,0.6346243619918823,0.4385378956794739,0.45011106133461,60965229794,2061427502
1,1,1,2.1950836181640625,1,2.376739501953125,1,0.18168750405311584,0.32912006974220276,-108.64888000488281,130.40809631347656,36.82288360595703,1,0.020192230120301247,0.4110822081565857,-164.3412322998047,115.46784973144531,31.385099411010742,1,2.320291519165039,30.638927459716797,644.1672973632812,0.49637678265571594,0.44241341948509216,0.43945711851119995,1,-64.11924743652344,32.54816436767578,645.8544921875,0.6345664858818054,0.43855196237564087,0.45019304752349854,60965238128,2061435836
1,1,1,2.1834259033203125,1,2.3271942138671875,1,0.17930512130260468,0.3345947265625,-109.47045135498047,129.41015625,36.459659576416016,1,0.014934305101633072,0.3814706802368164,-166.15444946289062,120.8655014038086,33.34967041015625,1,2.344017505645752,30.6274356842041,644.1207275390625,0.49632686376571655,0.44243118166923523,0.43935465812683105,1,-64.09370422363281,32.537654876708984,645.6947631835938,0.6345506310462952,0.4385519325733185,0.44984132051467896,60965246461,2061444169
1,1,1,2.1920166015625,1,2.36932373046875,1,0.1732420176267624,0.34078359603881836,-111.56134033203125,128.2820281982422,36.04906463623047,1,0.021022874861955643,0.39079782366752625,-164.05479431152344,119.16531372070312,32.73090744018555,1,2.3572983741760254,30.631866455078125,644.1097412109375,0.49629899859428406,0.4424206018447876,0.439331591129303,1,-64.08562469482422,32.542213439941406,645.685791015625,0.6345359086990356,0.4385412931442261,0.449820876121521,60965254794,2061452502
1,1,1,2.2353363037109375,1,2.3520660400390625,1,0.18272928893566132,0.34623950719833374,-108.28961944580078,127.28751373291016,35.68709945678711,1,0.028520960360765457,0.404028058052063,-161.46902465820312,116.75369262695312,31.853092193603516,1,2.368795871734619,30.617324829101562,644.0986328125,0.4962749779224396,0.44244930148124695,0.4393055737018585,1,-64.07200622558594,32.52892303466797,645.6305541992188,0.6345205903053284,0.43856126070022583,0.449696809053421,60965263128,2061460836
1,1,1,2.1904144287109375,1,2.3449249267578125,1,0.16621938347816467,0.32239896059036255,-113.9831314086914,131.6332244873047,37.26878356933594,1,0.02528698369860649,0.38810640573501587,-162.5842742919922,119.65592193603516,32.90941619873047,1,2.3812015056610107,30.634984970092773,644.0062866210938,0.4962482154369354,0.44240063428878784,0.439107745885849,1,-64.05125427246094,32.53207778930664,645.3984375,0.6345314979553223,0.4385231137275696,0.449191689491272,60965271461,2061469169
1,1,1,2.1871490478515625,1,2.38665771484375,1,0.1811993420124054,0.3349422812461853,-108.81722259521484,129.34677124023438,36.436676025390625,1,0.03774403780698776,0.3976249694824219,-158.28842163085938,117.92085266113281,32.2779541015625,1,2.3930039405822754,30.62613296508789,643.9375610351562,0.49622300267219543,0.4424099922180176,0.438957542181015,1,-64.04727935791016,32.52811050415039,645.42333984375,0.6345174312591553,0.4385347366333008,0.44924408197402954,60965279793,2061477502
1,1,1,2.19097900390625,1,2.3538665771484375,1,0.18348680436611176,0.3370155692100525,-108.02838897705078,128.9688720703125,36.299072265625,1,0.05155295506119728,0.3919386565685272,-153.52635192871094,118.95738220214844,32.655189514160156,1,2.401453971862793,30.630924224853516,643.8457641601562,0.49620455503463745,0.4423880875110626,0.43875905871391296,1,-64.03726196289062,32.53907775878906,645.424072265625,0.6344965100288391,0.4385121166706085,0.4492451548576355,60965288127,2061485836
1,1,1,2.217010498046875,1,2.3624114990234375,1,0.18759293854236603,0.34254664182662964,-106.61236572265625,127.96066284179688,35.93209457397461,1,0.05035495012998581,0.38507401943206787,-153.93948364257812,120.20866394042969,33.110591888427734,1,2.4060423374176025,30.632152557373047,643.7543334960938,0.4961942136287689,0.4423735737800598,0.43856096267700195,1,-64.02958679199219,32.55453109741211,645.471923828125,0.6344693303108215,0.4384867250919342,0.449349045753479,60965296460,2061494169
1,1,1,2.193572998046875,1,2.3455657958984375,1,0.18535032868385315,0.3431147634983063,-107.38573455810547,127.85708618164062,35.89443588256836,1,0.0472564622759819,0.3713274896144867,-155.0080108642578,122.71441650390625,34.02262878417969,1,2.410675048828125,30.629615783691406,643.7314453125,0.4961842894554138,0.44237586855888367,0.438510924577713,1,-64.02056121826172,32.553340911865234,645.463134765625,0.6344527006149292,0.4384879767894745,0.4493279457092285,60965304793,2061502502
1,1,1,2.203155517578125,1,2.37353515625,1,0.1773582249879837,0.32256099581718445,-110.14186096191406,131.60369873046875,37.25802993774414,1,0.052678294479846954,0.4008008539676666,-153.13827514648438,117.34196472167969,32.06719970703125,1,2.413033962249756,30.640012741088867,643.7310791015625,0.49617934226989746,0.4423542618751526,0.43851158022880554,1,-64.01382446289062,32.584712982177734,645.4759521484375,0.6344355940818787,0.4384247958660126,0.44935861229896545,60965313127,2061510836
1,1,1,2.1789398193359375,1,2.3751220703125,1,0.18668359518051147,0.3230963349342346,-106.92595672607422,131.506103515625,37.222537994384766,1,0.04039754346013069,0.39803820848464966,-157.37335205078125,117.8455581665039,32.250457763671875,1,2.4165735244750977,30.640344619750977,643.7313842773438,0.4961719512939453,0.44235357642173767,0.43851238489151,1,-64.0124282836914,32.579044342041016,645.47509765625,0.6344329118728638,0.4384364187717438,0.44935569167137146,60965321462,2061519171
1,1,1,2.2535400390625,1,2.367340087890625,1,0.17695699632167816,0.3422147333621979,-110.28022003173828,128.0211639404297,35.954124450683594,1,0.040717482566833496,0.377943217754364,-157.2630157470703,121.5085220336914,33.58365249633789,1,2.4189388751983643,30.64360237121582,643.7313232421875,0.49616700410842896,0.44234681129455566,0.4385126531124115,1,-64.00784301757812,32.58501434326172,645.4522705078125,0.6344286799430847,0.4384208917617798,0.44930630922317505,60965329795,2061527504
1,1,1,2.2077178955078125,1,2.3619232177734375,1,0.17713099718093872,0.31789806485176086,-110.22021484375,132.45364379882812,37.56741714477539,1,0.04892406612634659,0.3950488567352295,-154.43292236328125,118.3904037475586,32.448917388916016,1,2.4201860427856445,30.648876190185547,643.731201171875,0.49616438150405884,0.44233590364456177,0.43851304054260254,1,-64.01469421386719,32.601173400878906,645.5223388671875,0.6344265341758728,0.43839702010154724,0.44946131110191345,60965338128,2061535838
1,1,1,2.190216064453125,1,2.367523193359375,1,0.18565231561660767,0.3012198805809021,-107.2815933227539,135.49378967285156,38.673912048339844,1,0.04734474793076515,0.4013977646827698,-154.97756958007812,117.23316192626953,32.02755355834961,1,2.423330783843994,30.64979362487793,643.7655029296875,0.49615806341171265,0.4423384964466095,0.4385877549648285,1,-64.00928497314453,32.59112548828125,645.5120849609375,0.634417712688446,0.4384164810180664,0.44943660497665405,60965346461,2061544171
1,1,1,2.214385986328125,1,2.363372802734375,1,0.18513257801532745,0.304439514875412,-107.46083068847656,134.9069061279297,38.46034622192383,1,0.05013115331530571,0.4062706232070923,-154.01666259765625,116.34492492675781,31.70429229736328,1,2.429067373275757,30.659873962402344,643.7774658203125,0.49614620208740234,0.4423191249370575,0.438615083694458,1,-64.0126724243164,32.60596466064453,645.5933227539062,0.6344058513641357,0.4383968412876129,0.44961482286453247,60965354794,2061552504
1,1,1,2.1903228759765625,1,2.374267578125,1,0.18094046413898468,0.2993364930152893,-108.90650177001953,135.8370819091797,38.79890441894531,1,0.046296652406454086,0.3937944769859314,-155.33901977539062,118.61909484863281,32.53205871582031,1,2.429488182067871,30.653059005737305,643.765625,0.49614521861076355,0.4423317313194275,0.438588410615921,1,-63.99861145019531,32.58527374267578,645.5252685546875,0.6343925595283508,0.43843039870262146,0.449461966753006,60965363128,2061560838
1,1,1,2.237640380859375,1,2.3325653076171875,1,0.18627844750881195,0.32422831654548645,-107.065673828125,131.29977416992188,37.147396087646484,1,0.0435715951025486,0.38662829995155334,-156.2787628173828,119.92536926269531,33.00748825073242,1,2.4369826316833496,30.659683227539062,643.7892456054688,0.4961297810077667,0.4423210918903351,0.43864068388938904,1,-63.99964141845703,32.58945083618164,645.6080932617188,0.6343753337860107,0.43843305110931396,0.449641615152359,60965371461,2061569171
1,1,1,2.1876983642578125,1,2.405792236328125,1,0.18889577686786652,0.29388344287872314,-106.16307830810547,136.8311004638672,39.16066360473633,1,0.029193315654993057,0.400857537984848,-161.2371826171875,117.33161926269531,32.0634765625,1,2.443384885787964,30.66704559326172,643.8345947265625,0.4961167871952057,0.4423118233680725,0.43874019384384155,1,-63.99258804321289,32.5927848815918,645.6209106445312,0.6343578696250916,0.4384279251098633,0.449668288230896,60965379794,2061577504
1,1,1,2.19256591796875,1,2.3395233154296875,1,0.1783318668603897,0.28849318623542786,-109.80608367919922,137.8136444091797,39.51824188232422,1,0.03792712837457657,0.3875812590122223,-158.2252960205078,119.75163269042969,32.94432830810547,1,2.452078342437744,30.665874481201172,643.8800048828125,0.49609893560409546,0.44232016801834106,0.43883854150772095,1,-63.98375701904297,32.57856750488281,645.646484375,0.6343335509300232,0.4384608864784241,0.44971951842308044,60965388127,2061585838
1,1,1,2.22650146484375,1,2.3677520751953125,1,0.17526201903820038,0.33789846301078796,-110.86473846435547,128.80792236328125,36.240509033203125,1,0.035502854734659195,0.4014816880226135,-159.06129455566406,117.2178726196289,32.02199935913086,1,2.4662060737609863,30.686725616455078,643.971435546875,0.4960702359676361,0.44228896498680115,0.439039945602417,1,-63.97753143310547,32.60713195800781,645.7295532226562,0.6343012452125549,0.4384131133556366,0.44990167021751404,60965396460,2061594171
1,1,1,2.2279510498046875,1,2.364776611328125,1,0.1911664754152298,0.3434687554836273,-105.38001251220703,127.79258728027344,35.87089538574219,1,0.047658782452344894,0.39090096950531006,-154.86927795410156,119.1465072631836,32.72406768798828,1,2.5151824951171875,30.689918518066406,644.1209106445312,0.4959692358970642,0.44230201840400696,0.439365029335022,1,-63.94998550415039,32.616111755371094,645.9348754882812,0.634196400642395,0.43842270970344543,0.4503403306007385,60965404793,2061602504
1,1,1,2.2492523193359375,1,2.332611083984375,1,0.1970779299736023,0.3383360505104065,-103.34142303466797,128.72817993164062,36.2114372253418,1,0.042605526745319366,0.40798306465148926,-156.6118927001953,116.03276824951172,31.590682983398438,1,2.566255569458008,30.706968307495117,644.0634765625,0.4958619773387909,0.4422592222690582,0.43924322724342346,1,-63.910362243652344,32.670310974121094,646.0591430664062,0.6340852975845337,0.4383276104927063,0.45060795545578003,60965413127,2061610838
1,1,1,2.2077484130859375,1,2.3666229248046875,1,0.19243799149990082,0.32173168659210205,-104.9415283203125,131.75482177734375,37.3131217956543,1,0.045117978006601334,0.4035381078720093,-155.7454833984375,116.843017578125,31.885574340820312,1,2.589261054992676,30.730228424072266,644.0748291015625,0.4958139955997467,0.4422125220298767,0.43927136063575745,1,-63.873355865478516,32.68841552734375,645.912109375,0.6340425610542297,0.43827012181282043,0.450285404920578,60965421460,2061619171
1,1,1,2.2181854248046875,1,2.359710693359375,1,0.1932014673948288,0.32974812388420105,-104.6782455444336,130.29359436035156,36.78122329711914,1,0.047849349677562714,0.4117552638053894,-154.80357360839844,115.34516143798828,31.340442657470703,1,2.6079204082489014,30.73312759399414,643.948486328125,0.4957738220691681,0.442190021276474,0.438997745513916,1,-63.85715103149414,32.69619369506836,645.881103515625,0.6340160369873047,0.438249796628952,0.450216144323349,60965429793,2061627504
1,1,1,2.1990203857421875,1,2.3638153076171875,1,0.20608729124069214,0.3388994038105011,-100.23451232910156,128.62548828125,36.174095153808594,1,0.04430348798632622,0.418893426656723,-156.02635192871094,114.04398345947266,30.86687469482422,1,2.6309311389923096,30.803653717041016,643.8788452148438,0.4957249164581299,0.44203460216522217,0.43885645270347595,1,-63.82075500488281,32.734989166259766,645.8179321289062,0.6339550018310547,0.4381609261035919,0.450077623128891,60965438127,2061635838
1,1,1,2.2143096923828125,1,2.3525848388671875,1,0.19955259561538696,0.3524543344974518,-102.48802185058594,126.15467071533203,35.27475357055664,1,0.0493040457367897,0.3851287364959717,-154.30189514160156,120.19869995117188,33.106990814208984,1,2.65547513961792,30.819995880126953,643.8327026367188,0.49567317962646484,0.44199472665786743,0.438758909702301,1,-63.7980842590332,32.75477600097656,645.8692626953125,0.633895993232727,0.4381270706653595,0.45018643140792847,60965446459,2061644171
1,1,1,2.207000732421875,1,2.3831939697265625,1,0.1966748982667923,0.34408068656921387,-103.48040771484375,127.68101501464844,35.830360412597656,1,0.05006584897637367,0.3844788372516632,-154.0391845703125,120.31715393066406,33.150150299072266,1,2.6792240142822266,30.842378616333008,643.8671875,0.49562379717826843,0.4419528841972351,0.438836932182312,1,-63.7767333984375,32.772422790527344,645.89599609375,0.6338455080986023,0.43809428811073303,0.45024216175079346,60965454795,2061652507
1,1,1,2.210845947265625,1,2.327880859375,1,0.19628100097179413,0.35070496797561646,-103.61624908447266,126.47354125976562,35.390838623046875,1,0.03726573288440704,0.3810640275478363,-158.45335388183594,120.93962097167969,33.376678466796875,1,2.7082467079162598,30.861818313598633,644.0611572265625,0.4955650269985199,0.4419381320476532,0.43926072120666504,1,-63.746315002441406,32.78422927856445,645.8794555664062,0.6337862014770508,0.43806764483451843,0.45020169019699097,60965463128,2061660840
1,1,1,2.2229156494140625,1,2.3874359130859375,1,0.19135282933712006,0.3356768786907196,-105.31575775146484,129.21290588378906,36.38785934448242,1,0.05305352434515953,0.39305418729782104,-153.0088653564453,118.75402069091797,32.5811882019043,1,2.740825891494751,30.8740234375,644.17529296875,0.49549800157546997,0.44192788004875183,0.439510315656662,1,-63.745201110839844,32.79981231689453,646.0562744140625,0.6337429881095886,0.43805965781211853,0.45058539509773254,60965471462,2061669174
1,1,1,2.23553466796875,1,2.394256591796875,1,0.18017472326755524,0.352740615606308,-109.17056274414062,126.10247039794922,35.25579071044922,1,0.043974149972200394,0.3821661174297333,-156.13992309570312,120.7387466430664,33.303504943847656,1,2.7700982093811035,30.8768310546875,644.1289672851562,0.4954364001750946,0.4419160783290863,0.439410537481308,1,-63.72740173339844,32.81667709350586,646.0712280273438,0.6337025165557861,0.43802687525749207,0.4506164491176605,60965479795,2061677507
1,1,1,2.2060546875,1,2.3881072998046875,1,0.17923769354820251,0.35605859756469727,-109.49371337890625,125.49766540527344,35.035640716552734,1,0.05340706184506416,0.39441561698913574,-152.88694763183594,118.50587463378906,32.490814208984375,1,2.7959532737731934,30.86211395263672,643.9458618164062,0.49538061022758484,0.44192251563072205,0.43901142477989197,1,-63.69784164428711,32.82080841064453,646.018310546875,0.633653461933136,0.438011109828949,0.45049649477005005,60965488128,2061685840
1,1,1,2.2496490478515625,1,2.3740234375,1,0.19475094974040985,0.3573887050151825,-104.1438980102539,125.2552261352539,34.9473762512207,1,0.058614443987607956,0.403440922498703,-151.09115600585938,116.86073303222656,31.89203453063965,1,2.81592059135437,30.857179641723633,643.7969970703125,0.49533745646476746,0.4419131875038147,0.4386880695819855,1,-63.667274475097656,32.83475875854492,645.883056640625,0.6336212158203125,0.4379637539386749,0.45020008087158203,60965496462,2061694174
1,1,1,2.2100830078125,1,2.3571929931640625,1,0.19229823350906372,0.34893110394477844,-104.98973083496094,126.7968978881836,35.508506774902344,1,0.057479843497276306,0.3945038914680481,-151.48243713378906,118.48979187011719,32.484962463378906,1,2.827937126159668,30.848142623901367,643.6937255859375,0.49531126022338867,0.44191840291023254,0.43846288323402405,1,-63.646026611328125,32.83564376831055,645.816650390625,0.6335924863815308,0.4379528760910034,0.450052410364151,60965504794,2061702507
1,1,1,2.2332000732421875,1,2.4032745361328125,1,0.2024565488100052,0.36591601371765137,-101.48658752441406,123.70084381103516,34.381629943847656,1,0.05830193683505058,0.4191961884498596,-151.19894409179688,113.98880767822266,30.846755981445312,1,2.8423895835876465,30.839614868164062,643.6130981445312,0.49528026580810547,0.4419254958629608,0.43828681111335754,1,-63.629764556884766,32.83567810058594,645.7839965820312,0.6335662603378296,0.4379483163356781,0.4499785006046295,60965513127,2061710840
1,1,1,2.2120819091796875,1,2.3946685791015625,1,0.20178405940532684,0.3515397906303406,-101.71849060058594,126.32136535644531,35.33540725708008,1,0.07223915308713913,0.42977824807167053,-146.39260864257812,112.05989074707031,30.144729614257812,1,2.859192132949829,30.845745086669922,643.6365356445312,0.4952453672885895,0.441915899515152,0.4383386969566345,1,-63.60723876953125,32.85906219482422,645.6943359375,0.633540153503418,0.43788763880729675,0.44978344440460205,60965521461,2061719174
1,1,1,2.24273681640625,1,2.376800537109375,1,0.20120976865291595,0.3770945072174072,-101.91654205322266,121.66320037841797,33.63999938964844,1,0.04945595934987068,0.42751818895339966,-154.24949645996094,112.47184753417969,30.294679641723633,1,2.8754191398620605,30.844518661499023,643.7054443359375,0.4952121675014496,0.4419275224208832,0.438488245010376,1,-63.59440994262695,32.86607360839844,645.6849365234375,0.6335156559944153,0.43787187337875366,0.4497615694999695,60965529794,2061727507
1,1,1,2.1956787109375,1,2.3715057373046875,1,0.19791153073310852,0.32917457818984985,-103.05396270751953,130.3981475830078,36.81929016113281,1,0.04692641273140907,0.41468074917793274,-155.121826171875,114.81189727783203,31.14635467529297,1,2.88714599609375,30.85004425048828,643.716552734375,0.49518775939941406,0.4419175982475281,0.4385131895542145,1,-63.577392578125,32.900634765625,645.60791015625,0.633497953414917,0.43778976798057556,0.449596643447876,60965538127,2061735840
1,1,1,2.1763458251953125,1,2.3782196044921875,1,0.20655342936515808,0.334747850894928,-100.0737533569336,129.38223266601562,36.449493408203125,1,0.0544004812836647,0.4218922555446625,-152.54437255859375,113.49736022949219,30.66788101196289,1,2.8993053436279297,30.857629776000977,643.7505493164062,0.49516263604164124,0.44190630316734314,0.43858814239501953,1,-63.56555938720703,32.929908752441406,645.5734252929688,0.6334812641143799,0.43772444128990173,0.44952392578125,60965546461,2061744174
1,1,1,2.2397308349609375,1,2.3627471923828125,1,0.19483202695846558,0.35421955585479736,-104.11593627929688,125.83289337158203,35.15764617919922,1,0.04930377006530762,0.4027768075466156,-154.302001953125,116.98179626464844,31.936067581176758,1,2.91988205909729,30.86276626586914,643.8194580078125,0.4951203763484955,0.44190478324890137,0.43873849511146545,1,-63.545928955078125,32.93673324584961,645.4596557617188,0.6334667205810547,0.4376946687698364,0.4492751359939575,60965554794,2061752507
1,1,1,2.243621826171875,1,2.3614654541015625,1,0.20709101855754852,0.3226848244667053,-99.88836669921875,131.5811309814453,37.24980545043945,1,0.061110008507966995,0.38180017471313477,-150.23056030273438,120.80545043945312,33.32780075073242,1,3.0025923252105713,30.881484985351562,643.86474609375,0.4949479401111603,0.4418720602989197,0.4388401210308075,1,-63.491477966308594,32.9537353515625,645.1539916992188,0.6334242224693298,0.4376174211502075,0.44860613346099854,60965563126,2061760840
1,1,1,2.2642059326171875,1,2.358917236328125,1,0.25155529379844666,0.3500811457633972,-84.55467224121094,126.58726501464844,35.43218994140625,1,0.09081167727708817,0.35392075777053833,-139.98780822753906,125.88735961914062,35.177459716796875,1,3.0633938312530518,30.87657928466797,643.6014404296875,0.49481797218322754,0.44184768199920654,0.43826889991760254,1,-63.46548843383789,32.987422943115234,645.3468017578125,0.6333256363868713,0.4375742971897125,0.4490218460559845,60965571460,2061769174
1,1,1,2.1884765625,1,2.346527099609375,1,0.24042314291000366,0.29867321252822876,-88.39363861083984,135.95799255371094,38.8428840637207,1,0.07922026515007019,0.3835248649120331,-143.9851531982422,120.49105072021484,33.21341323852539,1,3.075840950012207,30.91883659362793,643.601318359375,0.4947918951511383,0.44176003336906433,0.438274621963501,1,-63.44575881958008,33.02545166015625,645.1976318359375,0.6333188414573669,0.43747496604919434,0.4487011432647705,60965579793,2061777507
1,1,1,2.1669921875,1,2.369842529296875,1,0.24180085957050323,0.281389981508255,-87.91853332519531,139.1084442138672,39.9895133972168,1,0.07647339254617691,0.39469796419143677,-144.93243408203125,118.45439147949219,32.4721565246582,1,3.0620341300964355,30.902002334594727,643.5784912109375,0.49482059478759766,0.44179195165634155,0.43822261691093445,1,-63.463279724121094,33.01926040649414,645.1817626953125,0.6333589553833008,0.43748557567596436,0.4486697018146515,60965588129,2061785843
1,1,1,2.2374420166015625,1,2.35107421875,1,0.2392859309911728,0.34719163179397583,-88.78582000732422,127.11396026611328,35.6239013671875,1,0.07530087977647781,0.37349051237106323,-145.33677673339844,122.32015228271484,33.87910079956055,1,3.043691635131836,30.953243255615234,643.6241455078125,0.4948592782020569,0.4416916072368622,0.43832847476005554,1,-63.48051452636719,33.040531158447266,645.1201782226562,0.6334088444709778,0.4374329149723053,0.44854336977005005,60965596463,2061794177
1,1,1,2.1267242431640625,1,2.3690948486328125,1,0.2309771627187729,0.2657209634780884,-91.65113830566406,141.964599609375,41.029144287109375,1,0.07917098701000214,0.38240674138069153,-144.0021514892578,120.69489288330078,33.28752899169922,1,3.024672269821167,30.939218521118164,643.6357421875,0.4948992133140564,0.44172218441963196,0.438351571559906,1,-63.50257110595703,33.02299499511719,645.1751098632812,0.6334420442581177,0.4374768137931824,0.44866397976875305,60965604796,2061802510
1,1,1,1.965179443359375,1,2.438507080078125,1,0.2363213449716568,0.14319050312042236,-89.80816650390625,164.2997283935547,49.158409118652344,1,0.1134805753827095,0.40225738286972046,-132.1703338623047,117.07646179199219,31.970542907714844,1,2.9982728958129883,30.93924331665039,643.6703491210938,0.49495476484298706,0.4417266547679901,0.4384264051914215,1,-63.521270751953125,33.011680603027344,645.1239013671875,0.6334927678108215,0.4374931752681732,0.4485558569431305,60965613128,2061810843
1,1,1,2.159576416015625,1,2.3471527099609375,1,0.23815681040287018,0.3181667923927307,-89.17520141601562,132.40469360351562,37.5495719909668,1,0.0918283462524414,0.38037005066871643,-139.63720703125,121.06613159179688,33.42272186279297,1,2.9679017066955566,30.938831329345703,643.6246337890625,0.49501779675483704,0.44172143936157227,0.43832674622535706,1,-63.546478271484375,32.9989128112793,645.013671875,0.633570671081543,0.43750429153442383,0.44832125306129456,60965621462,2061819177
1,1,1,2.160552978515625,1,2.340362548828125,1,0.24196146428585052,0.2990458011627197,-87.86315155029297,135.8900909423828,38.818172454833984,1,0.09339266270399094,0.39084458351135254,-139.09776306152344,119.15682220458984,32.727760314941406,1,2.932497024536133,30.90762710571289,643.625,0.49509188532829285,0.44178611040115356,0.43832290172576904,1,-63.59187316894531,32.967376708984375,645.0285034179688,0.633661687374115,0.43757161498069763,0.448358416557312,60965629795,2061827510
1,1,1,2.1767730712890625,1,2.3854522705078125,1,0.25412172079086304,0.3037210702896118,-83.66963195800781,135.03785705566406,38.507999420166016,1,0.09216341376304626,0.3884727656841278,-139.5216522216797,119.5891342163086,32.88514709472656,1,2.8904600143432617,30.888233184814453,643.5908813476562,0.4951794743537903,0.44182178378105164,0.43824583292007446,1,-63.657264709472656,32.960693359375,645.2860107421875,0.6337378621101379,0.4376208484172821,0.448927104473114,60965638128,2061835843
1,1,1,2.179595947265625,1,2.310394287109375,1,0.24766942858695984,0.31217333674430847,-85.89472198486328,133.49717712402344,37.947208404541016,1,0.07162170857191086,0.3640008866786957,-146.60556030273438,124.04993438720703,34.50872802734375,1,2.852285385131836,30.855871200561523,643.46533203125,0.49525806307792664,0.44187232851982117,0.4379686415195465,1,-63.685611724853516,32.948341369628906,645.2919921875,0.6337954998016357,0.4376472234725952,0.44894421100616455,60965646462,2061844177
1,1,1,2.170623779296875,1,2.3224029541015625,1,0.2348071187734604,0.30417704582214355,-90.33036041259766,134.9547576904297,38.47770690917969,1,0.06823259592056274,0.3951720893383026,-147.77430725097656,118.36797332763672,32.44065856933594,1,2.818714141845703,30.847904205322266,643.57958984375,0.49532946944236755,0.44190388917922974,0.438215047121048,1,-63.706485748291016,32.893558502197266,645.0305786132812,0.6338995695114136,0.43772459030151367,0.448376327753067,60965654795,2061852510
1,1,1,2.1374969482421875,1,2.36846923828125,1,0.21958155930042267,0.3121822476387024,-95.5809555053711,133.49554443359375,37.94666290283203,1,0.08745645731687546,0.3984249234199524,-141.1448516845703,117.77503967285156,32.22484588623047,1,2.772355556488037,30.85606575012207,643.7056884765625,0.49542754888534546,0.44190341234207153,0.43848928809165955,1,-63.760292053222656,32.87645721435547,645.04248046875,0.6340086460113525,0.4377615749835968,0.4484109580516815,60965663128,2061860843
1,1,1,2.2014923095703125,1,2.3682403564453125,1,0.22612828016281128,0.35463541746139526,-93.32328796386719,125.75708770751953,35.130062103271484,1,0.09751936793327332,0.4057767987251282,-137.6746368408203,116.4349365234375,31.737058639526367,1,2.710803747177124,30.83540153503418,643.649169921875,0.4955557584762573,0.44193872809410095,0.438363254070282,1,-63.8270263671875,32.8384895324707,645.2184448242188,0.6341065764427185,0.4378643035888672,0.4487994611263275,60965671461,2061869177
1,1,1,2.167205810546875,1,2.351348876953125,1,0.2402224838733673,0.3318336009979248,-88.46283721923828,129.91346740722656,36.64283752441406,1,0.08487048000097275,0.3831159472465515,-142.03665161132812,120.56558990478516,33.24053955078125,1,2.6542413234710693,30.82655906677246,643.4775390625,0.4956723749637604,0.44193434715270996,0.437989205121994,1,-63.873939514160156,32.817420959472656,645.26708984375,0.6341927647590637,0.43791452050209045,0.4489114582538605,60965679794,2061877510
1,1,1,2.1190643310546875,1,2.3121490478515625,1,0.2336447387933731,0.29979681968688965,-90.73119354248047,135.75318908691406,38.76835632324219,1,0.08103525638580322,0.3620736598968506,-143.35923767089844,124.40122985839844,34.63661193847656,1,2.620917797088623,30.82476043701172,643.5349731445312,0.4957426190376282,0.4419455826282501,0.43811339139938354,1,-63.911468505859375,32.77897262573242,645.224853515625,0.6342805624008179,0.43798828125,0.44882267713546753,60965688127,2061885843
1,1,1,2.1984405517578125,1,2.3699493408203125,1,0.23972605168819427,0.3413674235343933,-88.634033203125,128.1756134033203,36.01032257080078,1,0.09849337488412857,0.3869340121746063,-137.33872985839844,119.86962127685547,32.98720169067383,1,2.576108455657959,30.82370376586914,643.6724853515625,0.49583759903907776,0.4419657588005066,0.438411146402359,1,-63.94651412963867,32.75985336303711,645.1709594726562,0.6343660354614258,0.43802040815353394,0.448711097240448,60965696461,2061894177
1,1,1,2.1609039306640625,1,2.3396453857421875,1,0.23533451557159424,0.33612552285194397,-90.14848327636719,129.13113403320312,36.35807418823242,1,0.08902845531702042,0.38830462098121643,-140.60276794433594,119.61980438232422,32.896278381347656,1,2.5221970081329346,30.831010818481445,643.7410888671875,0.4959509074687958,0.44195958971977234,0.4385605454444885,1,-64.01776123046875,32.772987365722656,645.3319091796875,0.6344764828681946,0.4380151927471161,0.44907546043395996,60965704794,2061902510
1,1,1,2.1880340576171875,1,2.36566162109375,1,0.23799042403697968,0.3458434045314789,-89.2325668334961,127.35971069335938,35.713375091552734,1,0.11024906486272812,0.3793523907661438,-133.2847442626953,121.25162506103516,33.49021530151367,1,2.4680304527282715,30.82741928100586,643.7650756835938,0.49606430530548096,0.4419700801372528,0.43861162662506104,1,-64.09278106689453,32.76959228515625,645.5180053710938,0.634588897228241,0.4380476176738739,0.44949260354042053,60965713127,2061910843
1,1,1,2.15191650390625,1,2.3369903564453125,1,0.2493991255760193,0.3235611319541931,-85.2982406616211,131.42138671875,37.19168472290039,1,0.08624725788831711,0.3575376272201538,-141.56185913085938,125.22806549072266,34.9375114440918,1,2.4227938652038574,30.831375122070312,643.6041259765625,0.4961574971675873,0.4419406056404114,0.43826255202293396,1,-64.13728332519531,32.78318786621094,645.6621704101562,0.6346476078033447,0.43803921341896057,0.44981518387794495,60965721462,2061919178
1,1,1,2.165802001953125,1,2.333465576171875,1,0.24025875329971313,0.35107913613319397,-88.4503402709961,126.40534973144531,35.36601257324219,1,0.09241335839033127,0.3773292899131775,-139.43545532226562,121.6203842163086,33.62449264526367,1,2.3930554389953613,30.841854095458984,643.6959228515625,0.4962204396724701,0.4419308602809906,0.43846288323402405,1,-64.14445495605469,32.764076232910156,645.4486083984375,0.634712278842926,0.43804940581321716,0.44935303926467896,60965729794,2061927511
1,1,1,2.1606597900390625,1,2.3287353515625,1,0.23252828419208527,0.3602665364742279,-91.11621856689453,124.73062133789062,34.756500244140625,1,0.07953563332557678,0.38987472653388977,-143.87640380859375,119.33361053466797,32.79209518432617,1,2.3610875606536865,30.85323143005371,643.8678588867188,0.4962886869907379,0.4419298470020294,0.4388372004032135,1,-64.16403198242188,32.76179504394531,645.3529052734375,0.6347752213478088,0.43804094195365906,0.4491501450538635,60965738127,2061935844
1,1,1,2.14129638671875,1,2.3495635986328125,1,0.23300720751285553,0.3195739984512329,-90.95105743408203,132.14816284179688,37.45623016357422,1,0.09687759727239609,0.38965266942977905,-137.8959503173828,119.37407684326172,32.80683135986328,1,2.322012186050415,30.87708282470703,644.1311645507812,0.4963724613189697,0.44191494584083557,0.439411461353302,1,-64.21482849121094,32.78501892089844,645.447021484375,0.6348586082458496,0.4380056858062744,0.449367493391037,60965746461,2061944178
1,1,1,2.1589202880859375,1,2.3053741455078125,1,0.2411346137523651,0.3245868980884552,-88.1482925415039,131.23440551757812,37.1236457824707,1,0.0826936811208725,0.3750663697719574,-142.787353515625,122.03289031982422,33.774593353271484,1,2.278773307800293,30.865251541137695,644.0057373046875,0.49646177887916565,0.4419229030609131,0.43913745880126953,1,-64.27476501464844,32.78740310668945,645.63330078125,0.6349395513534546,0.43802621960639954,0.4497827887535095,60965754794,2061952511
1,1,1,2.124969482421875,1,2.321441650390625,1,0.24907493591308594,0.2989160120487213,-85.41002655029297,135.9137420654297,38.826786041259766,1,0.09898114949464798,0.3847871422767639,-137.1705322265625,120.26097869873047,33.12965774536133,1,2.2404775619506836,30.866779327392578,643.9142456054688,0.49654102325439453,0.4419076144695282,0.43893882632255554,1,-64.31623077392578,32.7978515625,645.708984375,0.6350078582763672,0.4380148947238922,0.449956476688385,60965763127,2061960844
1,1,1,2.097412109375,1,2.341705322265625,1,0.23552019894123077,0.26508477330207825,-90.08444213867188,142.08056640625,41.07133483886719,1,0.08205434679985046,0.389714777469635,-143.0078125,119.36276245117188,32.80268478393555,1,2.213757038116455,30.859928131103516,643.8110961914062,0.4965961277484894,0.44190821051597595,0.438713937997818,1,-64.34759521484375,32.800880432128906,645.808837890625,0.63504958152771,0.4380222260951996,0.4501791298389435,60965771461,2061969178
1,1,1,2.08319091796875,1,2.30633544921875,1,0.2462717890739441,0.25521624088287354,-86.376708984375,143.87942504882812,41.72606658935547,1,0.08147896826267242,0.3555743396282196,-143.20623779296875,125.58594512939453,35.06777572631836,1,2.193087577819824,30.860340118408203,643.8223876953125,0.4966394305229187,0.4419087767601013,0.4387383460998535,1,-64.35499572753906,32.79148864746094,645.7467651367188,0.6350794434547424,0.43803316354751587,0.45004525780677795,60965779793,2061977511
1,1,1,2.1369171142578125,1,2.316680908203125,1,0.2405681163072586,0.3079993426799774,-88.34364318847656,134.25802612304688,38.224143981933594,1,0.08265349268913269,0.37396174669265747,-142.8011932373047,122.23424530029297,33.84782409667969,1,2.1737661361694336,30.872827529907227,643.9259643554688,0.49668052792549133,0.4418964982032776,0.4389645755290985,1,-64.3636474609375,32.800209045410156,645.6522216796875,0.6351194977760315,0.4380021393299103,0.4498443603515625,60965788126,2061985844
1,1,1,2.161407470703125,1,2.3163604736328125,1,0.24039597809314728,0.32992303371429443,-88.40300750732422,130.26171875,36.769596099853516,1,0.0809336006641388,0.3639773428440094,-143.39430236816406,124.0542221069336,34.51030349731445,1,2.151071071624756,30.88229751586914,644.109619140625,0.4967293441295624,0.44190099835395813,0.4393642246723175,1,-64.37869262695312,32.78989028930664,645.5906372070312,0.6351651549339294,0.43801501393318176,0.4497131407260895,60965796460,2061994178
1,1,1,2.151214599609375,1,2.3271484375,1,0.24467182159423828,0.3106187880039215,-86.928466796875,133.78054809570312,38.050331115722656,1,0.09028368443250656,0.3952210247516632,-140.1698760986328,118.35906982421875,32.437374114990234,1,2.127926826477051,30.89468765258789,644.2583618164062,0.49677878618240356,0.4418948292732239,0.439688503742218,1,-64.39859008789062,32.79493713378906,645.563232421875,0.6352128386497498,0.43800073862075806,0.44965898990631104,60965804793,2062002511
1,1,1,2.1264495849609375,1,2.33245849609375,1,0.2408815622329712,0.2827660143375397,-88.23555755615234,138.8575897216797,39.89828109741211,1,0.09298770874738693,0.38909676671028137,-139.23739624023438,119.47542572021484,32.843658447265625,1,2.1057000160217285,30.89967155456543,644.3613891601562,0.4968259334564209,0.441897988319397,0.43991246819496155,1,-64.42436981201172,32.794525146484375,645.5333862304688,0.635273277759552,0.4379974603652954,0.449599951505661,60965813126,2062010844
1,1,1,2.152374267578125,1,2.3334503173828125,1,0.24055416882038116,0.3060718774795532,-88.34846496582031,134.60935974121094,38.3520393371582,1,0.09304509311914444,0.37729692459106445,-139.21759033203125,121.62631225585938,33.62656784057617,1,2.0823264122009277,30.899057388305664,644.3613891601562,0.49687477946281433,0.44189924001693726,0.43991222977638245,1,-64.46746826171875,32.80119705200195,645.6671142578125,0.635331392288208,0.43800193071365356,0.44989874958992004,60965821460,2062019178
1,1,1,2.140472412109375,1,2.2907867431640625,1,0.24968215823173523,0.3025442063808441,-85.20063018798828,135.25238037109375,38.58607482910156,1,0.10319136083126068,0.3513507544994354,-135.71861267089844,126.3558349609375,35.347999572753906,1,2.0540668964385986,30.89870262145996,644.2698974609375,0.49693313241004944,0.44188785552978516,0.43971359729766846,1,-64.50484466552734,32.81779479980469,645.788330078125,0.6353805065155029,0.4379841089248657,0.45017075538635254,60965829793,2062027511
1,1,1,2.0740509033203125,1,2.322357177734375,1,0.23608283698558807,0.28463730216026306,-89.89041900634766,138.51649475097656,39.774105072021484,1,0.06911516189575195,0.359811931848526,-147.46994018554688,124.81350708007812,34.786643981933594,1,1.9750041961669922,30.866573333740234,643.94921875,0.4970960319042206,0.44191211462020874,0.43901288509368896,1,-64.55714416503906,32.77815246582031,645.7562866210938,0.6354966759681702,0.4380617141723633,0.45010706782341003,60965838125,2062035844
1,1,1,2.1417694091796875,1,2.3579864501953125,1,0.186520054936409,0.33208170533180237,-106.98235321044922,129.86822509765625,36.626399993896484,1,0.025235028937458992,0.39123985171318054,-162.60220336914062,119.08475494384766,32.70155715942383,1,1.8053938150405884,30.875165939331055,644.1332397460938,0.49745163321495056,0.4419182240962982,0.43941226601600647,1,-64.64088439941406,32.77906036376953,646.007568359375,0.6356114149093628,0.4380941092967987,0.45066753029823303,60965846463,2062044182
1,1,1,2.143768310546875,1,2.366241455078125,1,0.15526868402957916,0.3727665841579437,-117.75953674316406,122.45211029052734,33.92714309692383,1,0.042785707861185074,0.45966804027557373,-156.54977416992188,106.61152648925781,28.161640167236328,1,1.704661250114441,30.868244171142578,644.29345703125,0.4976630210876465,0.4419534206390381,0.43975818157196045,1,-64.7485122680664,32.765769958496094,646.2589111328125,0.6357756853103638,0.43815580010414124,0.4512311816215515,60965854796,2062052515
1,1,1,2.1474761962890625,1,2.316986083984375,1,0.16826294362545013,0.36126500368118286,-113.27838897705078,124.54862213134766,34.69023132324219,1,0.021172069013118744,0.4134124219417572,-164.00332641601562,115.04308319091797,31.23052215576172,1,1.6718603372573853,30.89552116394043,644.4537353515625,0.49773240089416504,0.44191789627075195,0.440109521150589,1,-64.76222229003906,32.77410125732422,646.103515625,0.6358405351638794,0.43811726570129395,0.4508998692035675,60965863129,2062060848
1,1,1,2.1833953857421875,1,2.3326568603515625,1,0.16019509732723236,0.38983824849128723,-116.06063079833984,119.34024047851562,32.794525146484375,1,0.028147071599960327,0.4180666506290436,-161.5979766845703,114.19471740722656,30.921663284301758,1,1.66660737991333,30.8926944732666,644.431396484375,0.4977432191371918,0.44192081689834595,0.44006070494651794,1,-64.76519775390625,32.75877380371094,645.9967651367188,0.6358717679977417,0.4381343126296997,0.45066794753074646,60965871463,2062069182
1,1,1,2.187103271484375,1,2.31011962890625,1,0.16731669008731842,0.39127954840660095,-113.60472106933594,119.07752227783203,32.698917388916016,1,0.015149463899433613,0.418163001537323,-166.08026123046875,114.17716217041016,30.9152889251709,1,1.6511318683624268,30.879318237304688,644.3624877929688,0.49777519702911377,0.44193944334983826,0.43990930914878845,1,-64.78981018066406,32.74864196777344,646.0989379882812,0.6358988881111145,0.4381692409515381,0.45089229941368103,60965879796,2062077515
1,1,1,2.1658935546875,1,2.3614044189453125,1,0.1816006451845169,0.35967084765434265,-108.6788330078125,124.83921813964844,34.79598617553711,1,0.021635202690958977,0.4332076609134674,-163.84361267089844,111.43477630615234,29.917173385620117,1,1.631583571434021,30.884668350219727,644.3167724609375,0.49781569838523865,0.44192230701446533,0.43981072306632996,1,-64.81295776367188,32.766841888427734,646.1396484375,0.6359372735023499,0.43813714385032654,0.45098769664764404,60965888129,2062085848
1,1,1,2.1460113525390625,1,2.3134918212890625,1,0.17398351430892944,0.34580156207084656,-111.3056411743164,127.36736297607422,35.71611785888672,1,0.025273635983467102,0.42915818095207214,-162.58888244628906,112.17291259765625,30.185813903808594,1,1.6160097122192383,30.871793746948242,644.179931640625,0.4978474974632263,0.44193094968795776,0.4395120441913605,1,-64.846435546875,32.763023376464844,646.404052734375,0.6359446048736572,0.43818116188049316,0.451565146446228,60965896461,2062094181
1,1,1,2.17724609375,1,2.29461669921875,1,0.17902058362960815,0.3637961447238922,-109.56858825683594,124.08724975585938,34.522308349609375,1,0.021094471216201782,0.4243485927581787,-164.0301055908203,113.04962158203125,30.504920959472656,1,1.6110217571258545,30.87720489501953,644.1793212890625,0.497857928276062,0.4419196546077728,0.43951138854026794,1,-64.842529296875,32.760128021240234,646.134521484375,0.6359997987747192,0.4381502568721771,0.450982004404068,60965904795,2062102515
1,1,1,2.1399993896484375,1,2.335205078125,1,0.17977797985076904,0.3410658836364746,-109.30738830566406,128.23056030273438,36.030357360839844,1,0.028303682804107666,0.41989046335220337,-161.54396057128906,113.86228942871094,30.800662994384766,1,1.6026870012283325,30.872920989990234,644.0994873046875,0.4978748559951782,0.4419179856777191,0.4393375515937805,1,-64.85044860839844,32.76245880126953,646.1201171875,0.6360195875167847,0.43814343214035034,0.45095294713974,60965913128,2062110848
1,1,1,2.168426513671875,1,2.3311767578125,1,0.17416459321975708,0.36574339866638184,-111.2431869506836,123.7322998046875,34.39311981201172,1,0.03621923550963402,0.4332883954048157,-158.8142547607422,111.4200668334961,29.91179656982422,1,1.597780704498291,30.858074188232422,644.053955078125,0.4978848993778229,0.4419427812099457,0.43923673033714294,1,-64.85745239257812,32.73865509033203,646.07373046875,0.6360450387001038,0.43818631768226624,0.4508509039878845,60965921462,2062119182
1,1,1,2.187652587890625,1,2.30889892578125,1,0.17243734002113342,0.36907994747161865,-111.8388442993164,123.12410736083984,34.17177200317383,1,0.019097095355391502,0.4195241928100586,-164.71888732910156,113.92902374267578,30.825014114379883,1,1.595550775527954,30.861684799194336,643.9737548828125,0.49788907170295715,0.4419247508049011,0.439063161611557,1,-64.84967041015625,32.75403594970703,646.0516967773438,0.6360340714454651,0.4381515085697174,0.4508039355278015,60965929795,2062127515
1,1,1,2.1638946533203125,1,2.3216400146484375,1,0.17661918699741364,0.3717883229255676,-110.39671325683594,122.63041687011719,33.9920654296875,1,0.03270340338349342,0.4287025034427643,-160.0266876220703,112.2559585571289,30.216127395629883,1,1.5972977876663208,30.847352981567383,644.0198974609375,0.4978857636451721,0.44196051359176636,0.4391612112522125,1,-64.85650634765625,32.72425079345703,645.978515625,0.6360656023025513,0.4382030665874481,0.4506431221961975,60965938128,2062135848
1,1,1,2.1889495849609375,1,2.281982421875,1,0.18084083497524261,0.39677268266677856,-108.94087219238281,118.07621765136719,32.33449935913086,1,0.016538577154278755,0.43096068501472473,-165.60122680664062,111.8443374633789,30.066259384155273,1,1.5935039520263672,30.84837532043457,643.9967041015625,0.49789348244667053,0.4419553577899933,0.43911105394363403,1,-64.85720825195312,32.724708557128906,645.907470703125,0.6360836625099182,0.4381923973560333,0.45048999786376953,60965946462,2062144182
1,1,1,2.1907196044921875,1,2.3022308349609375,1,0.17291676998138428,0.3942534327507019,-111.67351531982422,118.5354232788086,32.5015983581543,1,0.021814337000250816,0.4256370961666107,-163.7818603515625,112.81475067138672,30.419437408447266,1,1.5924649238586426,30.83542823791504,643.9739990234375,0.49789562821388245,0.4419792592525482,0.4390599727630615,1,-64.85894012451172,32.708126068115234,645.8832397460938,0.6360930800437927,0.43822339177131653,0.45043572783470154,60965954794,2062152515
1,1,1,2.2059783935546875,1,2.327117919921875,1,0.17013007402420044,0.39041927456855774,-112.63450622558594,119.23434448242188,32.75594711303711,1,0.031987302005290985,0.4229462146759033,-160.27365112304688,113.30526733398438,30.597923278808594,1,1.591545581817627,30.806793212890625,643.951416015625,0.4978974759578705,0.44203561544418335,0.439007043838501,1,-64.8638687133789,32.687931060791016,645.8824462890625,0.6361035704612732,0.43826502561569214,0.450432151556015,60965963127,2062160848
1,1,1,2.2081451416015625,1,2.28436279296875,1,0.18054422736167908,0.3961692750453949,-109.04314422607422,118.18619537353516,32.37451934814453,1,0.037185266613960266,0.43045172095298767,-158.4811248779297,111.9371109008789,30.10005760192871,1,1.5820319652557373,30.823040008544922,643.8936157226562,0.4979169964790344,0.441994309425354,0.438883900642395,1,-64.87220764160156,32.70038604736328,645.8938598632812,0.6361181735992432,0.43824079632759094,0.45046040415763855,60965971461,2062169182
1,1,1,2.204742431640625,1,2.2935791015625,1,0.17004749178886414,0.37504637241363525,-112.6629867553711,122.03651428222656,33.77592086791992,1,0.030871832743287086,0.449964702129364,-160.6583251953125,108.38026428222656,28.805389404296875,1,1.5791234970092773,30.796695709228516,643.8826904296875,0.4979230761528015,0.44204750657081604,0.4388565719127655,1,-64.8786849975586,32.68476867675781,645.9029541015625,0.6361294984817505,0.4382743537425995,0.450479120016098,60965979798,2062177519
1,1,1,2.16839599609375,1,2.294189453125,1,0.17253218591213226,0.37815427780151367,-111.8061294555664,121.47001647949219,33.56972122192383,1,0.03393648564815521,0.4211136996746063,-159.60145568847656,113.6392822265625,30.71955680847168,1,1.5708472728729248,30.816267013549805,643.8480224609375,0.4979401230812073,0.4420023560523987,0.43878400325775146,1,-64.88615417480469,32.697349548339844,645.8995361328125,0.6361457109451294,0.4382478594779968,0.45047515630722046,60965988131,2062185852
1,1,1,2.160125732421875,1,2.2896728515625,1,0.1733754575252533,0.38565072417259216,-111.51532745361328,120.10356903076172,33.07235336303711,1,0.023090794682502747,0.42113327980041504,-163.34164428710938,113.63572692871094,30.71823501586914,1,1.5652011632919312,30.819787979125977,643.7908325195312,0.49795159697532654,0.4419874846935272,0.43866032361984253,1,-64.89216613769531,32.70180892944336,645.8653564453125,0.6361662149429321,0.4382339119911194,0.4504033625125885,60965996464,2062194185
1,1,1,2.1473236083984375,1,2.3271026611328125,1,0.172221377491951,0.3664604425430298,-111.91332244873047,123.60160064697266,34.34553909301758,1,0.027793649584054947,0.44191452860832214,-161.71983337402344,109.84765625,29.33953285217285,1,1.5553689002990723,30.824140548706055,643.7906494140625,0.4979721009731293,0.44197845458984375,0.43866047263145447,1,-64.9017105102539,32.70865249633789,645.8863525390625,0.6361809968948364,0.43822261691093445,0.45045167207717896,60966004797,2062202519
1,1,1,2.1766510009765625,1,2.3222808837890625,1,0.1746349185705185,0.3747977912425995,-111.08099365234375,122.08184814453125,33.79238510131836,1,0.0265559870749712,0.42565685510635376,-162.1466522216797,112.8111572265625,30.418121337890625,1,1.5436466932296753,30.844715118408203,643.7325439453125,0.4979962706565857,0.44192808866500854,0.43853721022605896,1,-64.9161605834961,32.74022674560547,645.873046875,0.636214017868042,0.4381554126739502,0.45043057203292847,60966013130,2062210852
1,1,1,2.1322784423828125,1,2.35687255859375,1,0.17544445395469666,0.3519541621208191,-110.80181884765625,126.2458267211914,35.30797576904297,1,0.034061506390571594,0.4248788058757782,-159.558349609375,112.95296478271484,30.46977424621582,1,1.536001443862915,30.84901237487793,643.7440185546875,0.49801236391067505,0.4419206380844116,0.43856266140937805,1,-64.92182922363281,32.7452507019043,645.8353271484375,0.6362345814704895,0.4381398558616638,0.4503510892391205,60966021464,2062219186
1,1,1,2.2031097412109375,1,2.323944091796875,1,0.17180949449539185,0.3698117434978485,-112.05535125732422,122.99069213867188,34.12322235107422,1,0.024979367852211,0.4214511513710022,-162.69036865234375,113.57776641845703,30.69719886779785,1,1.5254865884780884,30.86348533630371,643.8128662109375,0.49803465604782104,0.44189971685409546,0.438713937997818,1,-64.92872619628906,32.771583557128906,645.7874145507812,0.6362600922584534,0.43807879090309143,0.450252890586853,60966029797,2062227519
1,1,1,2.215850830078125,1,2.3284912109375,1,0.16647464036941528,0.3684270679950714,-113.89510345458984,123.24311065673828,34.21506881713867,1,0.03381763771176338,0.42754292488098145,-159.6424560546875,112.46733093261719,30.29307746887207,1,1.5113351345062256,30.881122589111328,643.93896484375,0.4980648458003998,0.4418796896934509,0.43898990750312805,1,-64.94142150878906,32.780418395996094,645.7135009765625,0.6363037824630737,0.4380502998828888,0.45009738206863403,60966038130,2062235852
1,1,1,2.17547607421875,1,2.31256103515625,1,0.16104574501514435,0.38837292790412903,-115.76728820800781,119.60734558105469,32.89176559448242,1,0.011196473613381386,0.4342651665210724,-167.44345092773438,111.24203491210938,29.846981048583984,1,1.4342045783996582,30.872486114501953,644.0992431640625,0.4982268512248993,0.4419185519218445,0.4393360912799835,1,-64.98553466796875,32.765960693359375,645.9054565429688,0.6363500952720642,0.4381064772605896,0.4505192041397095,60966046463,2062244185
1,1,1,2.2474822998046875,1,2.4006500244140625,1,0.11441053450107574,0.5251045227050781,-131.8496551513672,94.68363189697266,23.820222854614258,1,-0.015367170795798302,0.5903686285018921,-176.60403442382812,82.78714752197266,19.49028205871582,1,1.2630329132080078,30.784992218017578,643.88330078125,0.4985836446285248,0.44207122921943665,0.43885472416877747,1,-65.20498657226562,32.90508270263672,649.560302734375,0.6359460949897766,0.43831831216812134,0.458475261926651,60966054797,2062252519
1,1,1,2.2327728271484375,1,2.4105682373046875,1,0.09251678735017776,0.5578389763832092,-139.3997802734375,88.71670532226562,21.648462295532227,1,-0.013031866401433945,0.602076530456543,-175.79872131347656,80.65300750732422,18.71352767944336,1,1.1115230321884155,30.64468002319336,643.7579956054688,0.49890002608299255,0.442345529794693,0.4385630786418915,1,-65.18769836425781,32.69097900390625,647.5467529296875,0.6363828778266907,0.43848538398742676,0.45409464836120605,60966063129,2062260852
1,1,1,2.1915283203125,1,2.397552490234375,1,0.08806155622005463,0.5961480140686035,-140.9362030029297,81.73365020751953,19.10686683654785,1,-0.022546637803316116,0.6322251558303833,-179.07992553710938,75.15742492675781,16.71329116821289,1,1.0561244487762451,30.667829513549805,644.181640625,0.49901729822158813,0.44235286116600037,0.439485102891922,1,-65.19230651855469,32.62186050415039,646.809814453125,0.6365660429000854,0.4385277032852173,0.45249515771865845,60966071462,2062269185
1,1,1,2.2221527099609375,1,2.3856658935546875,1,0.09553353488445282,0.5824293494224548,-138.3594512939453,84.23433685302734,20.016998291015625,1,-0.02482290379703045,0.614709198474884,-179.86489868164062,78.35030364990234,17.875368118286133,1,1.0477087497711182,30.67162322998047,644.1702880859375,0.4990348517894745,0.44234350323677063,0.43946096301078796,1,-65.19210815429688,32.59605407714844,646.3834228515625,0.6366663575172424,0.4385228455066681,0.451570987701416,60966079796,2062277519
1,1,1,2.2185516357421875,1,2.3828582763671875,1,0.07774440199136734,0.5748993754386902,-144.49411010742188,85.60689544677734,20.516611099243164,1,-0.023074040189385414,0.6299116611480713,-179.2617950439453,75.57913208007812,16.866832733154297,1,1.0355241298675537,30.670305252075195,644.181396484375,0.49906036257743835,0.4423477053642273,0.4394848346710205,1,-65.26156616210938,32.632041931152344,647.1848754882812,0.6366210579872131,0.43855759501457214,0.4533209800720215,60966088129,2062285852
1,1,1,2.23529052734375,1,2.3641357421875,1,0.09151986241340637,0.5774828791618347,-139.74359130859375,85.13594055175781,20.345258712768555,1,-0.034589771181344986,0.6288129091262817,-183.23304748535156,75.7794418334961,16.939695358276367,1,0.9990060329437256,30.67090606689453,644.1241455078125,0.49913641810417175,0.44233888387680054,0.439360648393631,1,-65.396728515625,32.744667053222656,649.1340942382812,0.6364415884017944,0.4385901391506195,0.45757365226745605,60966096462,2062294185
1,1,1,2.2667388916015625,1,2.4000396728515625,1,0.10196689516305923,0.5794917941093445,-136.140869140625,84.76978302001953,20.211894989013672,1,-0.011236488819122314,0.6461087465286255,-175.17955017089844,72.62673950195312,15.792158126831055,1,0.9658582210540771,30.650514602661133,643.9412841796875,0.4992051422595978,0.4423571527004242,0.438960999250412,1,-65.32778930664062,32.59012985229492,646.6856689453125,0.6368759870529175,0.4385760426521301,0.4522517919540405,60966104796,2062302519
1,1,1,2.23394775390625,1,2.3719635009765625,1,0.09707854688167572,0.579714834690094,-137.82666015625,84.72911071777344,20.197162628173828,1,-0.02821751870214939,0.6385099291801453,-181.03553771972656,74.0118637084961,16.296293258666992,1,0.9419808983802795,30.644393920898438,643.7578125,0.499254435300827,0.4423457682132721,0.43856188654899597,1,-65.34892272949219,32.58715057373047,646.5529174804688,0.6369511485099792,0.43856409192085266,0.4519694447517395,60966113132,2062310855
1,1,1,2.2264404296875,1,2.395355224609375,1,0.09069883823394775,0.5826128125190735,-140.0267333984375,84.20088958740234,20.004871368408203,1,-0.011558733880519867,0.6303577423095703,-175.2906951904297,75.49784088134766,16.83722496032715,1,0.9166943430900574,30.633495330810547,643.6316528320312,0.49930694699287415,0.4423517882823944,0.438286691904068,1,-65.36172485351562,32.561988830566406,646.3270263671875,0.6370311975479126,0.4385852515697479,0.45148104429244995,60966121464,2062319188
1,1,1,2.2302398681640625,1,2.45068359375,1,0.10379692167043686,0.5757490992546082,-135.50978088378906,85.45201873779297,20.460201263427734,1,-0.0033531012013554573,0.6471434235572815,-172.4609375,72.4381332397461,15.72349739074707,1,0.8975648880004883,30.632404327392578,643.631591796875,0.49934694170951843,0.4423539936542511,0.4382864236831665,1,-65.38560485839844,32.54983139038086,646.3466186523438,0.6370760798454285,0.43861302733421326,0.4515266716480255,60966129798,2062327522
1,1,1,2.213897705078125,1,2.379364013671875,1,0.08425616472959518,0.5645017623901367,-142.2484893798828,87.50218963623047,21.20644760131836,1,-0.03189332038164139,0.6269840002059937,-182.30316162109375,76.1128158569336,17.061023712158203,1,0.8796267509460449,30.643850326538086,643.746337890625,0.4993847608566284,0.4423452913761139,0.43853679299354553,1,-65.4413070678711,32.56770706176758,646.6282958984375,0.6371247172355652,0.4386143386363983,0.452149361371994,60966138131,2062335855
1,1,1,2.2235260009765625,1,2.40692138671875,1,0.08332225680351257,0.5807037949562073,-142.570556640625,84.54887390136719,20.131513595581055,1,-0.0142598245292902,0.643059253692627,-176.22216796875,73.18258666992188,15.994497299194336,1,0.8564780950546265,30.64401626586914,643.8031005859375,0.49943333864212036,0.4423523247241974,0.4386599361896515,1,-65.48847961425781,32.54790496826172,646.6783447265625,0.6372107267379761,0.43866199254989624,0.45226481556892395,60966146464,2062344188
1,1,1,2.2313079833984375,1,2.33380126953125,1,0.08161956071853638,0.5909270644187927,-143.15774536132812,82.68534851074219,19.45321273803711,1,-0.02344762720167637,0.6331796646118164,-179.390625,74.98345184326172,16.649988174438477,1,0.821294903755188,30.663192749023438,643.8951416015625,0.49950703978538513,0.44232451915740967,0.438862144947052,1,-65.5565185546875,32.592132568359375,647.1853637695312,0.6372312903404236,0.4386395215988159,0.45338016748428345,60966154798,2062352522
1,1,1,2.2469940185546875,1,2.3810882568359375,1,0.07647410780191422,0.5794410705566406,-144.93218994140625,84.77906036376953,20.215253829956055,1,-0.013176757842302322,0.6416500806808472,-175.8486785888672,73.439453125,16.087968826293945,1,0.7875221967697144,30.659656524658203,643.7921142578125,0.4995774030685425,0.442318320274353,0.43863803148269653,1,-65.57020568847656,32.57722854614258,646.98291015625,0.6373076438903809,0.4386427104473114,0.4529440104961395,60966163131,2062360855
1,1,1,2.172943115234375,1,2.374786376953125,1,0.11555206030607224,0.5731051564216614,-131.45599365234375,85.93396759033203,20.635618209838867,1,-0.012478670105338097,0.6395614743232727,-175.60792541503906,73.82017517089844,16.226531982421875,1,0.7523488402366638,30.655956268310547,643.7235717773438,0.499650776386261,0.4423169195652008,0.43848878145217896,1,-65.57269287109375,32.55751037597656,646.7113647460938,0.637377142906189,0.43864646553993225,0.4523555636405945,60966171463,2062369188
1,1,1,2.2332763671875,1,2.3919830322265625,1,0.10526014864444733,0.5635437369346619,-135.00518798828125,87.67684173583984,21.269987106323242,1,-0.025913558900356293,0.6377972960472107,-180.2410125732422,74.14173126220703,16.343666076660156,1,0.7306197881698608,30.660934448242188,643.597900390625,0.4996958076953888,0.4422900974750519,0.43821677565574646,1,-65.58226776123047,32.557682037353516,646.497802734375,0.637447714805603,0.4386170208454132,0.4518967270851135,60966179797,2062377522
1,1,1,2.2421722412109375,1,2.360137939453125,1,0.10234236717224121,0.5642160177230835,-136.0113983154297,87.55427551269531,21.225421905517578,1,-0.031132442876696587,0.6324339509010315,-182.04075622558594,75.119384765625,16.69947624206543,1,0.7112641930580139,30.646236419677734,643.5176391601562,0.49973613023757935,0.44231000542640686,0.438040554523468,1,-65.58773803710938,32.52073669433594,645.9763793945312,0.6375829577445984,0.4386223256587982,0.4507671892642975,60966188130,2062385855
1,1,1,2.232666015625,1,2.38189697265625,1,0.09663806110620499,0.5441750884056091,-137.9785614013672,91.20738983154297,22.555021286010742,1,-0.014495913870632648,0.6259449124336243,-176.3035888671875,76.30223846435547,17.12993621826172,1,0.6913461685180664,30.657655715942383,643.471923828125,0.4997776448726654,0.44228029251098633,0.43794289231300354,1,-65.61479187011719,32.52728271484375,646.0525512695312,0.6376209855079651,0.43861913681030273,0.45093849301338196,60966196463,2062394188
1,1,1,2.218292236328125,1,2.42034912109375,1,0.09792590886354446,0.529981791973114,-137.534423828125,93.79458618164062,23.496646881103516,1,-0.007812179625034332,0.6491092443466187,-173.99867248535156,72.07978820800781,15.593099594116211,1,0.6777381300926208,30.650569915771484,643.4949340820312,0.4998061954975128,0.44229796528816223,0.4379918575286865,1,-65.6437759399414,32.520729064941406,646.1166381835938,0.6376657485961914,0.43864133954048157,0.4510820508003235,60966204797,2062402522
1,1,1,2.242584228515625,1,2.427337646484375,1,0.08919984847307205,0.5641679763793945,-140.5436553955078,87.56306457519531,21.228553771972656,1,-0.003797210054472089,0.6211484670639038,-172.61410522460938,77.17652130126953,17.448158264160156,1,0.6656416654586792,30.642990112304688,643.517578125,0.4998316168785095,0.4423166513442993,0.43803974986076355,1,-65.6686782836914,32.50403594970703,646.1236572265625,0.6377158164978027,0.43867677450180054,0.45110023021698,60966213130,2062410855
1,1,1,2.191192626953125,1,2.439788818359375,1,0.0980890616774559,0.526175856590271,-137.47817993164062,94.48833465576172,23.749162673950195,1,-0.0029358065221458673,0.6312617659568787,-172.31704711914062,75.33304595947266,16.7772216796875,1,0.6533403396606445,30.648235321044922,643.5859375,0.49985742568969727,0.4423147141933441,0.43818891048431396,1,-65.6957778930664,32.50367736816406,646.1774291992188,0.6377592086791992,0.43868476152420044,0.45122215151786804,60966221463,2062419188
1,1,1,2.24700927734375,1,2.4265594482421875,1,0.074198417365551,0.5813746452331543,-145.7169647216797,84.42657470703125,20.087045669555664,1,-0.003828083397820592,0.6531127095222473,-172.62474060058594,71.35002136230469,15.32751750946045,1,0.6470396518707275,30.628366470336914,643.5172119140625,0.49987050890922546,0.4423469007015228,0.4380369782447815,1,-65.70491027832031,32.46179962158203,646.10498046875,0.6377955079078674,0.43876153230667114,0.451061874628067,60966229796,2062427522
1,1,1,2.2325286865234375,1,2.373138427734375,1,0.08592948317527771,0.5964837074279785,-141.6714630126953,81.6724853515625,19.084571838378906,1,-0.033046524971723557,0.6118313670158386,-182.7008514404297,78.87486267089844,18.066356658935547,1,0.6352471113204956,30.638240814208984,643.597412109375,0.49989527463912964,0.44233691692352295,0.43821239471435547,1,-65.70042419433594,32.449180603027344,645.7288818359375,0.6378757953643799,0.4387364387512207,0.45024731755256653,60966238132,2062435858
1,1,1,2.2611846923828125,1,2.3855743408203125,1,0.07579647749662399,0.5965932011604309,-145.16586303710938,81.65251922607422,19.0772705078125,1,-0.017573537304997444,0.6187246441841125,-177.36492919921875,77.61835479736328,17.608991622924805,1,0.6283539533615112,30.621868133544922,643.517578125,0.49990954995155334,0.44236040115356445,0.43803682923316956,1,-65.73487854003906,32.44313049316406,646.2296142578125,0.6378280520439148,0.4388170838356018,0.451334685087204,60966246465,2062444191
1,1,1,2.19476318359375,1,2.4228363037109375,1,0.10487499088048935,0.6146597266197205,-135.1380157470703,78.35932159423828,17.878679275512695,1,-0.015981344506144524,0.6462843418121338,-176.81585693359375,72.59471130371094,15.780511856079102,1,0.6240370869636536,30.60938262939453,643.4600830078125,0.49991852045059204,0.44237878918647766,0.43791040778160095,1,-65.73639678955078,32.42627716064453,646.2415771484375,0.6378284096717834,0.43885353207588196,0.4513585567474365,60966254799,2062452525
1,1,1,2.2724151611328125,1,2.3799896240234375,1,0.08236569166183472,0.6168335676193237,-142.9004364013672,77.96305847167969,17.734445571899414,1,-0.01306129153817892,0.6057114005088806,-175.80886840820312,79.99042510986328,18.472370147705078,1,0.621612548828125,30.603187561035156,643.46044921875,0.49992358684539795,0.44239169359207153,0.437910258769989,1,-65.71491241455078,32.39491271972656,645.7730712890625,0.6378955245018005,0.43885475397109985,0.45033809542655945,60966263132,2062460858
1,1,1,2.283935546875,1,2.400390625,1,0.08012232184410095,0.6210896968841553,-143.674072265625,77.18721771240234,17.452110290527344,1,-0.013719500042498112,0.6183023452758789,-176.0358428955078,77.6953125,17.637012481689453,1,0.6221396923065186,30.588083267211914,643.4722290039062,0.4999225437641144,0.4424245357513428,0.43793389201164246,1,-65.738525390625,32.399845123291016,646.3953857421875,0.6377964019775391,0.4389290511608124,0.451687216758728,60966271465,2062469191
1,1,1,2.222198486328125,1,2.3282318115234375,1,0.08948897570371628,0.6052748560905457,-140.44395446777344,80.07001495361328,18.501333236694336,1,-0.03029520995914936,0.6183745265007019,-181.75205993652344,77.68218994140625,17.632186889648438,1,0.6302769780158997,30.587688446044922,643.4832763671875,0.4999055564403534,0.442426860332489,0.437957763671875,1,-65.70076751708984,32.37212371826172,645.81103515625,0.6378573179244995,0.43890708684921265,0.45041385293006897,60966279799,2062477525
1,1,1,2.26019287109375,1,2.39825439453125,1,0.08564459532499313,0.6169708371162415,-141.7696990966797,77.93803405761719,17.725353240966797,1,-0.02430844120681286,0.6091873645782471,-179.6875,79.3568115234375,18.241806030273438,1,0.6315115690231323,30.57730484008789,643.5526123046875,0.4999031722545624,0.44245749711990356,0.4381067752838135,1,-65.71131134033203,32.392452239990234,646.3423461914062,0.6377525925636292,0.4389372169971466,0.451565682888031,60966288131,2062485858
1,1,1,2.262115478515625,1,2.3376617431640625,1,0.06563746929168701,0.6284140348434448,-148.6692352294922,75.85214233398438,16.966154098510742,1,-0.046607907861471176,0.6197894215583801,-187.3775634765625,77.42427062988281,17.538328170776367,1,0.5800336003303528,30.516761779785156,643.5533447265625,0.5000109076499939,0.4425831139087677,0.43810001015663147,1,-65.76036834716797,32.40931701660156,646.6717529296875,0.6377757787704468,0.43894699215888977,0.45228976011276245,60966296464,2062494191
1,1,1,2.2854156494140625,1,2.40325927734375,1,0.05721066892147064,0.6453163027763367,-151.57525634765625,72.77117156982422,15.844755172729492,1,-0.03270735219120979,0.6643002033233643,-182.58387756347656,69.31073760986328,14.585247039794922,1,0.5343589186668396,30.479717254638672,643.6561279296875,0.5001066327095032,0.44267332553863525,0.43831774592399597,1,-65.81307220458984,32.45964050292969,647.6978149414062,0.6376410722732544,0.4389820396900177,0.454522967338562,60966304798,2062502525
1,1,1,2.2647552490234375,1,2.3477783203125,1,0.061683498322963715,0.6293985247612,-150.0327911376953,75.67268371582031,16.900842666625977,1,-0.04744933918118477,0.656364381313324,-187.667724609375,70.75733184814453,15.111712455749512,1,0.5362364053726196,30.467899322509766,643.6906127929688,0.5001028180122375,0.4427023231983185,0.43839097023010254,1,-65.82524108886719,32.483707427978516,648.1334228515625,0.6375628113746643,0.43899136781692505,0.4554692804813385,60966313131,2062510858
1,1,1,2.2460479736328125,1,2.4181976318359375,1,0.061494071036577225,0.6360217332839966,-150.09811401367188,74.46539306640625,16.461427688598633,1,-0.010514547117054462,0.6750446557998657,-174.93060302734375,67.35221862792969,13.872465133666992,1,0.5656098127365112,30.504817962646484,643.701904296875,0.5000413656234741,0.4426272511482239,0.4384205639362335,1,-65.7938232421875,32.510398864746094,648.1170654296875,0.6375017166137695,0.43893417716026306,0.45543092489242554,60966321464,2062519191
1,1,1,2.2904815673828125,1,2.3360137939453125,1,0.052308160811662674,0.6705526113510132,-153.26589965820312,68.17103576660156,14.17044734954834,1,-0.04447386786341667,0.6493076086044312,-186.64163208007812,72.04363250732422,15.579950332641602,1,0.5882320404052734,30.511680603027344,643.6331787109375,0.4999939501285553,0.44260409474372864,0.43827250599861145,1,-65.76124572753906,32.50564956665039,647.8956298828125,0.6374868750572205,0.438914030790329,0.4549451768398285,60966329798,2062527525
1,1,1,2.2704620361328125,1,2.350372314453125,1,0.048123497515916824,0.6561188101768494,-154.70901489257812,70.80204010009766,15.128118515014648,1,-0.0392548069357872,0.6522006988525391,-184.841796875,71.51626586914062,15.387980461120605,1,0.6053875684738159,30.54568099975586,643.667236328125,0.4999580383300781,0.4425380229949951,0.438351035118103,1,-65.7354736328125,32.529502868652344,647.7825927734375,0.6374602317810059,0.438849538564682,0.4546990394592285,60966338131,2062535858
1,1,1,2.27044677734375,1,2.373077392578125,1,0.045455217361450195,0.6659940481185913,-155.62916564941406,69.0019760131836,14.472867012023926,1,-0.03521405905485153,0.6703194975852966,-183.44833374023438,68.21350860595703,14.186006546020508,1,0.6260084509849548,30.569425582885742,643.7013549804688,0.4999149441719055,0.4424932599067688,0.4384284019470215,1,-65.67932891845703,32.50691223144531,646.8898315429688,0.6375558376312256,0.43877509236335754,0.4527567923069,60966346463,2062544191
1,1,1,2.2098388671875,1,2.343597412109375,1,0.06279142946004868,0.6651460528373718,-149.6507110595703,69.15654754638672,14.529146194458008,1,-0.045481275767087936,0.679153323173523,-186.989013671875,66.60328674316406,13.599812507629395,1,0.652410626411438,30.58030891418457,643.6670532226562,0.49985969066619873,0.44246625900268555,0.43835556507110596,1,-65.65486145019531,32.515403747558594,646.6688842773438,0.6375575065612793,0.43872755765914917,0.452275812625885,60966354797,2062552525
1,1,1,2.2610626220703125,1,2.3499755859375,1,0.0469229482114315,0.6675106287002563,-155.123046875,68.72557067871094,14.372218132019043,1,-0.04192359000444412,0.694406270980835,-185.76214599609375,63.822940826416016,12.587920188903809,1,0.6738773584365845,30.59539031982422,643.5636596679688,0.49981456995010376,0.44242149591445923,0.4381332993507385,1,-65.63185119628906,32.539031982421875,646.5076293945312,0.6375481486320496,0.4386568069458008,0.451926052570343,60966363130,2062560858
1,1,1,2.2684173583984375,1,2.37969970703125,1,0.05670970678329468,0.6676173210144043,-151.74801635742188,68.70610046386719,14.365180015563965,1,-0.028180737048387527,0.6768602132797241,-181.02285766601562,67.02127838134766,13.751935005187988,1,0.6887649297714233,30.57602310180664,643.5869140625,0.4997834861278534,0.4424647390842438,0.438181072473526,1,-65.601806640625,32.516822814941406,646.25439453125,0.6375460624694824,0.43866825103759766,0.45136985182762146,60966371467,2062569195
1,1,1,2.2294769287109375,1,2.3639984130859375,1,0.08723248541355133,0.6770987510681152,-141.22210693359375,66.97779846191406,13.736166000366211,1,-0.029637306928634644,0.68938148021698,-181.52516174316406,64.73883819580078,12.921287536621094,1,0.7024741768836975,30.580678939819336,643.5867919921875,0.49975481629371643,0.44245508313179016,0.43818145990371704,1,-65.58345031738281,32.523433685302734,646.140869140625,0.6375349164009094,0.43863919377326965,0.4511217176914215,60966379801,2062577529
1,1,1,2.2796173095703125,1,2.3733367919921875,1,0.06034770607948303,0.6875123381614685,-150.49343872070312,65.0796127319336,13.045207023620605,1,-0.03827272728085518,0.6932217478752136,-184.5031280517578,64.03885650634766,12.666455268859863,1,0.7163578271865845,30.57379913330078,643.6329956054688,0.49972590804100037,0.44247543811798096,0.43828085064888,1,-65.5697021484375,32.51612091064453,646.060546875,0.6375256180763245,0.4386433959007263,0.45094433426856995,60966388134,2062585862
1,1,1,2.25732421875,1,2.375274658203125,1,0.06059785559773445,0.6668030023574829,-150.40716552734375,68.85453033447266,14.419191360473633,1,-0.033448491245508194,0.6811980605125427,-182.8394775390625,66.23058319091797,13.464138984680176,1,0.7264302968978882,30.547183990478516,643.610107421875,0.49970483779907227,0.4425276815891266,0.43822765350341797,1,-65.564697265625,32.50077819824219,646.03857421875,0.6375204920768738,0.43867212533950806,0.4508936405181885,60966396466,2062594195
1,1,1,2.279754638671875,1,2.3747711181640625,1,0.06118662655353546,0.6590743660926819,-150.20413208007812,70.26329040527344,14.932056427001953,1,-0.02940887026488781,0.6855372786521912,-181.44638061523438,65.4395980834961,13.176289558410645,1,0.735055685043335,30.544818878173828,643.58740234375,0.4996867775917053,0.4425296485424042,0.43817803263664246,1,-65.55917358398438,32.50065994262695,646.0509033203125,0.6375061273574829,0.43867409229278564,0.45091912150382996,60966404799,2062602528
1,1,1,2.2731781005859375,1,2.399078369140625,1,0.06335417926311493,0.6536722779273987,-149.45664978027344,71.2480239868164,15.290400505065918,1,-0.03378388285636902,0.6860460638999939,-182.95513916015625,65.34684753417969,13.142563819885254,1,0.7412188053131104,30.525575637817383,643.5878295898438,0.49967390298843384,0.4425696134567261,0.4381764233112335,1,-65.54515075683594,32.477508544921875,645.9598388671875,0.6374987363815308,0.4387096166610718,0.450716108083725,60966413133,2062610862
1,1,1,2.2718353271484375,1,2.3711700439453125,1,0.06619203090667725,0.6514155268669128,-148.47799682617188,71.65936279296875,15.440154075622559,1,-0.03409900516271591,0.6985676884651184,-183.0637969970703,63.06438446044922,12.31180477142334,1,0.7462640404701233,30.532699584960938,643.5875244140625,0.4996633529663086,0.4425548315048218,0.438176691532135,1,-65.53755950927734,32.481727600097656,645.9028930664062,0.6374965310096741,0.438693106174469,0.45059216022491455,60966421466,2062619195
1,1,1,2.285430908203125,1,2.365142822265625,1,0.07174550741910934,0.6811862587928772,-146.56285095214844,66.23270416259766,13.464960098266602,1,-0.03013615496456623,0.6870572566986084,-181.6971893310547,65.16251373291016,13.075468063354492,1,0.748712420463562,30.525787353515625,643.5418701171875,0.49965810775756836,0.4425632059574127,0.4380766451358795,1,-65.53176879882812,32.46963119506836,645.8330078125,0.6375011801719666,0.43870866298675537,0.45043838024139404,60966429800,2062627529
1,1,1,2.27264404296875,1,2.4205169677734375,1,0.05403021350502968,0.6662392616271973,-152.67205810546875,68.95729064941406,14.456582069396973,1,-0.011494784615933895,0.6943580508232117,-175.26864624023438,63.831748962402344,12.591072082519531,1,0.7486273050308228,30.5376033782959,643.472900390625,0.49965810775756836,0.44252967834472656,0.437928706407547,1,-65.53440856933594,32.47639083862305,645.785888671875,0.6375179290771484,0.4386882185935974,0.450338214635849,60966438133,2062635862
1,1,1,2.293609619140625,1,2.4046478271484375,1,0.06385783851146698,0.6773781180381775,-149.282958984375,66.92689514160156,13.717595100402832,1,-0.015869949012994766,0.6827181577682495,-176.77743530273438,65.95347595214844,13.363311767578125,1,0.74626624584198,30.559059143066406,643.4730834960938,0.49966299533843994,0.44248518347740173,0.43793201446533203,1,-65.53846740722656,32.490562438964844,645.737548828125,0.6375377178192139,0.43865230679512024,0.4502367079257965,60966446466,2062644195
1,1,1,2.2171478271484375,1,2.393951416015625,1,0.07290786504745483,0.6486629247665405,-146.16201782226562,72.16112518310547,15.622759819030762,1,-0.025330688804388046,0.6923985481262207,-180.04000854492188,64.18892669677734,12.721041679382324,1,0.7393814325332642,30.57257652282715,643.4607543945312,0.4996774196624756,0.4424555003643036,0.43790706992149353,1,-65.54682922363281,32.502586364746094,645.7593994140625,0.6375498175621033,0.4386303722858429,0.450287401676178,60966454799,2062652529
1,1,1,2.2230987548828125,1,2.3412322998046875,1,0.07438108325004578,0.6704915761947632,-145.6539764404297,68.1821517944336,14.174513816833496,1,-0.02961844392120838,0.6797978281974792,-181.51866149902344,66.48578643798828,13.557138442993164,1,0.7287212610244751,30.59674835205078,643.403076171875,0.4996994733810425,0.44239771366119385,0.437785267829895,1,-65.54998779296875,32.52529525756836,645.7940063476562,0.6375480890274048,0.43858808279037476,0.4503660798072815,60966463132,2062660862
1,1,1,2.2329864501953125,1,2.355682373046875,1,0.06688249111175537,0.6702378392219543,-148.23988342285156,68.22840118408203,14.191343307495117,1,-0.031236886978149414,0.6661877632141113,-182.0767822265625,68.9666519165039,14.46004867553711,1,0.722881555557251,30.602161407470703,643.3460083007812,0.4997115731239319,0.4423789978027344,0.43766215443611145,1,-65.55831909179688,32.53715133666992,645.8389892578125,0.6375545263290405,0.43856966495513916,0.45046666264533997,60966471465,2062669195
1,1,1,2.2203826904296875,1,2.3682403564453125,1,0.056754257529973984,0.6543565392494202,-151.732666015625,71.12330627441406,15.244956016540527,1,-0.033515531569719315,0.6746824383735657,-182.8625946044922,67.4182357788086,13.896470069885254,1,0.721616268157959,30.60491943359375,643.3233032226562,0.4997141659259796,0.44237032532691956,0.437613308429718,1,-65.55831909179688,32.54229736328125,645.8388671875,0.6375546455383301,0.43855902552604675,0.45046719908714294,60966479799,2062677529
1,1,1,2.2676239013671875,1,2.36065673828125,1,0.06437648087739944,0.6703221797943115,-149.10411071777344,68.21306610107422,14.185705184936523,1,-0.029724111780524254,0.6767945885658264,-181.55508422851562,67.03324127197266,13.756305694580078,1,0.721657395362854,30.609046936035156,643.300048828125,0.4997139871120453,0.44235870242118835,0.437563419342041,1,-65.55984497070312,32.5562744140625,645.8736572265625,0.6375494599342346,0.43853482604026794,0.450544536113739,60966488132,2062685862
1,1,1,2.293701171875,1,2.3591766357421875,1,0.05549802631139755,0.6787899136543274,-152.16587829589844,66.66950225830078,13.623966217041016,1,-0.03372344374656677,0.6948662400245667,-182.9342803955078,63.73911666870117,12.557296752929688,1,0.7216335535049438,30.606212615966797,643.2771606445312,0.4997139871120453,0.44236159324645996,0.43751341104507446,1,-65.55986022949219,32.5533332824707,645.8739013671875,0.6375493407249451,0.4385409653186798,0.45054468512535095,60966496465,2062694195
1,1,1,2.2286224365234375,1,2.36151123046875,1,0.054530225694179535,0.6451834440231323,-152.49961853027344,72.79536437988281,15.853590965270996,1,-0.026863515377044678,0.6542161703109741,-180.56861877441406,71.14886474609375,15.254349708557129,1,0.7235309481620789,30.609050750732422,643.2656860351562,0.49970996379852295,0.4423541724681854,0.437488853931427,1,-65.55665588378906,32.55575180053711,645.827880859375,0.6375537514686584,0.4385296702384949,0.4504450261592865,60966504800,2062702530
1,1,1,2.2343902587890625,1,2.335845947265625,1,0.0774424746632576,0.66411954164505,-144.5982208251953,69.34364318847656,14.597302436828613,1,-0.025719378143548965,0.6489539742469788,-180.17404174804688,72.10807037353516,15.603437423706055,1,0.7273475527763367,30.608476638793945,643.2883911132812,0.4997020661830902,0.4423583447933197,0.4375380873680115,1,-65.55675506591797,32.55265426635742,645.8281860351562,0.6375537514686584,0.438536137342453,0.450445294380188,60966513132,2062710863
1,1,1,2.2377777099609375,1,2.41314697265625,1,0.0628390684723854,0.6646857261657715,-149.63429260253906,69.24046325683594,14.559717178344727,1,-0.007463992107659578,0.6826241612434387,-173.87860107421875,65.97061920166016,13.369524002075195,1,0.7317668199539185,30.601499557495117,643.2542724609375,0.49969276785850525,0.44236835837364197,0.4374629855155945,1,-65.55416870117188,32.54364013671875,645.828369140625,0.6375484466552734,0.4385548233985901,0.45044368505477905,60966521465,2062719196
1,1,1,2.2561798095703125,1,2.358612060546875,1,0.056706346571445465,0.6606695055961609,-151.7491912841797,69.9725341796875,14.826193809509277,1,-0.028046883642673492,0.6672785878181458,-180.97669982910156,68.7678451538086,14.387663841247559,1,0.736108660697937,30.60222053527832,643.2657470703125,0.499683678150177,0.44236841797828674,0.43748804926872253,1,-65.54824829101562,32.54073715209961,645.7821044921875,0.6375471353530884,0.4385545253753662,0.45034220814704895,60966529798,2062727529
1,1,1,2.2706146240234375,1,2.4225921630859375,1,0.059194404631853104,0.6787651181221008,-150.8911590576172,66.67404174804688,13.625584602355957,1,-0.014326510019600391,0.686265766620636,-176.24514770507812,65.30680084228516,13.127973556518555,1,0.7468569874763489,30.583877563476562,643.2776489257812,0.49966123700141907,0.44240802526474,0.4375114142894745,1,-65.5365982055664,32.50605392456055,645.69140625,0.6375447511672974,0.4386139214038849,0.4501389265060425,60966538132,2062735863
1,1,1,2.24041748046875,1,2.357147216796875,1,0.04471573233604431,0.6640934348106384,-155.8842010498047,69.34840393066406,14.599042892456055,1,-0.030905580148100853,0.687118649482727,-181.9625244140625,65.15135955810547,13.071331024169922,1,0.7544004917144775,30.586183547973633,643.2772827148438,0.49964550137519836,0.44240322709083557,0.4375108778476715,1,-65.52996826171875,32.51112365722656,645.65673828125,0.6375392079353333,0.43859872221946716,0.45006343722343445,60966546465,2062744196
1,1,1,2.244873046875,1,2.38385009765625,1,0.047246407717466354,0.6755794882774353,-155.011474609375,67.25473022460938,13.836904525756836,1,-0.01178430300205946,0.6826972961425781,-175.36846923828125,65.95728302001953,13.36467170715332,1,0.7675731182098389,30.570314407348633,643.289306640625,0.49961793422698975,0.4424377977848053,0.437534898519516,1,-65.52789306640625,32.49183654785156,645.669677734375,0.6375318765640259,0.43864044547080994,0.45008811354637146,60966554798,2062752529
1,1,1,2.2353515625,1,2.35186767578125,1,0.056055739521980286,0.6742334365844727,-151.9735565185547,67.50009155273438,13.926238059997559,1,-0.028708960860967636,0.6853614449501038,-181.20501708984375,65.4716567993164,13.187956809997559,1,0.7761520743370056,30.5510196685791,643.2444458007812,0.4995999336242676,0.442471981048584,0.4374348521232605,1,-65.51910400390625,32.472900390625,645.6356201171875,0.6375218629837036,0.43867501616477966,0.4500100910663605,60966563132,2062760863
1,1,1,2.26507568359375,1,2.3465118408203125,1,0.03969024866819382,0.6802955865859985,-157.61724853515625,66.39505767822266,13.524040222167969,1,-0.032990071922540665,0.6870178580284119,-182.681396484375,65.16972351074219,13.078059196472168,1,0.783017635345459,30.56354331970215,643.2779541015625,0.49958565831184387,0.4424504041671753,0.4375094175338745,1,-65.50456237792969,32.48101043701172,645.637939453125,0.6374911069869995,0.43865856528282166,0.450013130903244,60966571464,2062769196
1,1,1,2.2422027587890625,1,2.3709259033203125,1,0.05494175851345062,0.6868042945861816,-152.35769653320312,65.20863342285156,13.092252731323242,1,-0.024975847452878952,0.6964033246040344,-179.9176483154297,63.458892822265625,12.455424308776855,1,0.7940893173217773,30.54957389831543,643.2781982421875,0.499562531709671,0.4424794018268585,0.4375079572200775,1,-65.48788452148438,32.466148376464844,645.5948486328125,0.6374667882919312,0.43868348002433777,0.44991427659988403,60966579797,2062777529
1,1,1,2.2442474365234375,1,2.37664794921875,1,0.06126683950424194,0.6453700065612793,-150.1764678955078,72.76138305664062,15.841169357299805,1,-0.0221868883818388,0.6479437351226807,-178.9558868408203,72.29222106933594,15.670479774475098,1,0.8143181800842285,30.597335815429688,643.3460693359375,0.49952030181884766,0.44238919019699097,0.43766188621520996,1,-65.47146606445312,32.52272415161133,645.89453125,0.6373612880706787,0.43860727548599243,0.4505656361579895,60966588131,2062785863
1,1,1,2.2306365966796875,1,2.325775146484375,1,0.06511438637971878,0.596808910369873,-148.84963989257812,81.61319732666016,19.063003540039062,1,-0.03222499415278435,0.6143946647644043,-182.41754150390625,78.40763854980469,17.896251678466797,1,0.8410355448722839,30.620685577392578,643.42578125,0.49946457147598267,0.4423512816429138,0.437838077545166,1,-65.5052719116211,32.60506820678711,646.487060546875,0.6372904777526855,0.4385177493095398,0.45186370611190796,60966596464,2062794196
1,1,1,2.260040283203125,1,2.3528900146484375,1,0.05741187930107117,0.6123552918434143,-151.50587463378906,78.77935028076172,18.031599044799805,1,-0.025992488488554955,0.5955142974853516,-180.2682342529297,81.84917449951172,19.1489315032959,1,0.8522964119911194,30.63165283203125,643.4717407226562,0.49944114685058594,0.44233453273773193,0.437939316034317,1,-65.4810791015625,32.617977142333984,646.4325561523438,0.6372532844543457,0.43848368525505066,0.451742559671402,60966604797,2062802529
1,1,1,2.17547607421875,1,2.3253631591796875,1,0.07634498178958893,0.5716879963874817,-144.97671508789062,86.19229125976562,20.729646682739258,1,-0.029598329216241837,0.622187614440918,-181.51173400878906,76.98709869384766,17.37923240661621,1,0.8480650186538696,30.658384323120117,643.5061645507812,0.49945005774497986,0.442283570766449,0.4380176067352295,1,-65.45393371582031,32.64042663574219,646.16552734375,0.6372602581977844,0.43840083479881287,0.45116353034973145,60966613131,2062810863
1,1,1,2.2298126220703125,1,2.34539794921875,1,0.05953047052025795,0.601680338382721,-150.7752685546875,80.72521209716797,18.739818572998047,1,-0.03313560038805008,0.5958651304244995,-182.7315673828125,81.78524017333984,19.1256160736084,1,0.8548741340637207,30.64897918701172,643.4951171875,0.49943575263023376,0.4423016309738159,0.4379923939704895,1,-65.46376037597656,32.6390380859375,646.2470703125,0.6372612714767456,0.4384148120880127,0.451341450214386,60966621463,2062819196
1,1,1,2.2270355224609375,1,2.37078857421875,1,0.08561240136623383,0.5777321457862854,-141.7808074951172,85.09054565429688,20.328655242919922,1,-0.01638980768620968,0.6183263659477234,-176.9567108154297,77.69092559814453,17.63546371459961,1,0.8529115915298462,30.673236846923828,643.4608154296875,0.49943971633911133,0.44224679470062256,0.43792128562927246,1,-65.46102905273438,32.651954650878906,646.1295776367188,0.6372833251953125,0.43837207555770874,0.45108920335769653,60966629796,2062827529
1,1,1,2.2250823974609375,1,2.3784027099609375,1,0.07530398666858673,0.5980741381645203,-145.33572387695312,81.38256072998047,18.979082107543945,1,-0.017222002148628235,0.6045047640800476,-177.2436981201172,80.21038818359375,18.552391052246094,1,0.854904055595398,30.680315017700195,643.47216796875,0.4994356036186218,0.4422336220741272,0.4379468858242035,1,-65.45274353027344,32.646942138671875,646.0250244140625,0.6372910141944885,0.43836817145347595,0.45086100697517395,60966638133,2062835866
1,1,1,2.2318572998046875,1,2.38134765625,1,0.09392514824867249,0.6039089560508728,-138.91412353515625,80.3189926147461,18.591949462890625,1,-0.014611778780817986,0.6224051713943481,-176.34353637695312,76.94745635986328,17.364788055419922,1,0.8580268621444702,30.67928695678711,643.4607543945312,0.49942898750305176,0.44223424792289734,0.43792206048965454,1,-65.45989227294922,32.64788055419922,646.1297607421875,0.6372810006141663,0.43838053941726685,0.45108866691589355,60966646466,2062844199
1,1,1,2.209014892578125,1,2.332000732421875,1,0.09026578813791275,0.6032583713531494,-140.17605590820312,80.43754577636719,18.635164260864258,1,-0.028015509247779846,0.636177659034729,-180.96588134765625,74.43697357177734,16.451066970825195,1,0.860416054725647,30.688575744628906,643.4381103515625,0.49942392110824585,0.44221198558807373,0.4378741681575775,1,-65.47232818603516,32.66648864746094,646.4464721679688,0.6372316479682922,0.4383853077888489,0.45177772641181946,60966654799,2062852532
1,1,1,2.2319793701171875,1,2.2829437255859375,1,0.07698985189199448,0.5951216816902161,-144.7543182373047,81.92074584960938,19.174928665161133,1,-0.045870229601860046,0.6056763529777527,-187.1231689453125,79.996826171875,18.474651336669922,1,0.863480806350708,30.669328689575195,643.4261474609375,0.4994175434112549,0.44225040078163147,0.4378456473350525,1,-65.45736694335938,32.633018493652344,646.1534423828125,0.6372702717781067,0.43841448426246643,0.45113712549209595,60966663133,2062860866
1,1,1,2.2204437255859375,1,2.3365325927734375,1,0.058495327830314636,0.5896717309951782,-151.1322479248047,82.9141845703125,19.53648567199707,1,-0.034856125712394714,0.6172264814376831,-183.3249053955078,77.89144134521484,17.70841407775879,1,0.8677922487258911,30.666763305664062,643.4151611328125,0.4994085133075714,0.44225427508354187,0.4378213584423065,1,-65.44896697998047,32.6241340637207,646.1085205078125,0.6372635364532471,0.4384267330169678,0.45103707909584045,60966671466,2062869199
1,1,1,2.1705322265625,1,2.3112030029296875,1,0.08389303833246231,0.5696731209754944,-142.3737335205078,86.55953979492188,20.863405227661133,1,-0.047611430287361145,0.62090665102005,-187.72360229492188,77.2205810546875,17.464252471923828,1,0.8760110139846802,30.64706802368164,643.47216796875,0.4993915259838104,0.4423026442527771,0.43794238567352295,1,-65.47167205810547,32.630157470703125,646.598876953125,0.6371943354606628,0.4384811818599701,0.45210132002830505,60966679798,2062877532
1,1,1,2.260498046875,1,2.32952880859375,1,0.07109535485506058,0.5857461094856262,-146.78707885742188,83.62976837158203,19.796924591064453,1,-0.04099195823073387,0.5945934057235718,-185.4408721923828,82.01702117919922,19.210039138793945,1,0.8834072351455688,30.633529663085938,643.403076171875,0.4993759095668793,0.4423217177391052,0.43779072165489197,1,-65.46430969238281,32.614933013916016,646.6022338867188,0.637178361415863,0.4385131299495697,0.452104777097702,60966688132,2062885866
1,1,1,2.2451171875,1,2.329345703125,1,0.07548390328884125,0.574809193611145,-145.27366638183594,85.62333679199219,20.522611618041992,1,-0.03772182762622833,0.6114195585250854,-184.31314086914062,78.94993591308594,18.093645095825195,1,0.8914155960083008,30.62848663330078,643.4141845703125,0.499359130859375,0.4423336386680603,0.43781405687332153,1,-65.45381164550781,32.604896545410156,646.6159057617188,0.6371533870697021,0.43853577971458435,0.452130526304245,60966696465,2062894199
1,1,1,2.252227783203125,1,2.3705291748046875,1,0.07726086676120758,0.6131038665771484,-144.66085815429688,78.64292907714844,17.98185920715332,1,-0.014869692735373974,0.6142066717147827,-176.43251037597656,78.4418716430664,17.90877914428711,1,0.8993711471557617,30.61886978149414,643.3800048828125,0.4993424117565155,0.4423491358757019,0.43773868680000305,1,-65.4364013671875,32.578826904296875,646.5020141601562,0.6371443867683411,0.4385741949081421,0.4518773555755615,60966704798,2062902532
1,1,1,2.2745361328125,1,2.310821533203125,1,0.08469761162996292,0.6031620502471924,-142.0962677001953,80.45513153076172,18.641477584838867,1,-0.04739201068878174,0.6021344065666199,-187.64794921875,80.6424331665039,18.70970916748047,1,0.9054982662200928,30.61788558959961,643.35693359375,0.4993295669555664,0.4423481822013855,0.43768855929374695,1,-65.4224853515625,32.578094482421875,646.4788818359375,0.6371210813522339,0.43857255578041077,0.45182427763938904,60966713132,2062910866
1,1,1,2.2436065673828125,1,2.3520965576171875,1,0.08651351183652878,0.6235525608062744,-141.47006225585938,76.7383041381836,17.28868865966797,1,-0.037163905799388885,0.6281172633171082,-184.12074279785156,75.90624237060547,16.985862731933594,1,0.9108907580375671,30.613079071044922,643.3226928710938,0.4993181824684143,0.44235366582870483,0.4376135766506195,1,-65.41021728515625,32.55978775024414,646.3641357421875,0.6371228694915771,0.438594788312912,0.4515712559223175,60966721465,2062919199
1,1,1,2.2266998291015625,1,2.3409576416015625,1,0.09896541386842728,0.6168968081474304,-137.1759490966797,77.9515380859375,17.73028564453125,1,-0.042780835181474686,0.62778240442276,-186.05775451660156,75.96727752685547,17.008071899414062,1,0.915165364742279,30.612092971801758,643.334228515625,0.4993092715740204,0.44235721230506897,0.437638521194458,1,-65.40412139892578,32.55577850341797,646.39111328125,0.6371039152145386,0.43860676884651184,0.451627641916275,60966729798,2062927532
1,1,1,2.2161865234375,1,2.368408203125,1,0.10409713536500931,0.6343034505844116,-135.40626525878906,74.77860260009766,16.57541275024414,1,-0.026676883921027184,0.6317213177680969,-180.50425720214844,75.24928283691406,16.746732711791992,1,0.9214242696762085,30.60926055908203,643.3115234375,0.4992961287498474,0.44236013293266296,0.43758878111839294,1,-65.38713836669922,32.550514221191406,646.2869873046875,0.6370933651924133,0.4386034905910492,0.45139849185943604,60966738131,2062935866
1,1,1,2.236907958984375,1,2.3123321533203125,1,0.09423836320638657,0.6291214823722839,-138.8061065673828,75.72317504882812,16.91924285888672,1,-0.03993469476699829,0.6378475427627563,-185.07626342773438,74.13256072998047,16.340335845947266,1,0.9315506815910339,30.604703903198242,643.2885131835938,0.4992748200893402,0.4423666298389435,0.43753835558891296,1,-65.37452697753906,32.54281997680664,646.2291259765625,0.6370809078216553,0.43861153721809387,0.45126980543136597,60966746464,2062944199
1,1,1,2.2566986083984375,1,2.329681396484375,1,0.07459429651498795,0.6056032180786133,-145.5804443359375,80.01013946533203,18.47956657409668,1,-0.037455178797245026,0.6142014861106873,-184.22119140625,78.44284057617188,17.909074783325195,1,0.9446731209754944,30.60900115966797,643.3001098632812,0.4992474317550659,0.44235920906066895,0.43756407499313354,1,-65.35606384277344,32.550601959228516,646.1768188476562,0.6370550394058228,0.43858832120895386,0.451153963804245,60966754797,2062952532
1,1,1,2.2496795654296875,1,2.331878662109375,1,0.06544771790504456,0.6312413811683655,-148.73468017578125,75.33676147460938,16.778573989868164,1,-0.026932088658213615,0.6450773477554321,-180.59226989746094,72.81471252441406,15.860615730285645,1,0.9571859240531921,30.604658126831055,643.30029296875,0.4992212951183319,0.4423682987689972,0.437563955783844,1,-65.34083557128906,32.54033279418945,646.0612182617188,0.6370509266853333,0.43859389424324036,0.45089974999427795,60966763133,2062960868
1,1,1,2.223876953125,1,2.3172149658203125,1,0.08457283675670624,0.6219263672828674,-142.13929748535156,77.03472900390625,17.39658546447754,1,-0.038791339844465256,0.6387614011764526,-184.6819610595703,73.96601104736328,16.27960968017578,1,0.971585750579834,30.60379409790039,643.2890625,0.49919116497039795,0.44236865639686584,0.43753954768180847,1,-65.32066345214844,32.535396575927734,645.947998046875,0.6370359659194946,0.4385886490345001,0.45065030455589294,60966771466,2062969201
1,1,1,2.268585205078125,1,2.35205078125,1,0.07224293053150177,0.6304408311843872,-146.39132690429688,75.48269653320312,16.831701278686523,1,-0.018042469397187233,0.62263023853302,-177.52662658691406,76.90642547607422,17.349876403808594,1,0.9901549816131592,30.59558868408203,643.2205200195312,0.4991520345211029,0.4423767328262329,0.4373897314071655,1,-65.29360961914062,32.510433197021484,645.527099609375,0.6370795965194702,0.4385829269886017,0.44973236322402954,60966779799,2062977534
1,1,1,2.259857177734375,1,2.383331298828125,1,0.05997362360358238,0.6253114938735962,-150.6224365234375,76.41767120361328,17.1719913482666,1,-0.02618870511651039,0.6336910128593445,-180.33590698242188,74.89022064208984,16.616056442260742,1,1.010091781616211,30.57884979248047,643.15234375,0.4991101622581482,0.44240260124206543,0.4372396767139435,1,-65.30522155761719,32.52371597290039,646.0576782226562,0.6369779706001282,0.43862783908843994,0.4508819580078125,60966788132,2062985868
1,1,1,2.248809814453125,1,2.3343353271484375,1,0.05242060497403145,0.6319530606269836,-153.22714233398438,75.2070541381836,16.731365203857422,1,-0.027477337047457695,0.6273887753486633,-180.78028869628906,76.03902435302734,17.034189224243164,1,1.0205292701721191,30.57994842529297,643.117919921875,0.49908819794654846,0.44239580631256104,0.43716511130332947,1,-65.29978942871094,32.530029296875,646.0469970703125,0.636969268321991,0.43861332535743713,0.45085859298706055,60966796465,2062994201
1,1,1,2.2718048095703125,1,2.3370513916015625,1,0.07652685791254044,0.6616780757904053,-144.91400146484375,69.7887191772461,14.75922966003418,1,-0.02571439929306507,0.6330738663673401,-180.17233276367188,75.00275421142578,16.656909942626953,1,1.0576443672180176,30.559646606445312,643.140869140625,0.49901068210601807,0.44244104623794556,0.437212198972702,1,-65.3043212890625,32.515316009521484,646.447021484375,0.6368840932846069,0.43869826197624207,0.45172107219696045,60966804798,2063002534
1,1,1,2.2279815673828125,1,2.30047607421875,1,0.11986272037029266,0.6250985264778137,-129.96942138671875,76.45647430419922,17.186140060424805,1,-0.012262867763638496,0.6131787300109863,-175.5335235595703,78.62928009033203,17.976911544799805,1,1.141705870628357,30.557985305786133,643.2208251953125,0.49883511662483215,0.44245514273643494,0.43738576769828796,1,-65.18824768066406,32.46685791015625,645.478515625,0.6368726491928101,0.43866676092147827,0.449598491191864,60966813132,2063010868
1,1,1,2.2370452880859375,1,2.308074951171875,1,0.12137363106012344,0.6285322308540344,-129.44837951660156,75.8305892944336,16.958343505859375,1,-0.006902690045535564,0.5873534679412842,-173.68502807617188,83.33673858642578,19.690336227416992,1,1.2062126398086548,30.53061294555664,643.1414794921875,0.4986998438835144,0.4425017237663269,0.43721020221710205,1,-65.14755249023438,32.45342254638672,645.3714599609375,0.6368136405944824,0.43868008255958557,0.44935673475265503,60966821465,2063019201
1,1,1,2.2300262451171875,1,2.3472137451171875,1,0.13590645790100098,0.6200317144393921,-124.43668365478516,77.38008880615234,17.522275924682617,1,0.005668835714459419,0.6074081063270569,-169.3496856689453,79.68112182617188,18.359830856323242,1,1.2295243740081787,30.484657287597656,643.2109375,0.4986514151096344,0.44260624051094055,0.43735456466674805,1,-65.1346664428711,32.42908477783203,645.323974609375,0.6367982029914856,0.4387240409851074,0.4492480754852295,60966829798,2063027534
1,1,1,2.224273681640625,1,2.3184814453125,1,0.12545742094516754,0.616732120513916,-128.0400848388672,77.9815673828125,17.741161346435547,1,0.007764315698295832,0.5988594889640808,-168.62704467773438,81.23941802978516,18.926923751831055,1,1.231412649154663,30.470706939697266,643.198974609375,0.49864745140075684,0.44263365864753723,0.4373268485069275,1,-65.13900756835938,32.42143249511719,645.359375,0.6367989182472229,0.4387446939945221,0.449324369430542,60966838132,2063035868
1,1,1,2.215240478515625,1,2.3269805908203125,1,0.13647964596748352,0.6119599938392639,-124.23900604248047,78.85142517089844,18.057771682739258,1,0.013741041533648968,0.6062843203544617,-166.56594848632812,79.88600158691406,18.434371948242188,1,1.2364851236343384,30.437389373779297,643.2446899414062,0.49863705039024353,0.442708820104599,0.43742144107818604,1,-65.14102935791016,32.382530212402344,645.3724365234375,0.6368001103401184,0.4388269782066345,0.4493473172187805,60966846464,2063044201
1,1,1,2.2266693115234375,1,2.30718994140625,1,0.1303466558456421,0.6070336699485779,-126.35400390625,79.74939727783203,18.384674072265625,1,0.0024223588407039642,0.608285665512085,-170.46923828125,79.52116394042969,18.301578521728516,1,1.2463172674179077,30.429630279541016,643.244873046875,0.4986165463924408,0.44272494316101074,0.4374207854270935,1,-65.13423156738281,32.372955322265625,645.3618774414062,0.636788547039032,0.4388453960418701,0.44932183623313904,60966854797,2063052534
1,1,1,2.2336273193359375,1,2.30572509765625,1,0.12054116278886795,0.6164038181304932,-129.73545837402344,78.0414047241211,17.76293182373047,1,-0.017837854102253914,0.604204535484314,-177.4561004638672,80.26510620117188,18.572324752807617,1,1.2561664581298828,30.422761917114258,643.2220458984375,0.49859586358070374,0.4427362382411957,0.4373703598976135,1,-65.13078308105469,32.370723724365234,645.396728515625,0.6367731690406799,0.43885475397109985,0.449396014213562,60966863131,2063060868
1,1,1,2.222991943359375,1,2.3915863037109375,1,0.12833034992218018,0.5936650633811951,-127.04932403564453,82.18624877929688,19.271547317504883,1,0.026775436475872993,0.6115278601646423,-162.07098388671875,78.93018341064453,18.086483001708984,1,1.262579321861267,30.423389434814453,643.2445068359375,0.49858254194259644,0.4427379071712494,0.43741920590400696,1,-65.11922454833984,32.36213684082031,645.3514404296875,0.6367599368095398,0.43886643648147583,0.4492945075035095,60966871464,2063069201
1,1,1,2.2535247802734375,1,2.2807159423828125,1,0.12185288965702057,0.5824747681617737,-129.28311157226562,84.2260513305664,20.014009475708008,1,-0.0067191836424171925,0.6199259161949158,-173.6217498779297,77.39939880371094,17.529264450073242,1,1.2694154977798462,30.438379287719727,643.2333374023438,0.49856817722320557,0.44270533323287964,0.4373970329761505,1,-65.1112289428711,32.37595748901367,645.34130859375,0.6367457509040833,0.4388364255428314,0.44927287101745605,60966879797,2063077534
1,1,1,2.24566650390625,1,2.316131591796875,1,0.132968932390213,0.5985291004180908,-125.44969940185547,81.29962921142578,18.948911666870117,1,0.00533608952537179,0.6260733604431152,-169.4644317626953,76.27881622314453,17.121402740478516,1,1.2775901556015015,30.44403076171875,643.2219848632812,0.49855101108551025,0.4426921308040619,0.4373732805252075,1,-65.09883117675781,32.3759765625,645.286865234375,0.636732816696167,0.4388290047645569,0.4491526782512665,60966888131,2063085868
1,1,1,2.223785400390625,1,2.31597900390625,1,0.12955406308174133,0.6167228817939758,-126.62731170654297,77.98323059082031,17.741775512695312,1,0.0012454764219000936,0.6287063360214233,-170.87509155273438,75.79886627197266,16.94672966003418,1,1.2855008840560913,30.48969841003418,643.1875,0.498534232378006,0.4425928294658661,0.43730467557907104,1,-65.09007263183594,32.40129089355469,645.2401123046875,0.6367256045341492,0.43877023458480835,0.44905343651771545,60966896471,2063094208
1,1,1,2.2136993408203125,1,2.3139801025390625,1,0.12854357063770294,0.6167134046554565,-126.97579956054688,77.98495483398438,17.74245834350586,1,0.0021866706665605307,0.6364564895629883,-170.55050659179688,74.38612365722656,16.432580947875977,1,1.2959859371185303,30.518428802490234,643.153076171875,0.49851205945014954,0.44252872467041016,0.43723395466804504,1,-65.07575225830078,32.41868209838867,645.1727294921875,0.6367117762565613,0.4387250244617462,0.44890734553337097,60966904803,2063102541
1,1,1,2.2399749755859375,1,2.365814208984375,1,0.12864626944065094,0.6448343992233276,-126.94037628173828,72.8590087890625,15.876694679260254,1,0.020450450479984283,0.6285865902900696,-164.25218200683594,75.82070922851562,16.95465850830078,1,1.30912184715271,30.557796478271484,643.1642456054688,0.4984845519065857,0.4424484372138977,0.43726369738578796,1,-65.07538604736328,32.44783020019531,645.219970703125,0.6366996765136719,0.4386711120605469,0.44901347160339355,60966913136,2063110874
1,1,1,2.2337188720703125,1,2.3174896240234375,1,0.1519877314567566,0.6517043113708496,-118.89098358154297,71.60676574707031,15.42090129852295,1,0.01082414761185646,0.6141613125801086,-167.5718536376953,78.45016479492188,17.9117374420166,1,1.3196682929992676,30.596454620361328,643.242919921875,0.4984627962112427,0.44237852096557617,0.43743976950645447,1,-65.07376098632812,32.482139587402344,645.2776489257812,0.6366825699806213,0.43860793113708496,0.4491424560546875,60966921470,2063119208
1,1,1,2.2590484619140625,1,2.355316162109375,1,0.14086951315402985,0.6267161965370178,-122.72515869140625,76.16163635253906,17.078824996948242,1,0.03413524478673935,0.6362196803092957,-159.5329132080078,74.42931365966797,16.448266983032227,1,1.3277602195739746,30.60072135925293,643.2540283203125,0.4984458386898041,0.442371129989624,0.4374644458293915,1,-65.0576400756836,32.49657440185547,645.3052368164062,0.6366425156593323,0.43858182430267334,0.4492005705833435,60966929804,2063127541
1,1,1,2.2460174560546875,1,2.3236541748046875,1,0.1464236080646515,0.6072941422462463,-120.80979919433594,79.70193481445312,18.36733055114746,1,0.0018866201862692833,0.6234470009803772,-170.6540069580078,76.75756072998047,17.295665740966797,1,1.3390867710113525,30.608182907104492,643.254150390625,0.49842214584350586,0.4423556923866272,0.43746575713157654,1,-65.03938293457031,32.536415100097656,645.3424072265625,0.6365956664085388,0.4385044276714325,0.44928255677223206,60966938138,2063135875
1,1,1,2.2500762939453125,1,2.335968017578125,1,0.14158879220485687,0.6080262064933777,-122.47708892822266,79.5684814453125,18.31878662109375,1,0.008918887004256248,0.6294820308685303,-168.22889709472656,75.657470703125,16.89531135559082,1,1.345554232597351,30.61227798461914,643.2771606445312,0.4984087347984314,0.44235023856163025,0.43751633167266846,1,-65.03214263916016,32.56171417236328,645.461669921875,0.6365523338317871,0.43846842646598816,0.4495421051979065,60966946471,2063144208
1,1,1,2.244537353515625,1,2.35028076171875,1,0.144838348031044,0.6176953911781311,-121.35646057128906,77.80595397949219,17.677270889282227,1,0.021012363955378532,0.631727933883667,-164.05841064453125,75.24809265136719,16.74625587463379,1,1.3529582023620605,30.61648941040039,643.2774658203125,0.4983932673931122,0.44234153628349304,0.43751752376556396,1,-65.02066802978516,32.57482147216797,645.488037109375,0.6365221738815308,0.4384448528289795,0.44959837198257446,60966954804,2063152541
1,1,1,2.237060546875,1,2.3488922119140625,1,0.15902955830097198,0.6131194829940796,-116.46257781982422,78.64009857177734,17.98086166381836,1,0.008026611991226673,0.635059654712677,-168.53660583496094,74.64076232910156,16.525239944458008,1,1.3635292053222656,30.62464141845703,643.28857421875,0.4983711540699005,0.4423260986804962,0.4375428557395935,1,-64.99324035644531,32.589210510253906,645.3396606445312,0.6365002989768982,0.43839481472969055,0.4492742121219635,60966963137,2063160875
1,1,1,2.2662353515625,1,2.4134063720703125,1,0.134029820561409,0.617951512336731,-125.08383178710938,77.75927734375,17.660253524780273,1,0.03809291496872902,0.6582465767860413,-158.1680908203125,70.4142074584961,14.986861228942871,1,1.3791016340255737,30.625925064086914,643.277099609375,0.498338520526886,0.44232192635536194,0.4375181794166565,1,-64.97452545166016,32.594482421875,645.3320922851562,0.6364632248878479,0.43838292360305786,0.44925472140312195,60966971470,2063169208
1,1,1,2.2223358154296875,1,2.3046417236328125,1,0.1400691717863083,0.5973278880119324,-123.00115203857422,81.51858520507812,19.028606414794922,1,-0.008821163326501846,0.6241878867149353,-174.34661865234375,76.62251281738281,17.246503829956055,1,1.4016687870025635,30.65042495727539,643.3232421875,0.4982914626598358,0.442277193069458,0.4376218020915985,1,-64.96179962158203,32.63710403442383,645.4038696289062,0.6364196538925171,0.43830451369285583,0.44941288232803345,60966979804,2063177541
1,1,1,2.252044677734375,1,2.3018341064453125,1,0.13771674036979675,0.6114347577095032,-123.81239318847656,78.94717407226562,18.092632293701172,1,-0.008947488851845264,0.6244330406188965,-174.3901824951172,76.57783508300781,17.230236053466797,1,1.4234992265701294,30.657550811767578,643.3575439453125,0.4982459843158722,0.44226691126823425,0.43769729137420654,1,-64.93742370605469,32.64207458496094,645.3048095703125,0.6363924741744995,0.43828070163726807,0.44919446110725403,60966988138,2063185875
1,1,1,2.2684326171875,1,2.3389739990234375,1,0.129861980676651,0.6130284667015076,-126.5211410522461,78.65666198730469,17.986902236938477,1,0.0028664495330303907,0.628689706325531,-170.3161163330078,75.8019027709961,16.947830200195312,1,1.4415704011917114,30.677932739257812,643.3457641601562,0.49820807576179504,0.44222313165664673,0.4376746118068695,1,-64.91735076904297,32.66337966918945,645.2496337890625,0.636363685131073,0.4382290244102478,0.4490741193294525,60966996471,2063194208
1,1,1,2.2362060546875,1,2.3675537109375,1,0.12612035870552063,0.6289989352226257,-127.81143951416016,75.74552154541016,16.927350997924805,1,0.009693549014627934,0.6388496160507202,-167.9617462158203,73.94991302490234,16.273828506469727,1,1.455383062362671,30.71382713317871,643.3460693359375,0.4981791377067566,0.4421486556529999,0.43768033385276794,1,-64.89307403564453,32.688838958740234,645.149169921875,0.6363368630409241,0.43816256523132324,0.4488557279109955,60967004804,2063202541
1,1,1,2.2388763427734375,1,2.3081207275390625,1,0.12792415916919708,0.6143976449966431,-127.18939971923828,78.4070816040039,17.896108627319336,1,0.005297394003719091,0.632480800151825,-169.477783203125,75.11083221435547,16.69635581970215,1,1.4746217727661133,30.727231979370117,643.33447265625,0.49813881516456604,0.4421193599700928,0.43765708804130554,1,-64.88169860839844,32.70127868652344,645.1629638671875,0.6363099217414856,0.4381387233734131,0.4488847851753235,60967013138,2063210875
1,1,1,2.2343597412109375,1,2.3970794677734375,1,0.1473318338394165,0.6646244525909424,-120.49658203125,69.25163269042969,14.563719749450684,1,0.04501669481396675,0.6177467107772827,-155.7803955078125,77.79657745361328,17.67392921447754,1,1.4975749254226685,30.78318214416504,643.2762451171875,0.49809035658836365,0.44199562072753906,0.4375384747982025,1,-64.86776733398438,32.733055114746094,645.1409912109375,0.6362861394882202,0.4380699098110199,0.448839008808136,60967021471,2063219208
1,1,1,2.2213287353515625,1,2.4213409423828125,1,0.15467585623264313,0.6489299535751343,-117.96397399902344,72.11247253417969,15.60500717163086,1,0.07446305453777313,0.6235401630401611,-145.62570190429688,76.74057006835938,17.289474487304688,1,1.5414361953735352,30.78300666809082,643.3104248046875,0.49799880385398865,0.44200053811073303,0.437612920999527,1,-64.84550476074219,32.739139556884766,645.1693115234375,0.6362331509590149,0.4380612373352051,0.448896199464798,60967029803,2063227540
1,1,1,2.2401580810546875,1,2.380645751953125,1,0.16894283890724182,0.6069287657737732,-113.04393768310547,79.76851654052734,18.391633987426758,1,0.06297515332698822,0.6013679504394531,-149.58734130859375,80.78216552734375,18.760496139526367,1,1.6696674823760986,30.814096450805664,643.321044921875,0.497730553150177,0.4419376850128174,0.437640905380249,1,-64.74629211425781,32.79134750366211,645.2005615234375,0.6360195279121399,0.43795761466026306,0.448949933052063,60967038137,2063235874
1,1,1,2.2252349853515625,1,2.33892822265625,1,0.22239713370800018,0.5896911025047302,-94.60999298095703,82.91065979003906,19.53522491455078,1,0.053959477692842484,0.6147891879081726,-152.6964569091797,78.33570861816406,17.870086669921875,1,1.7732452154159546,30.829830169677734,643.33203125,0.49751392006874084,0.4419066905975342,0.437667578458786,1,-64.64787292480469,32.84109115600586,644.9390258789062,0.6358765363693237,0.4378187656402588,0.4483712911605835,60967046470,2063244207
1,1,1,2.2123565673828125,1,2.359283447265625,1,0.20913256704807281,0.6035788655281067,-99.18433380126953,80.37914276123047,18.61383628845215,1,0.055689215660095215,0.6200317144393921,-152.0999298095703,77.38009643554688,17.522268295288086,1,1.8129792213439941,30.822465896606445,643.2406005859375,0.4974302053451538,0.4419099986553192,0.4374682903289795,1,-64.59138488769531,32.85334396362305,644.7976684570312,0.6357923150062561,0.4377739727497101,0.4480558931827545,60967054804,2063252540
1,1,1,2.1993560791015625,1,2.3350982666015625,1,0.21046383678913116,0.5728070139884949,-98.7252426147461,85.9883041381836,20.655385971069336,1,0.05543144419789314,0.607830822467804,-152.18882751464844,79.60408782958984,18.331756591796875,1,1.8305970430374146,30.833038330078125,643.2408447265625,0.49739333987236023,0.44188812375068665,0.437470406293869,1,-64.58918762207031,32.89202880859375,644.8333740234375,0.6357792019844055,0.43769872188568115,0.448138028383255,60967063138,2063260874
1,1,1,2.2188720703125,1,2.3493194580078125,1,0.21007750928401947,0.5976680517196655,-98.85846710205078,81.45658111572266,19.006032943725586,1,0.0441213883459568,0.6451997756958008,-156.0891571044922,72.79239654541016,15.852487564086914,1,1.8423590660095215,30.824596405029297,643.1836547851562,0.49736833572387695,0.4418981075286865,0.4373452961444855,1,-64.58224487304688,32.87354278564453,644.7874755859375,0.6357756853103638,0.43773072957992554,0.44803479313850403,60967071470,2063269207
1,1,1,2.2274017333984375,1,2.347930908203125,1,0.20627978444099426,0.5838631391525269,-100.16812896728516,83.97296905517578,19.92191505432129,1,0.05482379347085953,0.6328625679016113,-152.39837646484375,75.0412368774414,16.67104721069336,1,1.8597829341888428,30.839069366455078,643.206298828125,0.49733200669288635,0.4418710768222809,0.43739649653434753,1,-64.57866668701172,32.88667678833008,644.7901611328125,0.6357675790786743,0.4377038776874542,0.448041707277298,60967079803,2063277540
1,1,1,2.22357177734375,1,2.3502960205078125,1,0.19910232722759247,0.5871767997741699,-102.64330291748047,83.36893463134766,19.702056884765625,1,0.05586947128176689,0.6208789944648743,-152.03778076171875,77.22565460205078,17.46604347229004,1,1.8723641633987427,30.84026336669922,643.2520141601562,0.4973059892654419,0.4418746531009674,0.4374958872795105,1,-64.57484436035156,32.88882064819336,644.8719482421875,0.635740339756012,0.4377107322216034,0.4482177793979645,60967088136,2063285873
1,1,1,2.2163543701171875,1,2.359527587890625,1,0.19778645038604736,0.5990831255912781,-103.09709167480469,81.19863891601562,18.912126541137695,1,0.062288861721754074,0.6430232524871826,-149.8240203857422,73.18912506103516,15.996925354003906,1,1.8801987171173096,30.830347061157227,643.1715087890625,0.49728912115097046,0.4418846666812897,0.43731993436813354,1,-64.56303405761719,32.874549865722656,644.802734375,0.6357322335243225,0.4377307593822479,0.4480637311935425,60967096471,2063294207
1,1,1,2.2293243408203125,1,2.326568603515625,1,0.19251282513141632,0.595158576965332,-104.91571807861328,81.91401672363281,19.17249298095703,1,0.05631815642118454,0.6372460126876831,-151.883056640625,74.24222564697266,16.380229949951172,1,1.8869102001190186,30.83319854736328,643.1602172851562,0.4972749650478363,0.44187724590301514,0.43729594349861145,1,-64.56239318847656,32.88158416748047,644.8380126953125,0.6357225179672241,0.4377210736274719,0.44814082980155945,60967104804,2063302540
1,1,1,2.2065277099609375,1,2.36578369140625,1,0.19124868512153625,0.5855420827865601,-105.35165405273438,83.66694641113281,19.810453414916992,1,0.05617298558354378,0.6277773380279541,-151.93310546875,75.96820068359375,17.008380889892578,1,1.8937640190124512,30.824554443359375,643.1488647460938,0.49726054072380066,0.44189372658729553,0.4372701942920685,1,-64.55224609375,32.85511016845703,644.781982421875,0.6357147097587585,0.43776825070381165,0.44801396131515503,60967113137,2063310873
1,1,1,2.220550537109375,1,2.3506927490234375,1,0.19706174731254578,0.5819142460823059,-103.34700775146484,84.3282470703125,20.0511474609375,1,0.05750657990574837,0.6498685479164124,-151.47320556640625,71.94135284423828,15.542764663696289,1,1.894932746887207,30.82455062866211,643.1488037109375,0.49725812673568726,0.44189372658729553,0.43727004528045654,1,-64.54959869384766,32.85576629638672,644.78271484375,0.6357090473175049,0.43776699900627136,0.448015034198761,60967121471,2063319207
1,1,1,2.2381439208984375,1,2.3365020751953125,1,0.1844881772994995,0.5901933312416077,-107.68306732177734,82.81908416748047,19.501949310302734,1,0.03812834247946739,0.6319754123687744,-158.1558837890625,75.20299530029297,16.729816436767578,1,1.8903818130493164,30.819231033325195,643.091796875,0.4972672760486603,0.44189727306365967,0.4371455907821655,1,-64.55076599121094,32.836204528808594,644.7250366210938,0.6357251405715942,0.4377996027469635,0.44788792729377747,60967129803,2063327540
1,1,1,2.2408905029296875,1,2.3483123779296875,1,0.1941481977701187,0.6098809242248535,-104.35176086425781,79.23039245605469,18.19578742980957,1,0.0472053661942482,0.6261916160583496,-155.02565002441406,76.25727844238281,17.113588333129883,1,1.8859580755233765,30.810855865478516,643.0577392578125,0.49727633595466614,0.44191014766693115,0.43707048892974854,1,-64.55223846435547,32.81136703491211,644.7096557617188,0.6357318758964539,0.4378489851951599,0.4478515684604645,60967138137,2063335873
1,1,1,2.2103424072265625,1,2.31103515625,1,0.19856248795986176,0.586106538772583,-102.8294677734375,83.56405639648438,19.77303695678711,1,0.04657658562064171,0.6171115040779114,-155.24246215820312,77.91236877441406,17.7160587310791,1,1.8791117668151855,30.81039047241211,643.0233154296875,0.4972904622554779,0.44190654158592224,0.43699565529823303,1,-64.55979919433594,32.805503845214844,644.7105712890625,0.6357473731040955,0.43786123394966125,0.447854220867157,60967146471,2063344207
1,1,1,2.213531494140625,1,2.30877685546875,1,0.19103924930095673,0.58927983045578,-105.42389678955078,82.98561096191406,19.56253433227539,1,0.04649140313267708,0.62093186378479,-155.2718505859375,77.21602630615234,17.462553024291992,1,1.8771768808364868,30.79950523376465,642.9667358398438,0.497294157743454,0.4419216811656952,0.4368714690208435,1,-64.56002807617188,32.777992248535156,644.6638793945312,0.6357589960098267,0.4379117786884308,0.447749525308609,60967154804,2063352540
1,1,1,2.2405242919921875,1,2.3695526123046875,1,0.1959514170885086,0.6019129753112793,-103.72991943359375,80.68280792236328,18.724403381347656,1,0.05326753482222557,0.6077992916107178,-152.93507385253906,79.60985565185547,18.333820343017578,1,1.8701963424682617,30.802513122558594,642.9554443359375,0.4973086714744568,0.4419139325618744,0.4368473291397095,1,-64.56484985351562,32.77606201171875,644.6629028320312,0.6357691884040833,0.4379156231880188,0.44774821400642395,60967163141,2063360877
1,1,1,2.2509765625,1,2.372406005859375,1,0.20231415331363678,0.6053358316421509,-101.53569030761719,80.05888366699219,18.497297286987305,1,0.06401805579662323,0.6321954131126404,-149.2277069091797,75.16287231445312,16.715267181396484,1,1.8664666414260864,30.80385398864746,642.9324340820312,0.49731630086898804,0.4419081211090088,0.436797559261322,1,-64.56866455078125,32.78173065185547,644.664306640625,0.6357768177986145,0.43790411949157715,0.447752982378006,60967171475,2063369211
1,1,1,2.207244873046875,1,2.3556060791015625,1,0.1990160048007965,0.6040633320808411,-102.6730728149414,80.29083251953125,18.581722259521484,1,0.06536899507045746,0.607230544090271,-148.76182556152344,79.7135009765625,18.3715763092041,1,1.8701281547546387,30.80432891845703,642.9326171875,0.4973086714744568,0.44190719723701477,0.436798095703125,1,-64.57389831542969,32.78229522705078,644.6725463867188,0.6357857584953308,0.4379040598869324,0.447771817445755,60967179809,2063377544
1,1,0,nan,1,2.3516998291015625,0,nan,nan,nan,nan,nan,1,0.05778291076421738,0.6352107524871826,-151.3779296875,74.61322784423828,16.51521110534668,0,nan,nan,nan,nan,nan,nan,1,-64.57585906982422,32.8110466003418,644.66015625,0.63579261302948,0.4378427267074585,0.44774967432022095,60967188141,2063385877
1,1,1,2.2245025634765625,1,2.3415679931640625,1,0.20533029735088348,0.5853797197341919,-100.49555969238281,83.696533203125,19.821243286132812,1,0.040863074362277985,0.6328456997871399,-157.21279907226562,75.04432678222656,16.672122955322266,1,1.886515736579895,30.821556091308594,643.0233154296875,0.4972749352455139,0.4418833553791046,0.4369973838329315,1,-64.57219696044922,32.82683181762695,644.6610107421875,0.6357846856117249,0.43781012296676636,0.447752982378006,60967196475,2063394211
1,1,1,2.2163543701171875,1,2.34649658203125,1,0.19712579250335693,0.5829207301139832,-103.32492065429688,84.1447525024414,19.984413146972656,1,0.042362626641988754,0.6452471613883972,-156.6956787109375,72.78376770019531,15.849339485168457,1,1.893997311592102,30.84610939025879,643.1141967773438,0.49725982546806335,0.4418444037437439,0.43719786405563354,1,-64.57433319091797,32.87053680419922,644.6721801757812,0.6357864141464233,0.43772104382514954,0.447783887386322,60967204808,2063402544
1,1,1,2.2278289794921875,1,2.333099365234375,1,0.20447643101215363,0.5760607123374939,-100.79002380371094,85.39523315429688,20.439476013183594,1,0.052885252982378006,0.6421896815299988,-153.06690979003906,73.3410873413086,16.05219841003418,1,1.9058592319488525,30.86981201171875,643.103515625,0.49723488092422485,0.4417937695980072,0.4371781051158905,1,-64.56504821777344,32.895301818847656,644.662109375,0.6357693672180176,0.4376683831214905,0.44776371121406555,60967213142,2063410877
1,1,1,2.193206787109375,1,2.3196868896484375,1,0.21829719841480255,0.5837506055831909,-96.02387237548828,83.99349212646484,19.92936134338379,1,0.050831958651542664,0.6269136667251587,-153.7749786376953,76.12566375732422,17.065641403198242,1,1.9201010465621948,30.898544311523438,643.0693969726562,0.4972047805786133,0.4417296350002289,0.43710803985595703,1,-64.56159210205078,32.91183090209961,644.720458984375,0.6357483267784119,0.4376421272754669,0.4478912353515625,60967221476,2063419211
1,1,1,2.233123779296875,1,2.3052825927734375,1,0.21701568365097046,0.6057651042938232,-96.46580505371094,79.98065185546875,18.46876335144043,1,0.05544382333755493,0.6227073073387146,-152.1845703125,76.89234924316406,17.344806671142578,1,1.9355981349945068,30.953060150146484,643.0574951171875,0.49717220664024353,0.44161489605903625,0.43708986043930054,1,-64.55899810791016,32.93661880493164,644.8165283203125,0.6357203125953674,0.43760403990745544,0.448101669549942,60967229809,2063427544
1,1,1,2.231964111328125,1,2.343231201171875,1,0.20627515017986298,0.632499098777771,-100.16973114013672,75.10752868652344,16.695110321044922,1,0.062177542597055435,0.6044019460678101,-149.86241149902344,80.22911834716797,18.55925178527832,1,1.9548311233520508,30.975948333740234,643.068359375,0.49713194370269775,0.44156888127326965,0.437116801738739,1,-64.53488159179688,32.94757843017578,644.7731323242188,0.6356802582740784,0.43757539987564087,0.44800442457199097,60967238141,2063435877
1,1,1,2.20880126953125,1,2.3660736083984375,1,0.227201908826828,0.6397565603256226,-92.95303344726562,73.78460693359375,16.213623046875,1,0.06826363503932953,0.6100179553031921,-147.7635955810547,79.20540618896484,18.18668556213379,1,1.970563530921936,31.007368087768555,643.147216796875,0.49709951877593994,0.4415140748023987,0.43729233741760254,1,-64.5181884765625,32.96876907348633,644.7898559570312,0.6356416940689087,0.43753379583358765,0.4480399787425995,60967246475,2063444211
1,1,1,2.217864990234375,1,2.38055419921875,1,0.21623286604881287,0.6376140713691711,-96.73576354980469,74.1751480102539,16.355758666992188,1,0.07467185705900192,0.609941840171814,-145.55369567871094,79.21930694580078,18.191661834716797,1,1.9832783937454224,31.019311904907227,643.2154541015625,0.49707338213920593,0.44149836897850037,0.4374421536922455,1,-64.51034545898438,32.985694885253906,644.894775390625,0.6356006860733032,0.4375132918357849,0.44826725125312805,60967254809,2063452544
1,1,1,2.1811065673828125,1,2.39208984375,1,0.23259735107421875,0.6010156869888306,-91.09239959716797,80.84636688232422,18.783920288085938,1,0.08785364776849747,0.616197943687439,-141.0078887939453,78.07891082763672,17.776655197143555,1,2.0345020294189453,31.00086212158203,643.1014404296875,0.4969654381275177,0.44152167439460754,0.437192440032959,1,-64.47261810302734,32.994140625,644.9259033203125,0.6355149149894714,0.43750014901161194,0.44832751154899597,60967263142,2063460877
1,1,1,2.20367431640625,1,2.4220123291015625,1,0.2785501182079315,0.6157400012016296,-75.2453842163086,78.16240692138672,17.806976318359375,1,0.14001697301864624,0.6085407137870789,-123.01914978027344,79.47465515136719,18.284713745117188,1,2.199152946472168,31.02011489868164,643.2265625,0.4966217577457428,0.4414985775947571,0.4374677538871765,1,-64.34523010253906,32.97969055175781,644.622802734375,0.635321319103241,0.4374884366989136,0.44764405488967896,60967271476,2063469211
1,1,1,2.201873779296875,1,2.3502197265625,1,0.3027503788471222,0.633952796459198,-66.89982604980469,74.84252166748047,16.598663330078125,1,0.13965484499931335,0.6124846935272217,-123.14403533935547,78.7557601928711,18.023048400878906,1,2.350242853164673,31.009174346923828,643.2259521484375,0.4963056445121765,0.4415215253829956,0.43746617436408997,1,-64.21334838867188,32.987548828125,644.5433959960938,0.6350658535957336,0.43746140599250793,0.4474455416202545,60967279809,2063477544
1,1,1,2.21307373046875,1,2.3125762939453125,1,0.3103069067001343,0.6263176202774048,-64.2939224243164,76.23428344726562,17.105222702026367,1,0.12431409955024719,0.6131626963615417,-128.43434143066406,78.63219451904297,17.978002548217773,1,2.4198555946350098,31.014429092407227,643.3404541015625,0.49616101384162903,0.4415259063243866,0.4377157390117645,1,-64.1429214477539,33.01148986816406,644.5103149414062,0.634926974773407,0.43740734457969666,0.4473627507686615,60967288143,2063485878
1,1,1,2.2421875,1,2.3738250732421875,1,0.31734561920166016,0.632992684841156,-61.86659240722656,75.01753234863281,16.662363052368164,1,0.13211673498153687,0.6141535639762878,-125.74356842041016,78.45158386230469,17.912200927734375,1,2.4412331581115723,30.98825454711914,643.3637084960938,0.496116578578949,0.4415833652019501,0.4377628564834595,1,-64.13365173339844,33.0006103515625,644.5829467773438,0.6348908543586731,0.4374399781227112,0.44751599431037903,60967296477,2063494212
1,1,1,2.214599609375,1,2.3496551513671875,1,0.30765262246131897,0.6107571721076965,-65.20925903320312,79.07064819335938,18.137651443481445,1,0.13249117136001587,0.61457359790802,-125.61444854736328,78.37499237060547,17.88437271118164,1,2.4606239795684814,30.9610595703125,643.3294067382812,0.49607574939727783,0.44163528084754944,0.4376848340034485,1,-64.11898040771484,32.98410415649414,644.643798828125,0.6348462104797363,0.437482625246048,0.4476417899131775,60967304810,2063502545
1,1,1,2.236236572265625,1,2.37744140625,1,0.3099910318851471,0.6242489218711853,-64.4028549194336,76.61138153076172,17.242475509643555,1,0.13268738985061646,0.6221573948860168,-125.54678344726562,76.99258422851562,17.381271362304688,1,2.492432117462158,30.96685028076172,643.3179931640625,0.49600911140441895,0.4416218400001526,0.4376610815525055,1,-64.09319305419922,32.9932746887207,644.6365966796875,0.6347942352294922,0.437462717294693,0.447622150182724,60967313143,2063510878
1,1,1,2.1856689453125,1,2.3792877197265625,1,0.32563772797584534,0.5987293124198914,-59.00702667236328,81.26313018798828,18.93562126159668,1,0.14648425579071045,0.6308980584144592,-120.78888702392578,75.39936828613281,16.80130386352539,1,2.5247788429260254,30.940719604492188,643.2955932617188,0.49594125151634216,0.4416731595993042,0.4376091957092285,1,-64.07048797607422,32.98551940917969,644.6415405273438,0.6347458958625793,0.43747949600219727,0.4476267993450165,60967321477,2063519212
1,1,1,2.226043701171875,1,2.311767578125,1,0.3147662580013275,0.6164441704750061,-62.7560920715332,78.03402709960938,17.760303497314453,1,0.1466345489025116,0.6329252123832703,-120.73704528808594,75.02984619140625,16.666881561279297,1,2.559685230255127,30.967273712158203,643.317626953125,0.495868444442749,0.4416210353374481,0.43766093254089355,1,-64.04853820800781,33.030818939208984,644.7279663085938,0.6346799731254578,0.4373975992202759,0.4478152096271515,60967329811,2063527545
1,1,1,2.234283447265625,1,2.3824462890625,1,0.297273725271225,0.6287987232208252,-68.78846740722656,75.78202056884766,16.94062042236328,1,0.15024767816066742,0.6744488477706909,-119.49105072021484,67.46083068847656,13.911941528320312,1,2.6002683639526367,30.979454040527344,643.3749389648438,0.4957840144634247,0.4416033923625946,0.437787264585495,1,-64.00482177734375,33.04785919189453,644.6659545898438,0.6346035003662109,0.4373537600040436,0.44767457246780396,60967338144,2063535878
1,1,1,2.20989990234375,1,2.380889892578125,1,0.3097579777240753,0.6304863691329956,-64.48322296142578,75.47441101074219,16.828645706176758,1,0.15264631807804108,0.6927101016044617,-118.66386413574219,64.13211059570312,12.700432777404785,1,2.6311116218566895,30.991912841796875,643.3511962890625,0.4957192540168762,0.44157445430755615,0.43773776292800903,1,-63.95459747314453,33.060462951660156,644.55859375,0.6345241069793701,0.43731287121772766,0.4474340081214905,60967346478,2063544212
1,1,1,2.1892242431640625,1,2.3653717041015625,1,0.316326767206192,0.6091325879096985,-62.21795654296875,79.36680603027344,18.245357513427734,1,0.17076240479946136,0.6575167775154114,-112.41645812988281,70.5472183227539,15.035348892211914,1,2.6581547260284424,31.009201049804688,643.4080200195312,0.49566325545310974,0.44154614210128784,0.43786367774009705,1,-63.925071716308594,33.081729888916016,644.5645141601562,0.6344612240791321,0.4372696876525879,0.44744354486465454,60967354810,2063552545
1,1,1,2.1837005615234375,1,2.3526611328125,1,0.30280327796936035,0.6241713762283325,-66.88158416748047,76.62548828125,17.247644424438477,1,0.14616642892360687,0.6491659879684448,-120.89849853515625,72.06944274902344,15.589339256286621,1,2.694594621658325,31.016281127929688,643.4535522460938,0.49558743834495544,0.4415375590324402,0.43796372413635254,1,-63.89354705810547,33.09441375732422,644.546875,0.6343997716903687,0.43724098801612854,0.44740068912506104,60967363144,2063560878
1,1,1,2.1912384033203125,1,2.36419677734375,1,0.30902498960494995,0.6275351643562317,-64.73599243164062,76.01234436035156,17.024433135986328,1,0.16981805860996246,0.6428638696670532,-112.74211120605469,73.21821594238281,16.007427215576172,1,2.729313611984253,31.02381706237793,643.3842163085938,0.4955140948295593,0.4415128231048584,0.43781474232673645,1,-63.86372375488281,33.11614227294922,644.5411376953125,0.6343390345573425,0.43719521164894104,0.44738516211509705,60967371478,2063569212
1,1,1,2.2195587158203125,1,2.3204803466796875,1,0.30227047204971313,0.628043532371521,-67.06531524658203,75.91969299316406,16.99070167541504,1,0.13314035534858704,0.6333756446838379,-125.39059448242188,74.94771575927734,16.636993408203125,1,2.761484146118164,31.03024673461914,643.3951416015625,0.49544695019721985,0.4415009915828705,0.437839537858963,1,-63.82563781738281,33.12178039550781,644.4901733398438,0.6342716813087463,0.43717649579048157,0.44726788997650146,60967379811,2063577545
1,1,1,2.22125244140625,1,2.3370819091796875,1,0.30317947268486023,0.6443347334861755,-66.75184631347656,72.9500732421875,15.909893989562988,1,0.13365697860717773,0.6160140037536621,-125.2124252319336,78.11246490478516,17.78880500793457,1,2.7907726764678955,31.03843116760254,643.4066772460938,0.4953857660293579,0.44148555397987366,0.43786609172821045,1,-63.793338775634766,33.12140655517578,644.367919921875,0.6342329382896423,0.4371603727340698,0.4469970762729645,60967388144,2063585878
1,1,1,2.2605133056640625,1,2.353729248046875,1,0.31154489517211914,0.6458224654197693,-63.86698913574219,72.67887878417969,15.811210632324219,1,0.1455267071723938,0.6204365491867065,-121.11907958984375,77.30632781982422,17.495357513427734,1,2.8106627464294434,31.041412353515625,643.4290771484375,0.4953443706035614,0.44148239493370056,0.43791529536247253,1,-63.7769660949707,33.13298797607422,644.4176025390625,0.6341872811317444,0.4371432662010193,0.44710254669189453,60967396478,2063594212
1,1,1,2.21954345703125,1,2.363494873046875,1,0.31708410382270813,0.627863347530365,-61.95677947998047,75.95252990722656,17.002695083618164,1,0.1368163675069809,0.6073685884475708,-124.1229019165039,79.68836975097656,18.362337112426758,1,2.824633836746216,31.033266067504883,643.41845703125,0.4953150451183319,0.44149792194366455,0.4378911554813385,1,-63.76211166381836,33.12663269042969,644.4202880859375,0.634155809879303,0.4371568560600281,0.44710415601730347,60967404811,2063602545
1,1,1,2.1900787353515625,1,2.3455352783203125,1,0.3058169186115265,0.6292384266853333,-65.8423080444336,75.70188903808594,16.911441802978516,1,0.15352864563465118,0.5895858407020569,-118.35958862304688,82.9298324584961,19.542213439941406,1,2.832742929458618,31.040184020996094,643.429443359375,0.49529823660850525,0.44148504734039307,0.437916100025177,1,-63.75660705566406,33.14276123046875,644.4682006835938,0.6341331601142883,0.4371301233768463,0.44720882177352905,60967413144,2063610878
1,1,1,2.2144775390625,1,2.3573150634765625,1,0.31414559483528137,0.6495155692100525,-62.97013854980469,72.0057144165039,15.566197395324707,1,0.15466222167015076,0.6093884110450745,-117.96866607666016,79.3201904296875,18.228382110595703,1,2.8373606204986572,31.02927017211914,643.4068603515625,0.49528831243515015,0.44150468707084656,0.437865674495697,1,-63.75515365600586,33.129703521728516,644.49169921875,0.6341246962547302,0.4371604323387146,0.447257399559021,60967421482,2063619216
1,1,1,2.2343902587890625,1,2.309356689453125,1,0.32233643531799316,0.6461721658706665,-60.14548110961914,72.61516571044922,15.787965774536133,1,0.13117195665836334,0.5930642485618591,-126.06938171386719,82.29574584960938,19.31149673461914,1,2.838569164276123,31.02780532836914,643.3839111328125,0.4952855706214905,0.44150471687316895,0.43781566619873047,1,-63.74250030517578,33.12598419189453,644.401123046875,0.6341195106506348,0.4371555745601654,0.44705864787101746,60967429815,2063627549
1,1,1,2.219085693359375,1,2.377899169921875,1,0.30453193187713623,0.6430943608283997,-66.28543853759766,73.17619323730469,15.992178916931152,1,0.16803506016731262,0.6085730791091919,-113.35697937011719,79.46880340576172,18.282489776611328,1,2.839142322540283,31.02558135986328,643.3953247070312,0.4952844977378845,0.4415108263492584,0.437840074300766,1,-63.74327850341797,33.12578201293945,644.3887939453125,0.6341239213943481,0.43715429306030273,0.44703224301338196,60967438148,2063635882
1,1,1,2.2161102294921875,1,2.3748321533203125,1,0.3008991777896881,0.6488884687423706,-67.53822326660156,72.1200180053711,15.607783317565918,1,0.15315532684326172,0.6279379725456238,-118.48832702636719,75.93891143798828,16.997684478759766,1,2.835909366607666,31.015016555786133,643.3612060546875,0.4952909052371979,0.4415282607078552,0.43776458501815796,1,-63.74755096435547,33.11811447143555,644.3416748046875,0.6341438889503479,0.4371636211872101,0.4469301998615265,60967446483,2063644216
1,1,1,2.19622802734375,1,2.30462646484375,1,0.31450775265693665,0.6457697153091431,-62.845252990722656,72.68850708007812,15.814684867858887,1,0.12307485938072205,0.5972222685813904,-128.86172485351562,81.5378646850586,19.035568237304688,1,2.829923629760742,31.026260375976562,643.3840942382812,0.4953036904335022,0.44150787591934204,0.43781578540802,1,-63.75156021118164,33.129390716552734,644.2938232421875,0.6341632604598999,0.4371336102485657,0.44682934880256653,60967454816,2063652549
1,1,1,2.2109222412109375,1,2.3580780029296875,1,0.30087536573410034,0.6380113959312439,-67.54643249511719,74.10271453857422,16.329423904418945,1,0.15717504918575287,0.610991895198822,-117.10211181640625,79.02787780761719,18.122072219848633,1,2.823052167892456,31.02010154724121,643.3726806640625,0.4953179657459259,0.441519170999527,0.43779003620147705,1,-63.7607421875,33.121768951416016,644.2450561523438,0.6341937184333801,0.43714261054992676,0.44672492146492004,60967463148,2063660882
1,1,1,2.2189178466796875,1,2.3792877197265625,1,0.3026637136936188,0.6397557258605957,-66.92971801757812,73.78475189208984,16.213695526123047,1,0.15452159941196442,0.6388421654701233,-118.01715850830078,73.95125579833984,16.274362564086914,1,2.810614585876465,31.03268051147461,643.3262329101562,0.4953434467315674,0.4414869248867035,0.43769094347953796,1,-63.78376770019531,33.157936096191406,644.3232421875,0.634223222732544,0.43707844614982605,0.446903795003891,60967471482,2063669216
1,1,1,2.2269134521484375,1,2.33349609375,1,0.29517191648483276,0.6317085027694702,-69.51329040527344,75.25162506103516,16.747583389282227,1,0.16562053561210632,0.6146305203437805,-114.18964385986328,78.36463928222656,17.880611419677734,1,2.797966480255127,31.03488540649414,643.2802734375,0.49536946415901184,0.4414761960506439,0.43759143352508545,1,-63.805049896240234,33.18270492553711,644.3656005859375,0.6342576146125793,0.43703290820121765,0.44700345396995544,60967479816,2063677549
1,1,1,2.200469970703125,1,2.392974853515625,1,0.29037392139434814,0.6097267866134644,-71.16790771484375,79.25849914550781,18.205955505371094,1,0.16068428754806519,0.6440349221229553,-115.8919448852539,73.00474548339844,15.929811477661133,1,2.7811107635498047,31.037090301513672,643.24658203125,0.49540436267852783,0.44146713614463806,0.437518447637558,1,-63.82430648803711,33.21977615356445,644.3848876953125,0.6342930197715759,0.4369586706161499,0.44705453515052795,60967488149,2063685882
1,1,1,2.2453460693359375,1,2.353240966796875,1,0.2884975075721741,0.6051908731460571,-71.81497955322266,80.08531188964844,18.506927490234375,1,0.13552746176719666,0.632559061050415,-124.56736755371094,75.0965805053711,16.691129684448242,1,2.750688076019287,31.05845069885254,643.3037109375,0.4954685866832733,0.44143030047416687,0.4376450181007385,1,-63.82484436035156,33.2572021484375,644.1975708007812,0.6343374848365784,0.43685492873191833,0.44665566086769104,60967496483,2063694216
1,1,1,2.2385711669921875,1,2.3538360595703125,1,0.3021060824394226,0.6086403727531433,-67.12200927734375,79.45652770996094,18.27806282043457,1,0.1347026526927948,0.6464866399765015,-124.851806640625,72.5578384399414,15.767117500305176,1,2.727980136871338,31.061716079711914,643.2354736328125,0.495515376329422,0.4414144456386566,0.4374973475933075,1,-63.857032775878906,33.27344512939453,644.260986328125,0.6343896389007568,0.43682995438575745,0.4468017518520355,60967504816,2063702549
1,1,1,2.2223663330078125,1,2.402862548828125,1,0.33242014050483704,0.6108985543251038,-56.668067932128906,79.0448989868164,18.128196716308594,1,0.17317448556423187,0.660286545753479,-111.58463287353516,70.04238891601562,14.851503372192383,1,2.7043511867523193,31.106271743774414,643.2133178710938,0.4955645203590393,0.44131892919540405,0.4374551475048065,1,-63.899993896484375,33.31934356689453,644.427734375,0.6344399452209473,0.43675798177719116,0.44717738032341003,60967513150,2063710882
1,1,1,2.2135772705078125,1,2.3437652587890625,1,0.3160751760005951,0.6146177649497986,-62.30470657348633,78.3669662475586,17.881460189819336,1,0.13345196843147278,0.610397458076477,-125.28312683105469,79.13623046875,18.1614933013916,1,2.6784253120422363,31.14455795288086,643.156005859375,0.4956181049346924,0.4412318170070648,0.4373359978199005,1,-63.907386779785156,33.31685256958008,644.2510986328125,0.6344964504241943,0.43673843145370483,0.44679737091064453,60967521483,2063719216
1,1,1,2.2361297607421875,1,2.384674072265625,1,0.3168046176433563,0.6317358613014221,-62.05315017700195,75.24661254882812,16.74580192565918,1,0.16072891652584076,0.6395382881164551,-115.87654876708984,73.82439422607422,16.228116989135742,1,2.681638717651367,31.173686981201172,643.1210327148438,0.4956109821796417,0.4411666989326477,0.437264084815979,1,-63.9095458984375,33.32191848754883,644.2269287109375,0.6345065832138062,0.43672460317611694,0.44674643874168396,60967529816,2063727549
1,1,1,2.201446533203125,1,2.38323974609375,1,0.3524862825870514,0.645343005657196,-49.74817657470703,72.76631164550781,15.842975616455078,1,0.18548983335494995,0.6394712328910828,-107.33763122558594,73.83660125732422,16.23259162902832,1,2.7063379287719727,31.209856033325195,642.9607543945312,0.4955577254295349,0.4410703182220459,0.436921626329422,1,-63.883934020996094,33.33422088623047,644.0335083007812,0.6344982981681824,0.4366720914840698,0.4463251531124115,60967538149,2063735882
1,1,1,2.24542236328125,1,2.3551788330078125,1,0.33259204030036926,0.6348400712013245,-56.60879898071289,74.68080139160156,16.539793014526367,1,0.16364222764968872,0.610974907875061,-114.87187957763672,79.0309829711914,18.1231632232666,1,2.6714234352111816,31.220537185668945,643.0062255859375,0.49563121795654297,0.4410541355609894,0.43702152371406555,1,-63.92608642578125,33.341094970703125,644.1539306640625,0.6345579624176025,0.4366745948791504,0.44659504294395447,60967546484,2063744216
1,1,1,2.2295989990234375,1,2.394439697265625,1,0.32839342951774597,0.6324642300605774,-58.05670166015625,75.11387634277344,16.697399139404297,1,0.16459962725639343,0.6180866956710815,-114.54171752929688,77.73462677001953,17.651344299316406,1,2.638864517211914,31.23460578918457,643.05126953125,0.49569976329803467,0.4410308003425598,0.4371209144592285,1,-63.970672607421875,33.36286926269531,644.2740478515625,0.6346225738525391,0.43664613366127014,0.44686704874038696,60967554820,2063752552
1,1,1,2.2144622802734375,1,2.398284912109375,1,0.3258281350135803,0.6286693215370178,-58.94135284423828,75.80560302734375,16.949237823486328,1,0.18707746267318726,0.6319433450698853,-106.79012298583984,75.20879364013672,16.732051849365234,1,2.6123743057250977,31.241764068603516,643.0974731445312,0.4957556426525116,0.44102203845977783,0.437221884727478,1,-64.03129577636719,33.38269805908203,644.4719848632812,0.6347023248672485,0.43663251399993896,0.44731006026268005,60967563153,2063760885
1,1,1,2.1993255615234375,1,2.3600616455078125,1,0.340231329202652,0.6219660639762878,-53.9743537902832,77.02750396728516,17.393939971923828,1,0.1679309755563736,0.6350955367088318,-113.39289093017578,74.63423156738281,16.52285385131836,1,2.5889368057250977,31.238670349121094,643.0177001953125,0.49580392241477966,0.44101783633232117,0.43704819679260254,1,-64.05438995361328,33.36590576171875,644.2916259765625,0.6347925066947937,0.4366420805454254,0.446923166513443,60967571487,2063769219
1,1,1,2.218231201171875,1,2.3541412353515625,1,0.33148667216300964,0.6226605772972107,-56.98998260498047,76.9009017944336,17.347854614257812,1,0.16599737107753754,0.6081563830375671,-114.05970001220703,79.54476165771484,18.31015968322754,1,2.5602471828460693,31.23847198486328,642.9490966796875,0.49586331844329834,0.4410090148448944,0.4368990659713745,1,-64.07286834716797,33.360374450683594,644.1490478515625,0.634864330291748,0.4366336166858673,0.44661852717399597,60967579819,2063777552
1,1,1,2.2288360595703125,1,2.4029998779296875,1,0.32689228653907776,0.6254839897155762,-58.57437515258789,76.3862075805664,17.160602569580078,1,0.16733552515506744,0.6451417207717896,-113.59822082519531,72.802978515625,15.856361389160156,1,2.513118028640747,31.225046157836914,642.7901611328125,0.49596062302589417,0.44101566076278687,0.43655210733413696,1,-64.10311126708984,33.33378219604492,644.0840454101562,0.6349425315856934,0.4366796016693115,0.44648078083992004,60967588153,2063785885
1,1,1,2.2070465087890625,1,2.3724365234375,1,0.3321487605571747,0.5999568104743958,-56.76165771484375,81.03937530517578,18.854167938232422,1,0.16289827227592468,0.6348929405212402,-115.12843322753906,74.6711654663086,16.536279678344727,1,2.4603981971740723,31.231719970703125,642.8358764648438,0.49607139825820923,0.4410077929496765,0.43665173649787903,1,-64.14056396484375,33.3347053527832,644.06494140625,0.635024905204773,0.43667498230934143,0.44644761085510254,60967596486,2063794218
1,1,1,2.193634033203125,1,2.3466949462890625,1,0.34676340222358704,0.6260175108909607,-51.72173309326172,76.28898620605469,17.125118255615234,1,0.16225706040859222,0.6066271662712097,-115.34955596923828,79.82349395751953,18.411584854125977,1,2.420114517211914,31.23284339904785,642.9041748046875,0.4961563050746918,0.44101449847221375,0.43679967522621155,1,-64.19914245605469,33.31932830810547,644.1343994140625,0.6351305842399597,0.4367164075374603,0.446607768535614,60967604820,2063802552
1,1,1,2.21466064453125,1,2.353515625,1,0.32330650091171265,0.628519594669342,-59.810951232910156,75.8328857421875,16.95917510986328,1,0.16391710937023163,0.6348283886909485,-114.7770767211914,74.68289184570312,16.540569305419922,1,2.377619743347168,31.228246688842773,642.8590087890625,0.4962449073791504,0.44101789593696594,0.436700701713562,1,-64.245361328125,33.296485900878906,643.9857177734375,0.6352616548538208,0.43674296140670776,0.44629329442977905,60967613153,2063810885
1,1,1,2.211395263671875,1,2.3482513427734375,1,0.3174874186515808,0.6257315874099731,-61.81768798828125,76.34111022949219,17.144121170043945,1,0.15189926326274872,0.631138026714325,-118.9214859008789,75.35559844970703,16.785444259643555,1,2.3188157081604004,31.208982467651367,642.5628051757812,0.49636563658714294,0.44101837277412415,0.43605491518974304,1,-64.28569030761719,33.292633056640625,643.9188842773438,0.6353613138198853,0.43674156069755554,0.44615718722343445,60967621487,2063819218
1,1,1,2.2072601318359375,1,2.36328125,1,0.3456118404865265,0.6132938265800476,-52.11886215209961,78.60829162597656,17.969301223754883,1,0.1479846090078354,0.6620928645133972,-120.2714614868164,69.71308135986328,14.731735229492188,1,2.25649356842041,31.205787658691406,642.597412109375,0.49649637937545776,0.44102945923805237,0.43612924218177795,1,-64.34197998046875,33.2594108581543,643.8262939453125,0.6355003118515015,0.43679746985435486,0.44596439599990845,60967629820,2063827552
1,1,1,2.2115478515625,1,2.3688507080078125,1,0.31958144903182983,0.622272253036499,-61.095550537109375,76.97168731689453,17.373624801635742,1,0.15857166051864624,0.6523955464363098,-116.62047576904297,71.48072814941406,15.375139236450195,1,2.2139596939086914,31.219741821289062,642.7569580078125,0.49658674001693726,0.4410216510295868,0.43647685647010803,1,-64.40621185302734,33.254241943359375,643.8956298828125,0.6356176733970642,0.4368177354335785,0.4461270570755005,60967638153,2063835885
1,1,1,2.2036590576171875,1,2.3780364990234375,1,0.3181377649307251,0.6159117817878723,-61.59341049194336,78.13109588623047,17.795618057250977,1,0.19146354496479034,0.6815938353538513,-105.2775650024414,66.15840911865234,13.437926292419434,1,2.1787056922912598,31.21735191345215,642.734130859375,0.49666038155555725,0.4410235285758972,0.43642669916152954,1,-64.45967102050781,33.233055114746094,644.048583984375,0.6356930732727051,0.43688294291496277,0.4464656710624695,60967646486,2063844218
1,1,1,2.22320556640625,1,2.38623046875,1,0.327674001455307,0.6233895421028137,-58.304805755615234,76.76801300048828,17.299537658691406,1,0.1617637723684311,0.6587682962417603,-115.5196762084961,70.3191146850586,14.952282905578613,1,2.1510398387908936,31.206356048583984,642.58642578125,0.4967172145843506,0.44102662801742554,0.4361046850681305,1,-64.48059844970703,33.18699645996094,643.939453125,0.6357624530792236,0.43696328997612,0.44622790813446045,60967654821,2063852552
1,1,1,2.202606201171875,1,2.3699188232421875,1,0.3224961459636688,0.615379273891449,-60.09040069580078,78.22813415527344,17.830978393554688,1,0.19074195623397827,0.6577377915382385,-105.52641296386719,70.5069351196289,15.02071475982666,1,2.1309690475463867,31.19952392578125,642.4725341796875,0.4967584013938904,0.44102558493614197,0.435856431722641,1,-64.48855590820312,33.16275405883789,643.7865600585938,0.6358151435852051,0.4369922876358032,0.44589605927467346,60967663154,2063860885
1,1,1,2.190582275390625,1,2.383148193359375,1,0.30801331996917725,0.6205894351005554,-65.08486938476562,77.27843475341797,17.48526954650879,1,0.17233091592788696,0.6378681659698486,-111.87554168701172,74.12883758544922,16.338869094848633,1,2.1233930587768555,31.18440818786621,642.3816528320312,0.4967736303806305,0.4410448670387268,0.4356571435928345,1,-64.4934310913086,33.11957550048828,643.7269287109375,0.6358395218849182,0.43707355856895447,0.44576215744018555,60967671487,2063869218
1,1,1,2.2140350341796875,1,2.34527587890625,1,0.32910987734794617,0.6336743235588074,-57.80964660644531,74.89328002929688,16.61717987060547,1,0.16985870897769928,0.6441081166267395,-112.72810363769531,72.99140167236328,15.924904823303223,1,2.1288464069366455,31.181655883789062,642.3702392578125,0.49676212668418884,0.44104909896850586,0.43563205003738403,1,-64.49198913574219,33.11371994018555,643.7510986328125,0.635830819606781,0.43708908557891846,0.4458131194114685,60967679821,2063877552
1,1,1,2.234954833984375,1,2.3475189208984375,1,0.32604631781578064,0.6515350341796875,-58.86611557006836,71.6375961303711,15.432159423828125,1,0.1584910750389099,0.6287124156951904,-116.64826965332031,75.7977523803711,16.946313858032227,1,2.1453514099121094,31.170372009277344,642.3927001953125,0.49672776460647583,0.44107556343078613,0.43567928671836853,1,-64.47959899902344,33.098350524902344,643.7534790039062,0.6358045935630798,0.43712136149406433,0.44581338763237,60967688154,2063885885
1,1,1,2.19268798828125,1,2.3907623291015625,1,0.3188452422618866,0.6342805624008179,-61.34943771362305,74.78276824951172,16.576950073242188,1,0.18631692230701447,0.6412328481674194,-107.05240631103516,73.51551818847656,16.11569595336914,1,2.172402858734131,31.13927459716797,642.4619140625,0.4966716766357422,0.4411494731903076,0.43582525849342346,1,-64.45050048828125,33.07913589477539,643.7587890625,0.6357427835464478,0.4371620714664459,0.445815771818161,60967696487,2063894218
1,1,1,2.2266845703125,1,2.3711700439453125,1,0.33631381392478943,0.6292605400085449,-55.32533264160156,75.6978530883789,16.909954071044922,1,0.18311531841754913,0.6489628553390503,-108.15650177001953,72.1064682006836,15.602826118469238,1,2.2126803398132324,31.112228393554688,642.50732421875,0.49658769369125366,0.4412117898464203,0.435920387506485,1,-64.41718292236328,33.07501983642578,643.7554321289062,0.6356742978096008,0.43717020750045776,0.44580078125,60967704821,2063902552
1,1,1,2.201873779296875,1,2.3438262939453125,1,0.3311333656311035,0.589253306388855,-57.11181640625,82.99044036865234,19.564289093017578,1,0.17087090015411377,0.6520245671272278,-112.37904357910156,71.54834747314453,15.399741172790527,1,2.251939296722412,31.051219940185547,642.4509887695312,0.49650508165359497,0.4413312077522278,0.43578994274139404,1,-64.34954071044922,33.048431396484375,643.5107421875,0.6355911493301392,0.43719154596328735,0.445254385471344,60967713154,2063910885
1,1,1,2.228515625,1,2.37060546875,1,0.3333643674850464,0.6045477390289307,-56.34244918823242,80.20254516601562,18.549596786499023,1,0.171949103474617,0.6455506086349487,-112.0072250366211,72.72846984863281,15.829190254211426,1,2.2921438217163086,31.01915168762207,642.3935546875,0.4964204430580139,0.44139033555984497,0.435661256313324,1,-64.28124237060547,33.03423309326172,643.2914428710938,0.6355006098747253,0.4371906518936157,0.4447643756866455,60967721487,2063919218
1,1,1,2.1668243408203125,1,2.36181640625,1,0.317046582698822,0.6009364128112793,-61.96971130371094,80.8608169555664,18.789169311523438,1,0.16854014992713928,0.6740741729736328,-113.18280029296875,67.52909851074219,13.9368314743042,1,2.3607354164123535,30.99466323852539,642.4501953125,0.4962772727012634,0.4414488673210144,0.43578121066093445,1,-64.23822784423828,33.02935028076172,643.4281005859375,0.6353788375854492,0.43721988797187805,0.445049524307251,60967729822,2063927552
1,1,1,2.2024688720703125,1,2.3506622314453125,1,0.3776935338973999,0.6141395568847656,-41.05534362792969,78.4541244506836,17.913225173950195,1,0.18385820090770721,0.6474620699882507,-107.90030670166016,72.38002014160156,15.702425956726074,1,2.515601634979248,30.97040367126465,642.1989135742188,0.4959506094455719,0.4414662718772888,0.435234010219574,1,-64.08580017089844,33.012062072753906,643.190185546875,0.63511723279953,0.43722301721572876,0.44450101256370544,60967738155,2063935885
1,1,1,2.1961822509765625,1,2.35601806640625,1,0.45933401584625244,0.5930290222167969,-12.901272773742676,82.30220031738281,19.313785552978516,1,0.2311846762895584,0.6083991527557373,-91.5795669555664,79.50048828125,18.294034957885742,1,2.7225561141967773,30.973369598388672,642.2658081054688,0.49551746249198914,0.44146937131881714,0.43538129329681396,1,-63.88093566894531,33.016693115234375,643.090576171875,0.6347136497497559,0.43719998002052307,0.44424304366111755,60967746487,2063944218
1,1,1,2.181610107421875,1,2.358917236328125,1,0.4693010449409485,0.6279993057250977,-9.46409797668457,75.927734375,16.99370002746582,1,0.26940906047821045,0.5894113779067993,-78.39772033691406,82.9616470336914,19.553749084472656,1,2.8640313148498535,30.9873104095459,642.6409912109375,0.49522483348846436,0.4414904713630676,0.43619850277900696,1,-63.793357849121094,33.03449630737305,643.213134765625,0.6345024108886719,0.4371802508831024,0.44449156522750854,60967754822,2063952552
1,1,1,2.1942596435546875,1,2.3733673095703125,1,0.4641668498516083,0.6356492638587952,-11.234636306762695,74.53328704833984,16.48609733581543,1,0.2573298513889313,0.6136754155158997,-82.56327819824219,78.53870391845703,17.944013595581055,1,2.9238057136535645,30.957164764404297,642.3677978515625,0.4950968325138092,0.4415169954299927,0.43560221791267395,1,-63.718238830566406,33.03815460205078,643.110595703125,0.6343698501586914,0.4371584951877594,0.44425487518310547,60967763155,2063960885
1,1,1,2.210662841796875,1,2.3580169677734375,1,0.4699321985244751,0.640299916267395,-9.246445655822754,73.68556213378906,16.17759895324707,1,0.24621102213859558,0.592046320438385,-86.39765930175781,82.4813232421875,19.37900161743164,1,2.965546131134033,30.935562133789062,642.4134521484375,0.4950098991394043,0.4415680468082428,0.43569865822792053,1,-63.66840362548828,33.025360107421875,643.0493774414062,0.634280264377594,0.4371767044067383,0.44411036372184753,60967771488,2063969218
1,1,1,2.206817626953125,1,2.37249755859375,1,0.46824267506599426,0.6368537545204163,-9.829072952270508,74.31371307373047,16.406230926513672,1,0.2533162236213684,0.6062048077583313,-83.94740295410156,79.90048217773438,18.43964195251465,1,2.9996652603149414,30.923137664794922,642.344970703125,0.4949376881122589,0.44158485531806946,0.43554872274398804,1,-63.627681732177734,33.02485656738281,643.046630859375,0.6341960430145264,0.4371774196624756,0.444095641374588,60967779822,2063977552
1,1,1,2.2034759521484375,1,2.3566741943359375,1,0.44457298517227173,0.6441276669502258,-17.991682052612305,72.98782348632812,15.923650741577148,1,0.2511367201805115,0.5900046229362488,-84.69902038574219,82.85347747802734,19.51445960998535,1,3.044869899749756,30.922840118408203,642.4698486328125,0.49484434723854065,0.44160211086273193,0.435820072889328,1,-63.605438232421875,33.038143157958984,643.180419921875,0.6341184973716736,0.4371684789657593,0.4443817138671875,60967788155,2063985885
1,1,1,2.18646240234375,1,2.3458099365234375,1,0.462599515914917,0.629597544670105,-11.775155067443848,75.63642120361328,16.88759422302246,1,0.26222166419029236,0.6158729195594788,-80.87632751464844,78.1381607055664,17.79823112487793,1,3.0925498008728027,30.902902603149414,642.4467163085938,0.4947442412376404,0.44164061546325684,0.43576765060424805,1,-63.557430267333984,33.02596664428711,643.072021484375,0.6340437531471252,0.43717876076698303,0.444135844707489,60967796489,2063994218
1,1,1,2.198272705078125,1,2.378997802734375,1,0.4649336040019989,0.6243879795074463,-10.970226287841797,76.58602142333984,17.233238220214844,1,0.2685258090496063,0.6110005378723145,-78.70231628417969,79.02629089355469,18.121471405029297,1,3.1235575675964355,30.919374465942383,642.4010009765625,0.49467870593070984,0.44160035252571106,0.4356710612773895,1,-63.51860809326172,33.029998779296875,643.05615234375,0.6339664459228516,0.43716827034950256,0.4440939128398895,60967804822,2064002552
1,1,1,2.2242584228515625,1,2.349822998046875,1,0.4533475935459137,0.6197196245193481,-14.965699195861816,77.43698120117188,17.542964935302734,1,0.24689896404743195,0.5887691378593445,-86.16043090820312,83.0787124633789,19.59640121459961,1,3.160987138748169,30.89599609375,642.3895874023438,0.49460023641586304,0.4416474997997284,0.4356434643268585,1,-63.47562026977539,33.02849578857422,643.0643310546875,0.6338749527931213,0.43717268109321594,0.44410228729248047,60967813160,2064010890
1,1,1,2.2074432373046875,1,2.3807220458984375,1,0.45434510707855225,0.6399223804473877,-14.621709823608398,73.75437927246094,16.202621459960938,1,0.25591668486595154,0.59867262840271,-83.05062866210938,81.27346801757812,18.939369201660156,1,3.202388048171997,30.908536911010742,642.3211669921875,0.4945126473903656,0.44161245226860046,0.4354972541332245,1,-63.437538146972656,33.04265213012695,643.0953979492188,0.6337883472442627,0.4371476173400879,0.44416344165802,60967821494,2064019223
1,1,1,2.1928558349609375,1,2.388336181640625,1,0.4630880355834961,0.6288641691207886,-11.606687545776367,75.77011108398438,16.936243057250977,1,0.26054567098617554,0.5907074809074402,-81.45429992675781,82.72537231445312,19.467815399169922,1,3.2330515384674072,30.900768280029297,642.3553466796875,0.49444881081581116,0.4416331648826599,0.435570627450943,1,-63.409759521484375,33.04863739013672,643.1943359375,0.6337074637413025,0.4371490478515625,0.4443720281124115,60967829828,2064027557
1,1,1,2.1742095947265625,1,2.379486083984375,1,0.4627948999404907,0.5988931655883789,-11.707770347595215,81.2332763671875,18.92470932006836,1,0.26578113436698914,0.6148005723953247,-79.64881896972656,78.33361053466797,17.869382858276367,1,3.266003131866455,30.902538299560547,642.4002685546875,0.49438026547431946,0.4416355490684509,0.4356686770915985,1,-63.37632369995117,33.04904556274414,643.1536865234375,0.6336472034454346,0.43714261054992676,0.444277286529541,60967838161,2064035890
1,1,1,2.198333740234375,1,2.3763885498046875,1,0.4660203754901886,0.6186520457267761,-10.59544849395752,77.63156127929688,17.61384391784668,1,0.27203819155693054,0.6098714470863342,-77.4910659790039,79.23213195800781,18.19639015197754,1,3.304792881011963,30.927959442138672,642.353759765625,0.49429845809936523,0.44157660007476807,0.43557170033454895,1,-63.33942413330078,33.05522918701172,643.0443115234375,0.6335956454277039,0.4371145963668823,0.444034218788147,60967846494,2064044223
1,1,1,2.2088470458984375,1,2.4244384765625,1,0.46300074458122253,0.624604344367981,-11.6367826461792,76.54659271240234,17.21889305114746,1,0.28126561641693115,0.6152439713478088,-74.3089370727539,78.25281524658203,17.839942932128906,1,3.336555004119873,30.91138458251953,642.3882446289062,0.49423229694366455,0.44161567091941833,0.4356445372104645,1,-63.293174743652344,33.03768539428711,642.9489135742188,0.6335214376449585,0.4371378421783447,0.44381606578826904,60967854828,2064052557
1,1,1,2.193267822265625,1,2.345062255859375,1,0.4565145969390869,0.6409345269203186,-13.87356948852539,73.56988525390625,16.135467529296875,1,0.27609363198280334,0.5927239656448364,-76.09251403808594,82.35780334472656,19.33403778076172,1,3.367570400238037,30.93040657043457,642.2852783203125,0.4941660761833191,0.44156256318092346,0.43542414903640747,1,-63.25891876220703,33.064300537109375,643.012451171875,0.6334351897239685,0.4370914399623871,0.443949818611145,60967863161,2064060890
1,1,1,2.17401123046875,1,2.388702392578125,1,0.4392145872116089,0.6176378726959229,-19.83954429626465,77.8164291381836,17.681114196777344,1,0.2604917287826538,0.5895719528198242,-81.47290802001953,82.93236541748047,19.543106079101562,1,3.39886736869812,30.923259735107422,642.2169799804688,0.4940996468067169,0.44156843423843384,0.4352754056453705,1,-63.23512268066406,33.07481002807617,643.0884399414062,0.6333678960800171,0.4370802640914917,0.4441105127334595,60967871494,2064069223
1,1,1,2.1837005615234375,1,2.3761444091796875,1,0.46191030740737915,0.6214902997016907,-12.012822151184082,77.11421966552734,17.42548942565918,1,0.28212589025497437,0.6016971468925476,-74.01226806640625,80.72216033935547,18.738664627075195,1,3.4255526065826416,30.917612075805664,642.2283325195312,0.49404385685920715,0.4415817856788635,0.4352995455265045,1,-63.213096618652344,33.08278274536133,643.14990234375,0.6333078145980835,0.4370722770690918,0.4442397356033325,60967879828,2064077557
1,1,1,2.2126312255859375,1,2.368377685546875,1,0.44885846972465515,0.63836270570755,-16.51381492614746,74.0386734008789,16.306110382080078,1,0.26795342564582825,0.6155979633331299,-78.89968872070312,78.18828582763672,17.81643295288086,1,3.4501335620880127,30.925872802734375,642.2850952148438,0.49399304389953613,0.4415721297264099,0.43542414903640747,1,-63.18321990966797,33.08753204345703,643.0516357421875,0.6332681775093079,0.4370487928390503,0.444021999835968,60967888161,2064085890
1,1,1,2.231658935546875,1,2.3772430419921875,1,0.47226256132125854,0.6255540251731873,-8.4428071975708,76.37346649169922,17.155908584594727,1,0.28431224822998047,0.6205009818077087,-73.25829315185547,77.2945556640625,17.491151809692383,1,3.475635290145874,30.89618682861328,642.3304443359375,0.49394023418426514,0.44163990020751953,0.43551862239837646,1,-63.168357849121094,33.07247543334961,643.0775756835938,0.6332312822341919,0.4370836913585663,0.4440726935863495,60967896495,2064094223
1,1,1,2.19842529296875,1,2.38031005859375,1,0.4714934527873993,0.6133745312690735,-8.708028793334961,78.59355926513672,17.963972091674805,1,0.27305731177330017,0.5915656685829163,-77.13960266113281,82.56892395019531,19.41094398498535,1,3.5033321380615234,30.8978271484375,642.3074951171875,0.49388188123703003,0.4416334927082062,0.435469388961792,1,-63.146026611328125,33.08114242553711,643.0471801757812,0.633191704750061,0.43706148862838745,0.44400355219841003,60967904829,2064102557
1,1,1,2.20611572265625,1,2.3690643310546875,1,0.4681578278541565,0.5962006449699402,-9.858341217041016,81.72406768798828,19.10335922241211,1,0.26970887184143066,0.5927483439445496,-78.29432678222656,82.3533706665039,19.332380294799805,1,3.525045871734619,30.87523651123047,642.2963256835938,0.4938362240791321,0.4416790306568146,0.43544232845306396,1,-63.124908447265625,33.06695556640625,643.0159912109375,0.6331549882888794,0.43708673119544983,0.4439297914505005,60967913161,2064110890
1,1,1,2.1858978271484375,1,2.3641357421875,1,0.4572429955005646,0.5947544574737549,-13.622365951538086,81.98768615722656,19.199308395385742,1,0.27817466855049133,0.5797596573829651,-75.37486267089844,84.720947265625,20.194204330444336,1,3.5381827354431152,30.864198684692383,642.3299560546875,0.49380922317504883,0.44170644879341125,0.435513973236084,1,-63.10683822631836,33.062217712402344,642.9730224609375,0.6331272721290588,0.43709060549736023,0.44383251667022705,60967921495,2064119223
1,1,1,2.22369384765625,1,2.36614990234375,1,0.4776066541671753,0.5935176610946655,-6.5998735427856445,82.21312713623047,19.281360626220703,1,0.2697247564792633,0.6138715744018555,-78.2888412475586,78.50299835205078,17.930904388427734,1,3.5660014152526855,30.85627555847168,642.2957153320312,0.4937504529953003,0.4417184293270111,0.435438871383667,1,-63.074432373046875,33.06159210205078,642.8862915039062,0.6330798268318176,0.43707987666130066,0.443638414144516,60967929829,2064127557
1,1,1,2.2543182373046875,1,2.3832244873046875,1,0.48637285828590393,0.6095870137214661,-3.576803207397461,79.28397369384766,18.21523094177246,1,0.29412898421287537,0.597267746925354,-69.87296295166016,81.52955627441406,19.032562255859375,1,3.6458916664123535,30.82853889465332,642.2721557617188,0.49358275532722473,0.4417731761932373,0.4353848695755005,1,-62.99473571777344,33.05487823486328,642.6802978515625,0.6329612135887146,0.4370652735233307,0.4431760013103485,60967938162,2064135890
1,1,1,2.218658447265625,1,2.3797149658203125,1,0.5255506634712219,0.608502984046936,9.93380355834961,79.48155975341797,18.287179946899414,1,0.3366582989692688,0.6209651231765747,-55.20652770996094,77.20990753173828,17.460405349731445,1,3.709744930267334,30.851903915405273,642.3519897460938,0.49345001578330994,0.44173526763916016,0.4355621337890625,1,-62.94401550292969,33.090980529785156,642.8067626953125,0.6328260898590088,0.43700796365737915,0.44344362616539,60967946498,2064144226
1,1,1,2.2257232666015625,1,2.3771820068359375,1,0.5116264224052429,0.6070120334625244,5.131993293762207,79.75334930419922,18.386075973510742,1,0.330696702003479,0.5932702422142029,-57.262393951416016,82.25823974609375,19.297700881958008,1,3.7351913452148438,30.84801483154297,642.3178100585938,0.49339619278907776,0.44173890352249146,0.43548768758773804,1,-62.942169189453125,33.11225891113281,643.0042724609375,0.6327766180038452,0.43699127435684204,0.44387272000312805,60967954833,2064152560
1,1,1,2.2300567626953125,1,2.390045166015625,1,0.5045924782752991,0.6042447090148926,2.7063140869140625,80.25778198242188,18.56965446472168,1,0.3435492217540741,0.6150280237197876,-52.83015060424805,78.29216766357422,17.854286193847656,1,3.7382071018218994,30.857494354248047,642.3058471679688,0.49338969588279724,0.44171759486198425,0.43546316027641296,1,-62.93914031982422,33.1198616027832,642.9342041015625,0.6327863931655884,0.4369657337665558,0.4437220096588135,60967963166,2064160893
1,1,1,2.2475738525390625,1,2.3679962158203125,1,0.5117121934890747,0.6233345866203308,5.161576747894287,76.77803802490234,17.30316162109375,1,0.33523035049438477,0.5970991253852844,-55.698951721191406,81.56029510498047,19.04372215270996,1,3.7415452003479004,30.894805908203125,642.3170776367188,0.49338284134864807,0.44164150953292847,0.435492604970932,1,-62.936641693115234,33.137794494628906,642.877197265625,0.6327942609786987,0.4369204640388489,0.44360098242759705,60967971498,2064169226
1,1,1,2.246002197265625,1,2.3887481689453125,1,0.5150571465492249,0.641194224357605,6.315106391906738,73.52255249023438,16.118236541748047,1,0.32137805223464966,0.6180062294006348,-60.475982666015625,77.74928283691406,17.656665802001953,1,3.745016098022461,30.901247024536133,642.2939453125,0.4933752715587616,0.44162508845329285,0.4354435205459595,1,-62.934486389160156,33.13396072387695,642.854736328125,0.632794976234436,0.43692532181739807,0.44355151057243347,60967979833,2064177560
1,1,1,2.2413787841796875,1,2.3904571533203125,1,0.5151264071464539,0.6298494935035706,6.338978290557861,75.59048461914062,16.870920181274414,1,0.31139808893203735,0.6183205246925354,-63.917625427246094,77.69197845458984,17.635847091674805,1,3.7521119117736816,30.937232971191406,642.281982421875,0.49336016178131104,0.4415486752986908,0.43542253971099854,1,-62.936134338378906,33.169029235839844,642.90087890625,0.6327876448631287,0.4368588924407959,0.44365644454956055,60967988166,2064185893
1,1,1,2.257293701171875,1,2.37042236328125,1,0.518816351890564,0.6442623138427734,7.611474990844727,72.96328735351562,15.9146728515625,1,0.3234937787055969,0.6106352806091309,-59.74637985229492,79.09290313720703,18.14569091796875,1,3.754072666168213,30.949031829833984,642.2698974609375,0.4933558702468872,0.44152259826660156,0.43539801239967346,1,-62.936241149902344,33.179718017578125,642.8773193359375,0.6327931880950928,0.43683335185050964,0.44360724091529846,60967996499,2064194226
1,1,1,2.22113037109375,1,2.396087646484375,1,0.5239152908325195,0.6462191939353943,9.369857788085938,72.6065902709961,15.784855842590332,1,0.3305796682834625,0.6158021092414856,-57.30276870727539,78.15109252929688,17.80286979675293,1,3.7547225952148438,30.951969146728516,642.2357788085938,0.4933539927005768,0.44151195883750916,0.43532437086105347,1,-62.94281005859375,33.19083786010742,642.9461669921875,0.6327909827232361,0.436819851398468,0.44375887513160706,60968004833,2064202560
1,1,1,2.197784423828125,1,2.4013519287109375,1,0.514769971370697,0.6164348125457764,6.2160725593566895,78.03573608398438,17.76091957092285,1,0.32504260540008545,0.6352221369743347,-59.21226119995117,74.61113739013672,16.514514923095703,1,3.7573461532592773,30.959474563598633,642.1905517578125,0.4933478832244873,0.4414903521537781,0.4352273643016815,1,-62.956581115722656,33.21723556518555,643.0711669921875,0.632790744304657,0.43678244948387146,0.4440354108810425,60968013166,2064210893
1,1,1,2.242645263671875,1,2.3604888916015625,1,0.5222694873809814,0.6234999299049377,8.802322387695312,76.74789428710938,17.292144775390625,1,0.3222714364528656,0.630200982093811,-60.16788864135742,75.52642059326172,16.84758949279785,1,3.7551205158233643,30.96420669555664,642.2137451171875,0.49335286021232605,0.44148358702659607,0.4352783262729645,1,-62.96017837524414,33.219696044921875,643.093994140625,0.6327930092811584,0.43678051233291626,0.44408583641052246,60968021499,2064219226
1,1,1,2.2596282958984375,1,2.3615264892578125,1,0.5225830078125,0.6289828419685364,8.910429000854492,75.74846649169922,16.928407669067383,1,0.33176642656326294,0.6144618988037109,-56.89350891113281,78.39539337158203,17.89176368713379,1,3.7515809535980225,30.96660614013672,642.2366943359375,0.4933605492115021,0.4414816200733185,0.43532833456993103,1,-62.96343994140625,33.21932601928711,643.0816650390625,0.6328026652336121,0.43677958846092224,0.444059818983078,60968029833,2064227560
1,1,1,2.2057952880859375,1,2.3599090576171875,1,0.5203567147254944,0.6158514022827148,8.142670631408691,78.14205932617188,17.79966926574707,1,0.322081983089447,0.6071968674659729,-60.23323440551758,79.71964263916016,18.373865127563477,1,3.744194984436035,30.97271728515625,642.2596435546875,0.49337637424468994,0.4414719343185425,0.43537890911102295,1,-62.969200134277344,33.22560119628906,643.103271484375,0.632809579372406,0.4367694854736328,0.44410863518714905,60968038166,2064235893
1,1,1,2.2124481201171875,1,2.3512115478515625,1,0.5278679132461548,0.6221314072608948,10.732943534851074,76.9973373413086,17.382999420166016,1,0.3361431360244751,0.6042976379394531,-55.384185791015625,80.24812316894531,18.56617546081543,1,3.7385566234588623,30.969440460205078,642.2933959960938,0.4933886229991913,0.4414832293987274,0.43545159697532654,1,-62.98046875,33.212589263916016,643.1364135742188,0.632825493812561,0.43680116534233093,0.44418057799339294,60968046499,2064244226
1,1,1,2.243011474609375,1,2.37664794921875,1,0.516571044921875,0.6279589533805847,6.837176322937012,75.93508911132812,16.99636459350586,1,0.32578548789024353,0.6333401203155518,-58.95606994628906,74.95420837402344,16.639301300048828,1,3.7286152839660645,30.978864669799805,642.339111328125,0.49341005086898804,0.4414696991443634,0.4355519115924835,1,-62.98332595825195,33.22126388549805,643.1240844726562,0.632834255695343,0.4367814362049103,0.44415587186813354,60968054834,2064252560
1,1,1,2.2138214111328125,1,2.3769073486328125,1,0.5203419327735901,0.6070037484169006,8.137594223022461,79.75486755371094,18.386585235595703,1,0.31594720482826233,0.624282956123352,-62.348846435546875,76.60513305664062,17.240262985229492,1,3.7227189540863037,30.97518539428711,642.3274536132812,0.4934222400188446,0.4414757788181305,0.435526043176651,1,-62.99067306518555,33.21009826660156,643.09912109375,0.6328554153442383,0.43680110573768616,0.44410187005996704,60968063167,2064260893
1,1,1,2.2059478759765625,1,2.392547607421875,1,0.5146556496620178,0.6067383885383606,6.176630973815918,79.80323791503906,18.40421485900879,1,0.32494059205055237,0.6005286574363708,-59.24742889404297,80.93516540527344,18.81618309020996,1,3.7124521732330322,30.97772789001465,642.3502197265625,0.4934440851211548,0.44147348403930664,0.4355756640434265,1,-62.991668701171875,33.20903778076172,643.0645141601562,0.6328654289245605,0.43679848313331604,0.4440271854400635,60968071502,2064269228
1,1,1,2.23297119140625,1,2.3244476318359375,1,0.5189574360847473,0.6152753829956055,7.660132884979248,78.2470932006836,17.837833404541016,1,0.29861411452293396,0.6046389937400818,-68.32622528076172,80.1859130859375,18.543519973754883,1,3.704460859298706,30.985610961914062,642.43017578125,0.49346184730529785,0.4414677023887634,0.43575015664100647,1,-62.994117736816406,33.209754943847656,643.0057983398438,0.63288414478302,0.43678879737854004,0.443901002407074,60968079836,2064277562
1,1,1,2.234039306640625,1,2.371307373046875,1,0.5114557147026062,0.6211103200912476,5.073111534118652,77.18347930908203,17.450727462768555,1,0.33246561884880066,0.638337254524231,-56.65241241455078,74.0433120727539,16.307823181152344,1,3.6941146850585938,30.984235763549805,642.430419921875,0.4934835433959961,0.44147053360939026,0.43575042486190796,1,-63.00607681274414,33.209922790527344,643.0848999023438,0.6328907608985901,0.4367994964122772,0.444074422121048,60968088169,2064285895
1,1,1,2.2228546142578125,1,2.3697967529296875,1,0.5205428004264832,0.6193020939826965,8.20683765411377,77.51307678222656,17.57068634033203,1,0.3193173110485077,0.6205341219902039,-61.1866340637207,77.28850555419922,17.488948822021484,1,3.685011625289917,30.986865997314453,642.4302978515625,0.4935026168823242,0.4414650499820709,0.43575042486190796,1,-63.01375961303711,33.21452331542969,643.060546875,0.6329123973846436,0.4367864727973938,0.444023996591568,60968096502,2064294228
1,1,1,2.2009429931640625,1,2.3809967041015625,1,0.5038048624992371,0.619763970375061,2.4346954822540283,77.42887878417969,17.54008674621582,1,0.33993691205978394,0.6328995823860168,-54.07588577270508,75.03450775146484,16.66852569580078,1,3.6713342666625977,30.981788635253906,642.3968505859375,0.49353083968162537,0.4414711594581604,0.4356769025325775,1,-63.034423828125,33.21439743041992,643.1721801757812,0.6329297423362732,0.43680232763290405,0.4442693293094635,60968104836,2064302562
1,1,1,2.1651763916015625,1,2.3579559326171875,1,0.5041102170944214,0.5970800518989563,2.5400049686431885,81.56376647949219,19.045045852661133,1,0.34110087156295776,0.6062372326850891,-53.67449188232422,79.89456176757812,18.437545776367188,1,3.6605334281921387,30.985942840576172,642.408447265625,0.4935535788536072,0.44146400690078735,0.43570250272750854,1,-63.041290283203125,33.21795654296875,643.1602783203125,0.6329467296600342,0.4367932081222534,0.4442455768585205,60968113170,2064310895
1,1,1,2.243499755859375,1,2.369476318359375,1,0.5115635395050049,0.615233838558197,5.110301971435547,78.25464630126953,17.84064483642578,1,0.321853369474411,0.6072282791137695,-60.312076568603516,79.71395111083984,18.3717098236084,1,3.6470537185668945,30.977981567382812,642.3516235351562,0.4935811161994934,0.44147300720214844,0.43557804822921753,1,-63.05098342895508,33.215003967285156,643.18115234375,0.6329622268676758,0.4368022382259369,0.444292277097702,60968121503,2064319228
1,1,1,2.203094482421875,1,2.3402557373046875,1,0.5135967135429382,0.6172785758972168,5.811473846435547,77.88192749023438,17.704925537109375,1,0.3239891529083252,0.6259685158729553,-59.57554244995117,76.29790496826172,17.128435134887695,1,3.636920928955078,30.968969345092773,642.2830810546875,0.4936015009880066,0.44148263335227966,0.43542784452438354,1,-63.05967330932617,33.208221435546875,643.1796875,0.6329805850982666,0.43681612610816956,0.44429004192352295,60968129836,2064327561
1,1,1,2.1870880126953125,1,2.3754425048828125,1,0.5020139217376709,0.6398162841796875,1.8170750141143799,73.77371215820312,16.209672927856445,1,0.3469330668449402,0.6117308139801025,-51.66322326660156,78.89319610595703,18.072982788085938,1,3.629598617553711,30.96273422241211,642.2606201171875,0.4936165511608124,0.44149258732795715,0.43537822365760803,1,-63.0789909362793,33.20431137084961,643.28125,0.6329975128173828,0.43683841824531555,0.44451281428337097,60968138170,2064335895
1,1,1,2.1997222900390625,1,2.3767852783203125,1,0.5073025822639465,0.6240116357803345,3.6409013271331787,76.65462493896484,17.258203506469727,1,0.32995858788490295,0.62376868724823,-57.51695251464844,76.69890594482422,17.27435302734375,1,3.619718074798584,30.944873809814453,642.2724609375,0.49363741278648376,0.4415312707424164,0.4354013204574585,1,-63.09046936035156,33.182525634765625,643.3248901367188,0.6330114006996155,0.4368897080421448,0.444606214761734,60968146503,2064344228
1,1,1,2.2053070068359375,1,2.374267578125,1,0.5035314559936523,0.6367667317390442,2.340404748916626,74.32958984375,16.41203498840332,1,0.3364398181438446,0.6442564725875854,-55.28187942504883,72.96437072753906,15.915026664733887,1,3.6067543029785156,30.931089401245117,642.3407592773438,0.49366551637649536,0.4415689706802368,0.435547411441803,1,-63.10716247558594,33.172061920166016,643.3685302734375,0.6330360770225525,0.4369175434112549,0.4447024166584015,60968154836,2064352561
1,1,1,2.2334136962890625,1,2.3614501953125,1,0.5088884830474854,0.6212013959884644,4.187771320343018,77.16687774658203,17.444700241088867,1,0.3148494064807892,0.6187856793403625,-62.72742462158203,77.6072006225586,17.604997634887695,1,3.572312593460083,30.883350372314453,642.443603515625,0.4937390983104706,0.44168174266815186,0.43576353788375854,1,-63.13959503173828,33.107906341552734,643.2455444335938,0.6331323385238647,0.4370335638523102,0.44443440437316895,60968163170,2064360895
1,1,1,2.2220611572265625,1,2.373260498046875,1,0.4603424072265625,0.6251763701438904,-12.553513526916504,76.44230651855469,17.18096160888672,1,0.25158244371414185,0.6186303496360779,-84.5453109741211,77.63556671142578,17.615198135375977,1,3.432546615600586,30.810842514038086,642.3882446289062,0.4940313696861267,0.44182488322257996,0.43563178181648254,1,-63.24201202392578,33.05146789550781,643.0750122070312,0.6333854794502258,0.43712684512138367,0.4440794587135315,60968171503,2064369228
1,1,1,2.2362823486328125,1,2.3671722412109375,1,0.3975769281387329,0.6350561380386353,-34.1984748840332,74.64141082763672,16.525489807128906,1,0.1933692842721939,0.6283572316169739,-104.62037658691406,75.86250305175781,16.969924926757812,1,3.2080607414245605,30.776981353759766,642.3671875,0.494501531124115,0.44189199805259705,0.435578852891922,1,-63.51129913330078,33.054901123046875,643.675537109375,0.6338071823120117,0.4372027516365051,0.445433109998703,60968179836,2064377561
1,1,1,2.2010955810546875,1,2.37078857421875,1,0.31135761737823486,0.6242960095405579,-63.93156814575195,76.60275268554688,17.239416122436523,1,0.13322144746780396,0.624917209148407,-125.36260986328125,76.48956298828125,17.198118209838867,1,2.901888370513916,30.758392333984375,642.471435546875,0.495144248008728,0.44194382429122925,0.43579936027526855,1,-63.736167907714844,32.99525833129883,643.8185424804688,0.6342423558235168,0.437345951795578,0.44578075408935547,60968188171,2064385895
1,1,1,2.21905517578125,1,2.3509979248046875,1,0.22348737716674805,0.6319054365158081,-94.23402404785156,75.21570587158203,16.734542846679688,1,0.054776113480329514,0.6450341939926147,-152.41482543945312,72.82260131835938,15.863500595092773,1,2.564085006713867,30.69745635986328,642.4632568359375,0.49585196375846863,0.44206875562667847,0.435770183801651,1,-63.99580383300781,32.92250061035156,644.37744140625,0.6346524953842163,0.43757379055023193,0.44703182578086853,60968196501,2064394226
1,1,1,2.2576446533203125,1,2.425201416015625,1,0.15551058948040009,0.6565613150596619,-117.67611694335938,70.7214126586914,15.09870719909668,1,0.01920032873749733,0.6785969734191895,-164.6833038330078,66.7047119140625,13.636726379394531,1,2.2294864654541016,30.60873794555664,642.6708984375,0.49655476212501526,0.44227975606918335,0.43620577454566956,1,-64.20294189453125,32.87287139892578,644.7216796875,0.6350029110908508,0.4377238154411316,0.4478117525577545,60968204840,2064402564
1,1,1,2.245819091796875,1,2.429534912109375,1,0.08743118494749069,0.6510322093963623,-141.15359497070312,71.72926330566406,15.465523719787598,1,-0.036472219973802567,0.7031565308570862,-183.88221740722656,62.227935791015625,12.00733470916748,1,1.9496886730194092,30.5889949798584,642.8416748046875,0.49714195728302,0.4423426389694214,0.4365715980529785,1,-64.43212890625,32.882747650146484,646.266845703125,0.6351177096366882,0.4379156529903412,0.45119747519493103,60968213174,2064410898
1,1,1,2.2299346923828125,1,2.3672027587890625,1,0.05838676914572716,0.687126100063324,-151.169677734375,65.14996337890625,13.070917129516602,1,-0.08040919899940491,0.7019671201705933,-199.03407287597656,62.444732666015625,12.086256980895996,1,1.7672570943832397,30.590545654296875,643.0131225585938,0.4975249171257019,0.4423615336418152,0.43694257736206055,1,-64.5289535522461,32.850433349609375,646.7266845703125,0.6352111101150513,0.43804535269737244,0.45220616459846497,60968221507,2064419231
1,1,1,2.250457763671875,1,2.3894805908203125,1,0.07844657450914383,0.670723557472229,-144.25196838378906,68.1398696899414,14.159079551696777,1,-0.060502953827381134,0.714959979057312,-192.16932678222656,60.07637023925781,11.224203109741211,1,1.7349169254302979,30.580066680908203,642.8543090820312,0.49759167432785034,0.44236239790916443,0.43659642338752747,1,-64.59164428710938,32.8260383605957,646.8761596679688,0.6353061199188232,0.4381161034107208,0.45253878831863403,60968229840,2064427564
1,1,1,2.279083251953125,1,2.3910064697265625,1,0.05027635768055916,0.6783065795898438,-153.9665985107422,66.75765228271484,13.655970573425293,1,-0.06012734770774841,0.7204263806343079,-192.039794921875,59.079952239990234,10.861538887023926,1,1.7249103784561157,30.573444366455078,642.7860107421875,0.4976121485233307,0.44236719608306885,0.43644726276397705,1,-64.63341522216797,32.80256271362305,646.8790893554688,0.6353920102119446,0.43816494941711426,0.45255061984062195,60968238174,2064435898
1,1,1,2.286895751953125,1,2.39508056640625,1,0.05238361656665802,0.6760798692703247,-153.23988342285156,67.16352844238281,13.803746223449707,1,-0.04121844843029976,0.7563245892524719,-185.51898193359375,52.536338806152344,8.479872703552246,1,1.7067041397094727,30.56057357788086,642.66064453125,0.497649610042572,0.4423774480819702,0.4361734092235565,1,-64.65959167480469,32.78127670288086,646.8504028320312,0.6354529857635498,0.43820494413375854,0.45249128341674805,60968246507,2064444231
1,1,1,2.2415618896484375,1,2.42132568359375,1,0.04048990458250046,0.6746389269828796,-157.34149169921875,67.4261703491211,13.899347305297852,1,-0.05291152372956276,0.748555600643158,-189.5513916015625,53.95248794555664,8.99533462524414,1,1.6741646528244019,30.555688858032227,642.58056640625,0.4977172911167145,0.4423770606517792,0.43599894642829895,1,-64.68060302734375,32.757789611816406,646.6447143554688,0.6355447173118591,0.43822523951530457,0.4520483911037445,60968254840,2064452564
1,1,1,2.2755889892578125,1,2.3861236572265625,1,0.04799029603600502,0.6991861462593079,-154.75494384765625,62.951656341552734,12.270719528198242,1,-0.059165146201848984,0.75447678565979,-191.70797729492188,52.87315368652344,8.602507591247559,1,1.6436718702316284,30.560808181762695,642.5803833007812,0.4977811872959137,0.4423663318157196,0.4359990656375885,1,-64.71829223632812,32.76322555541992,646.8861083984375,0.635566234588623,0.4382469952106476,0.45257821679115295,60968263175,2064460898
1,1,1,2.292266845703125,1,2.419342041015625,1,0.04257034510374069,0.6708775162696838,-156.62405395507812,68.11180114746094,14.148945808410645,1,-0.0358058363199234,0.7390537858009338,-183.6524200439453,55.68447494506836,9.62575912475586,1,1.6120144128799438,30.56879997253418,642.6947021484375,0.4978480935096741,0.4423646330833435,0.43624797463417053,1,-64.75629425048828,32.767372131347656,647.102294921875,0.635594367980957,0.43826788663864136,0.45305362343788147,60968271508,2064469231
1,1,1,2.233306884765625,1,2.382049560546875,1,0.056888092309236526,0.6458675265312195,-151.68650817871094,72.6706771850586,15.80823040008545,1,-0.06164493039250374,0.747868537902832,-192.56312561035156,54.07773971557617,9.040918350219727,1,1.5893961191177368,30.582805633544922,642.8427734375,0.4978962540626526,0.4423549175262451,0.43657106161117554,1,-64.75946807861328,32.763797760009766,646.7703857421875,0.6356785893440247,0.43822991847991943,0.452337384223938,60968279841,2064477564
1,1,1,2.2039031982421875,1,2.431793212890625,1,0.061010196805000305,0.6248845458030701,-150.2649688720703,76.4955062866211,17.200305938720703,1,-0.030642017722129822,0.7499825358390808,-181.87164306640625,53.69236755371094,8.900715827941895,1,1.573216438293457,30.592885971069336,643.002685546875,0.49793097376823425,0.4423549473285675,0.436919242143631,1,-64.77686309814453,32.76617431640625,646.755859375,0.6357179880142212,0.4382229745388031,0.45231005549430847,60968288175,2064485898
1,1,1,2.277252197265625,1,2.4080657958984375,1,0.059030551463365555,0.6519885063171387,-150.94766235351562,71.55493927001953,15.402079582214355,1,-0.04363401234149933,0.7429512739181519,-186.35198974609375,54.97407150268555,9.367112159729004,1,1.5580224990844727,30.601322174072266,643.11669921875,0.4979633688926697,0.4423523545265198,0.437167763710022,1,-64.81498718261719,32.777706146240234,647.03271484375,0.6357319951057434,0.43823692202568054,0.4529174864292145,60968296509,2064494231
1,1,1,2.2619476318359375,1,2.4635467529296875,1,0.05937250331044197,0.6580890417098999,-150.82974243164062,70.44291687011719,14.997387886047363,1,-0.020084545016288757,0.7419090270996094,-178.2308349609375,55.16401672363281,9.436347007751465,1,1.5430711507797241,30.599140167236328,643.059814453125,0.49799439311027527,0.4423494040966034,0.4370439648628235,1,-64.82706451416016,32.76648712158203,646.8890991210938,0.6357907056808472,0.4382404088973999,0.45260846614837646,60968304841,2064502564
1,1,1,2.2486724853515625,1,2.4426422119140625,1,0.04912063851952553,0.6507449150085449,-154.36514282226562,71.78160858154297,15.484606742858887,1,-0.022882502526044846,0.7494658827781677,-179.19573974609375,53.78656005859375,8.934944152832031,1,1.5272735357284546,30.598365783691406,643.025390625,0.4980272650718689,0.442346453666687,0.43696898221969604,1,-64.85088348388672,32.75592803955078,646.896240234375,0.6358383893966675,0.4382631480693817,0.45262742042541504,60968313175,2064510898
1,1,1,2.2660369873046875,1,2.406463623046875,1,0.05422285571694374,0.6339470148086548,-152.60562133789062,74.84358215332031,16.599042892456055,1,-0.041740722954273224,0.7587618827819824,-185.69908142089844,52.092071533203125,8.31814956665039,1,1.5085158348083496,30.59947395324707,642.9568481445312,0.49806612730026245,0.4423351585865021,0.436820387840271,1,-64.87677764892578,32.75924301147461,647.1058959960938,0.6358428597450256,0.4382849633693695,0.4530859887599945,60968321508,2064519231
1,1,1,2.241607666015625,1,2.3836517333984375,1,0.054969508200883865,0.6631618142127991,-152.34812927246094,69.51824951171875,14.660820960998535,1,-0.04371944069862366,0.7481136322021484,-186.38145446777344,54.033042907714844,9.024675369262695,1,1.489100456237793,30.589088439941406,642.8313598632812,0.4981061816215515,0.4423401951789856,0.43654665350914,1,-64.91744995117188,32.75441360473633,647.3457641601562,0.6358708143234253,0.4383275806903839,0.453611820936203,60968329842,2064527564
1,1,1,2.256561279296875,1,2.4391937255859375,1,0.04110410064458847,0.6638639569282532,-157.1296844482422,69.39026641845703,14.61423397064209,1,-0.02227129600942135,0.7321844696998596,-178.98497009277344,56.936641693115234,10.081442832946777,1,1.466814398765564,30.591642379760742,642.7635498046875,0.498152494430542,0.4423259198665619,0.43639978766441345,1,-64.91630554199219,32.73515319824219,647.024658203125,0.6359438300132751,0.4383234679698944,0.452915757894516,60968338181,2064535903
1,1,1,2.2665863037109375,1,2.4199066162109375,1,0.039094358682632446,0.657579243183136,-157.82273864746094,70.53584289550781,15.031171798706055,1,-0.01069908868521452,0.7480382919311523,-174.99423217773438,54.046791076660156,9.029614448547363,1,1.4485347270965576,30.59054183959961,642.7630615234375,0.4981907606124878,0.4423281252384186,0.436398446559906,1,-64.92948150634766,32.71921157836914,647.0462036132812,0.6359660625457764,0.4383593499660492,0.452962726354599,60968346514,2064544236
1,1,1,2.2696685791015625,1,2.3704833984375,1,0.04902280122041702,0.6691673994064331,-154.3988800048828,68.42353057861328,14.262350082397461,1,-0.046435169875621796,0.7264143228530884,-187.31797790527344,57.988441467285156,10.464273452758789,1,1.430689811706543,30.59377670288086,642.7750244140625,0.49822819232940674,0.4423229396343231,0.43642473220825195,1,-64.93937683105469,32.70985412597656,647.0203857421875,0.6359926462173462,0.4383751153945923,0.4529078006744385,60968354847,2064552569
1,1,1,2.24267578125,1,2.426055908203125,1,0.03622192144393921,0.653730571269989,-158.8133087158203,71.23739624023438,15.28649616241455,1,-0.007696658372879028,0.7345792651176453,-173.95884704589844,56.50011444091797,9.922625541687012,1,1.4165303707122803,30.61616325378418,642.8321533203125,0.4982580244541168,0.44228389859199524,0.43655169010162354,1,-64.9605712890625,32.75346755981445,647.4093017578125,0.6359451413154602,0.43833810091018677,0.45375803112983704,60968363181,2064560903
1,1,1,2.25042724609375,1,2.4341583251953125,1,0.047770608216524124,0.6531067490577698,-154.8306884765625,71.35110473632812,15.327888488769531,1,-0.031913530081510544,0.7445393800735474,-182.31011962890625,54.68456268310547,9.261756896972656,1,1.4040447473526,30.608171463012695,642.7865600585938,0.4982839822769165,0.44229447841644287,0.43645164370536804,1,-64.96044921875,32.73539733886719,647.3033447265625,0.6359698176383972,0.43836095929145813,0.4535267651081085,60968371514,2064569236
1,1,1,2.2409820556640625,1,2.4091644287109375,1,0.043630775064229965,0.6462000012397766,-156.2583465576172,72.61006927490234,15.786181449890137,1,-0.030589688569307327,0.7450665235519409,-181.85360717773438,54.58848571777344,9.226751327514648,1,1.3976993560791016,30.65085220336914,642.855224609375,0.49829748272895813,0.44221487641334534,0.4366064965724945,1,-64.96694946289062,32.76564025878906,647.2431640625,0.6359972357749939,0.4382902979850769,0.453402578830719,60968379847,2064577569
1,1,1,2.216339111328125,1,2.3594970703125,1,0.05431694537401199,0.6383621692657471,-152.57318115234375,74.03878021240234,16.30612564086914,1,-0.040996383875608444,0.7427716851234436,-185.4423828125,55.006797790527344,9.379022598266602,1,1.389595627784729,30.666330337524414,642.8889770507812,0.49831461906433105,0.4421871304512024,0.43668171763420105,1,-64.912353515625,32.68640899658203,645.6875,0.6362500190734863,0.4382414221763611,0.45002150535583496,60968388182,2064585903
1,1,1,2.259613037109375,1,2.3794097900390625,1,0.06118391454219818,0.6870691180229187,-150.20506286621094,65.16036224365234,13.074652671813965,1,-0.02933249995112419,0.7353681325912476,-181.42005920410156,56.356353759765625,9.870162010192871,1,1.3827693462371826,30.701431274414062,642.877197265625,0.4983288049697876,0.44211265444755554,0.43666088581085205,1,-64.91464233398438,32.70245361328125,645.5449829101562,0.6362882852554321,0.4381886124610901,0.449716717004776,60968396515,2064594236
1,1,1,2.24481201171875,1,2.4466705322265625,1,0.06461261957883835,0.6921771764755249,-149.0226593017578,64.22925567626953,12.735786437988281,1,-0.01696498692035675,0.7351787090301514,-177.15505981445312,56.39085388183594,9.882833480834961,1,1.3818047046661377,30.76304054260254,642.8988647460938,0.4983308017253876,0.4419875144958496,0.4367164969444275,1,-64.89753723144531,32.724830627441406,645.3029174804688,0.6363096833229065,0.4381091296672821,0.44919368624687195,60968404848,2064602569
1,1,1,2.2351226806640625,1,2.3432159423828125,1,0.06793320178985596,0.6541497707366943,-147.87754821777344,71.1609878540039,15.258679389953613,1,-0.047037407755851746,0.6996707320213318,-187.52565002441406,62.86333465576172,12.238569259643555,1,1.3882477283477783,30.777698516845703,642.7847290039062,0.4983167350292206,0.4419420063495636,0.4364708960056305,1,-64.87153625488281,32.7313117980957,644.9658813476562,0.6363352537155151,0.43804946541786194,0.44846150279045105,60968413182,2064610903
1,1,1,2.23468017578125,1,2.3125457763671875,1,0.074093297123909,0.6424416899681091,-145.7532196044922,73.295166015625,16.03546714782715,1,-0.04197527468204498,0.6704170107841492,-185.77996826171875,68.19574737548828,14.179459571838379,1,1.3931480646133423,30.785131454467773,642.6940307617188,0.49830594658851624,0.4419146478176117,0.4362751841545105,1,-64.86012268066406,32.755279541015625,644.8741455078125,0.6363330483436584,0.43798720836639404,0.448264479637146,60968421515,2064619236
1,1,1,2.256866455078125,1,2.3753662109375,1,0.07188137620687485,0.6664339900016785,-146.51600646972656,68.9217758178711,14.443735122680664,1,-0.021108118817210197,0.6843653321266174,-178.58383178710938,65.6532211303711,13.25406551361084,1,1.3949124813079834,30.78202247619629,642.6596069335938,0.498302161693573,0.4419165849685669,0.4362000823020935,1,-64.86439514160156,32.757354736328125,644.884521484375,0.6363394856452942,0.43798431754112244,0.44828808307647705,60968429848,2064627569
1,1,1,2.2606658935546875,1,2.3639678955078125,1,0.06651531904935837,0.6621882319450378,-148.36651611328125,69.69572448730469,14.725362777709961,1,-0.02504425309598446,0.6802396774291992,-179.9412384033203,66.40526580810547,13.527746200561523,1,1.3937311172485352,30.784639358520508,642.6592407226562,0.4983046352863312,0.44191110134124756,0.43619969487190247,1,-64.87451934814453,32.76313781738281,644.9415283203125,0.6363469958305359,0.43798014521598816,0.44841426610946655,60968438183,2064635903
1,1,1,2.248992919921875,1,2.35443115234375,1,0.061251912266016006,0.6738559007644653,-150.18161010742188,67.56891632080078,13.951261520385742,1,-0.031017480418086052,0.6642096042633057,-182.00111389160156,69.32725524902344,14.591259956359863,1,1.3937456607818604,30.784772872924805,642.636962890625,0.4983045160770416,0.4419078826904297,0.43615126609802246,1,-64.86787414550781,32.76402282714844,644.9077758789062,0.6363412141799927,0.43797367811203003,0.44834011793136597,60968446516,2064644236
1,1,1,2.2497711181640625,1,2.4393463134765625,1,0.06109423190355301,0.6625550389289856,-150.23599243164062,69.62884521484375,14.701055526733398,1,0.0090175187215209,0.7081205248832703,-168.19488525390625,61.323055267333984,11.678048133850098,1,1.3991243839263916,30.773983001708984,642.579345703125,0.4982929825782776,0.44192272424697876,0.43602481484413147,1,-64.86015319824219,32.748653411865234,644.896484375,0.6363279223442078,0.4380039870738983,0.44831183552742004,60968454849,2064652569
1,1,1,2.2254791259765625,1,2.413116455078125,1,0.06967055052518845,0.6373685002326965,-147.27841186523438,74.21989440917969,16.3720760345459,1,0.0010369803057983518,0.6967685222625732,-170.94700622558594,63.3923225402832,12.431146621704102,1,1.402740716934204,30.776432037353516,642.5567626953125,0.4982852637767792,0.4419146180152893,0.4359762370586395,1,-64.8619384765625,32.76252365112305,644.9083862304688,0.6363286972045898,0.4379768967628479,0.4483398497104645,60968463183,2064660903
1,1,1,2.2585601806640625,1,2.4228973388671875,1,0.05742942541837692,0.6876935362815857,-151.49981689453125,65.04653930664062,13.033257484436035,1,-0.009085085242986679,0.7098983526229858,-174.43763732910156,60.99900436401367,11.560074806213379,1,1.4137355089187622,30.7613525390625,642.4656982421875,0.49826180934906006,0.4419339895248413,0.43577656149864197,1,-64.85228729248047,32.74399948120117,644.8870239257812,0.6363138556480408,0.43801239132881165,0.44828903675079346,60968471517,2064669237
1,1,1,2.2632293701171875,1,2.4190216064453125,1,0.06365415453910828,0.6930809020996094,-149.3531951904297,64.06454467773438,12.675789833068848,1,-0.005526932887732983,0.6939854621887207,-173.21060180664062,63.899658203125,12.615751266479492,1,1.4228217601776123,30.75824737548828,642.4314575195312,0.49824258685112,0.4419359266757965,0.43570199608802795,1,-64.83950805664062,32.742149353027344,644.8448486328125,0.6362971663475037,0.43801042437553406,0.4481949508190155,60968479850,2064677570
1,1,1,2.2608184814453125,1,2.38446044921875,1,0.06822255998849869,0.6791577935218811,-147.77777099609375,66.60247039794922,13.599512100219727,1,-0.014049628749489784,0.7022908329963684,-176.14967346191406,62.38571548461914,12.064809799194336,1,1.4338749647140503,30.756057739257812,642.4312744140625,0.49821946024894714,0.44194045662879944,0.43570131063461304,1,-64.83943176269531,32.748992919921875,644.9013671875,0.6362836956977844,0.4380039870738983,0.4483179450035095,60968488184,2064685904
1,1,1,2.255859375,1,2.4422607421875,1,0.06153515353798866,0.6699357628822327,-150.0839385986328,68.2834701538086,14.211397171020508,1,-0.0022671804763376713,0.6886888146400452,-172.08645629882812,64.86514282226562,12.967164039611816,1,1.4448214769363403,30.747522354125977,642.499755859375,0.49819689989089966,0.44196727871894836,0.43584874272346497,1,-64.842041015625,32.745384216308594,645.0418701171875,0.6362560391426086,0.43803077936172485,0.4486212730407715,60968496517,2064694237
1,1,1,2.2383880615234375,1,2.4414215087890625,1,0.06895704567432404,0.6832970976829529,-147.5244598388672,65.84794616699219,13.324911117553711,1,0.012844706885516644,0.6909036040306091,-166.87506103515625,64.4614028930664,12.820267677307129,1,1.4579635858535767,30.751853942871094,642.4091186523438,0.4981688857078552,0.4419463574886322,0.4356527626514435,1,-64.84780883789062,32.77405548095703,645.1927490234375,0.6362321972846985,0.4379921555519104,0.448952317237854,60968504851,2064702570
1,1,1,2.2517852783203125,1,2.411712646484375,1,0.056110989302396774,0.6720446944236755,-151.95449829101562,67.89906311035156,14.071453094482422,1,-0.008515151217579842,0.695844829082489,-174.2410888671875,63.56072998046875,12.492375373840332,1,1.4715713262557983,30.754989624023438,642.500244140625,0.498140811920166,0.4419518709182739,0.43585097789764404,1,-64.84085083007812,32.773502349853516,645.2055053710938,0.6362147927284241,0.437995046377182,0.44897833466529846,60968513185,2064710904
1,1,1,2.2638397216796875,1,2.344696044921875,1,0.053676821291446686,0.6607339978218079,-152.79393005371094,69.96080017089844,14.82186222076416,1,-0.023187773302197456,0.6991962194442749,-179.30101013183594,62.94982147216797,12.270085334777832,1,1.4862127304077148,30.76051902770996,642.5459594726562,0.49811041355133057,0.441946417093277,0.43595102429389954,1,-64.82351684570312,32.78058624267578,645.1267700195312,0.6361973285675049,0.4379696249961853,0.448805570602417,60968521518,2064719237
1,1,1,2.26300048828125,1,2.404205322265625,1,0.06665924191474915,0.6605114936828613,-148.31689453125,70.00135803222656,14.836653709411621,1,-0.014411515556275845,0.6943054795265198,-176.27447509765625,63.84128189086914,12.594644546508789,1,1.500422716140747,30.775299072265625,642.625,0.4980809986591339,0.4419262111186981,0.4361245930194855,1,-64.82002258300781,32.814735412597656,645.493408203125,0.636103630065918,0.4379492998123169,0.4496011435985565,60968529851,2064727570
1,1,1,2.2930908203125,1,2.392333984375,1,0.05583563446998596,0.6722376346588135,-152.04945373535156,67.8638916015625,14.058672904968262,1,-0.002936955541372299,0.6983248591423035,-172.3174285888672,63.10865783691406,12.32790756225586,1,1.5137994289398193,30.784923553466797,642.7279663085938,0.49805355072021484,0.44191980361938477,0.43634936213493347,1,-64.80204772949219,32.81843948364258,645.3681640625,0.6360958218574524,0.43792444467544556,0.44932740926742554,60968538185,2064735904
1,1,1,2.255126953125,1,2.3867340087890625,1,0.07422862201929092,0.6665772199630737,-145.70654296875,68.89566802978516,14.434186935424805,1,0.0008150141220539808,0.7053927779197693,-171.02352905273438,61.820316314697266,11.858932495117188,1,1.5233514308929443,30.80038070678711,642.829833984375,0.4980340600013733,0.44190114736557007,0.43657252192497253,1,-64.78083801269531,32.83612060546875,645.220703125,0.6360863447189331,0.43786755204200745,0.449007123708725,60968546518,2064744237
1,1,1,2.2899932861328125,1,2.4063568115234375,1,0.05662267655134201,0.6421913504600525,-151.77804565429688,73.34078979492188,16.05211067199707,1,-0.0029911939054727554,0.7010437846183777,-172.3361358642578,62.61302947998047,12.147518157958984,1,1.5311329364776611,30.804187774658203,642.875244140625,0.49801796674728394,0.44189924001693726,0.436671644449234,1,-64.76811218261719,32.8421516418457,645.163330078125,0.6360734701156616,0.43784719705581665,0.44888147711753845,60968554851,2064752570
1,1,1,2.261474609375,1,2.45953369140625,1,0.08737438917160034,0.6443582773208618,-141.1731719970703,72.94578552246094,15.908346176147461,1,0.008339868858456612,0.7113927602767944,-168.42857360839844,60.72658157348633,11.460996627807617,1,1.5377135276794434,30.810062408447266,642.9213256835938,0.4980044364929199,0.4418931007385254,0.43677249550819397,1,-64.76403045654297,32.85689163208008,645.1526489257812,0.6360673904418945,0.43781518936157227,0.44885969161987305,60968563186,2064760904
1,1,1,2.3012847900390625,1,2.4021759033203125,1,0.06060848385095596,0.6303863525390625,-150.40350341796875,75.49262237548828,16.835296630859375,1,-0.0038501687813550234,0.6941035985946655,-172.63235473632812,63.87809753417969,12.607964515686035,1,1.5422769784927368,30.81555938720703,642.9100952148438,0.4979948103427887,0.4418802261352539,0.4367488622665405,1,-64.74750518798828,32.86626434326172,645.061279296875,0.636054515838623,0.43778321146965027,0.448660284280777,60968571519,2064769237
1,1,1,2.29632568359375,1,2.3934478759765625,1,0.060386963188648224,0.6412554979324341,-150.4799041748047,73.51134490966797,16.114233016967773,1,-0.008033798076212406,0.696824312210083,-174.07510375976562,63.38216018676758,12.427484512329102,1,1.5428868532180786,30.81096649169922,642.9209594726562,0.4979936182498932,0.4418911933898926,0.43677181005477905,1,-64.7410888671875,32.8582763671875,645.05126953125,0.6360436081886292,0.4377983808517456,0.44863614439964294,60968579852,2064777570
1,1,1,2.3160858154296875,1,2.4145660400390625,1,0.05968242883682251,0.6513339281082153,-150.72286987304688,71.67426300048828,15.445509910583496,1,-0.0017174757085740566,0.6889908909797668,-171.89686584472656,64.81005859375,12.947151184082031,1,1.5436344146728516,30.814865112304688,642.95556640625,0.4979921877384186,0.44188764691352844,0.436847448348999,1,-64.73774719238281,32.862064361572266,645.0048828125,0.6360476016998291,0.4377841651439667,0.44853582978248596,60968588186,2064785904
1,1,1,2.30413818359375,1,2.413604736328125,1,0.07734055072069168,0.663912832736969,-144.63339233398438,69.38136291503906,14.610949516296387,1,-0.006878403015434742,0.6888101696968079,-173.67666625976562,64.8430404663086,12.959099769592285,1,1.5382025241851807,30.806110382080078,642.9325561523438,0.49800345301628113,0.4419027864933014,0.43679624795913696,1,-64.74744415283203,32.84404754638672,645.0503540039062,0.6360571384429932,0.43782779574394226,0.44863346219062805,60968596519,2064794237
1,1,1,2.292755126953125,1,2.429779052734375,1,0.0672294944524765,0.6623924970626831,-148.12022399902344,69.65847778320312,14.71187686920166,1,0.002525830175727606,0.6816399097442627,-170.4335479736328,66.1500244140625,13.434835433959961,1,1.5289382934570312,30.798316955566406,642.84130859375,0.4980224072933197,0.44190695881843567,0.43659719824790955,1,-64.75236511230469,32.82897186279297,645.025634765625,0.6360731720924377,0.4378555715084076,0.44857895374298096,60968604856,2064802574
1,1,1,2.287811279296875,1,2.3996429443359375,1,0.06865186244249344,0.677675187587738,-147.62973022460938,66.87273406982422,13.697879791259766,1,-0.01241597905755043,0.7073541283607483,-175.58631896972656,61.4627799987793,11.728828430175781,1,1.5105150938034058,30.78136444091797,642.6937255859375,0.4980601966381073,0.441922664642334,0.43627452850341797,1,-64.78022766113281,32.8175048828125,645.1488647460938,0.6361020803451538,0.4378962218761444,0.44884923100471497,60968613190,2064810908
1,1,1,2.2601318359375,1,2.4192962646484375,1,0.08755403012037277,0.7105506658554077,-141.11122131347656,60.88009262084961,11.516802787780762,1,-0.0017371616559103131,0.7075883746147156,-171.90370178222656,61.420074462890625,11.713364601135254,1,1.501218318939209,30.760814666748047,642.6142578125,0.4980792999267578,0.4419548809528351,0.43609923124313354,1,-64.79631042480469,32.78569030761719,645.145751953125,0.6361364126205444,0.4379616975784302,0.448841392993927,60968621523,2064819241
1,1,1,2.2509307861328125,1,2.4124755859375,1,0.09687811136245728,0.6563574075698853,-137.89576721191406,70.75858306884766,15.112203598022461,1,0.007849070243537426,0.7006043791770935,-168.5978240966797,62.693153381347656,12.17661190032959,1,1.5446743965148926,30.77671241760254,642.8189086914062,0.49798938632011414,0.44194889068603516,0.436545729637146,1,-64.76001739501953,32.75617980957031,644.8135375976562,0.6361393928527832,0.43797722458839417,0.44811227917671204,60968629857,2064827574
1,1,1,2.260162353515625,1,2.407684326171875,1,0.12075947225093842,0.6495246291160583,-129.66018676757812,72.00407409667969,15.56553840637207,1,0.020395928993821144,0.6719509363174438,-164.27098083496094,67.91615295410156,14.077625274658203,1,1.5872490406036377,30.75510597229004,642.6812744140625,0.49789947271347046,0.44197577238082886,0.43624427914619446,1,-64.73507690429688,32.75798034667969,644.7249755859375,0.6361084580421448,0.43796131014823914,0.44791606068611145,60968638190,2064835908
1,1,1,2.230438232421875,1,2.375030517578125,1,0.12052177637815475,0.6529671549797058,-129.7421417236328,71.37654113769531,15.337165832519531,1,-0.0033911108039319515,0.6851702332496643,-172.4740753173828,65.50652313232422,13.200643539428711,1,1.597870945930481,30.737558364868164,642.693359375,0.4978773593902588,0.44201380014419556,0.436268150806427,1,-64.74324035644531,32.74066925048828,644.663330078125,0.636139988899231,0.4379886984825134,0.4477823078632355,60968646524,2064844241
1,1,1,2.25775146484375,1,2.44317626953125,1,0.1146799847483635,0.641771674156189,-131.75672912597656,73.41728973388672,16.079936981201172,1,0.026272719725966454,0.675487756729126,-162.24435424804688,67.271484375,13.842936515808105,1,1.5771195888519287,30.71834945678711,642.7281494140625,0.49792104959487915,0.442058265209198,0.436340868473053,1,-64.76190185546875,32.71830368041992,644.6005859375,0.6361936330795288,0.43802642822265625,0.4476476311683655,60968654857,2064852574
1,1,1,2.2830810546875,1,2.4341278076171875,1,0.11951799690723419,0.6448789834976196,-130.08831787109375,72.85086822509766,15.873764991760254,1,0.03996117785573006,0.6759353876113892,-157.52383422851562,67.18988037109375,13.813284873962402,1,1.5540353059768677,30.70526123046875,642.7174072265625,0.4979693591594696,0.44208401441574097,0.436315655708313,1,-64.76646423339844,32.685211181640625,644.4127807617188,0.6362475752830505,0.4380691945552826,0.44723841547966003,60968663190,2064860907
1,1,1,2.283966064453125,1,2.44830322265625,1,0.1226118728518486,0.6702255010604858,-129.02137756347656,68.23067474365234,14.192145347595215,1,0.0413755364716053,0.7038707733154297,-157.03607177734375,62.09773254394531,11.959928512573242,1,1.5425947904586792,30.7185115814209,642.6718139648438,0.4979930520057678,0.44205042719841003,0.4362185299396515,1,-64.78279876708984,32.68275451660156,644.44384765625,0.6362742185592651,0.43807852268218994,0.447308748960495,60968671524,2064869241
1,1,1,2.277374267578125,1,2.3745269775390625,1,0.13202637434005737,0.6700440049171448,-125.77474975585938,68.26371002197266,14.204258918762207,1,0.013070542365312576,0.6862217783927917,-166.7971649169922,65.3147964477539,13.130937576293945,1,1.536369800567627,30.68331527709961,642.672119140625,0.498006135225296,0.4421235918998718,0.43621426820755005,1,-64.78932189941406,32.65614318847656,644.4063720703125,0.6362967491149902,0.43812859058380127,0.447225421667099,60968679858,2064877574
1,1,1,2.287750244140625,1,2.457672119140625,1,0.12107649445533752,0.6571620106697083,-129.5508575439453,70.61190795898438,15.05883502960205,1,0.04460650682449341,0.698955237865448,-155.92185974121094,62.99376678466797,12.286044120788574,1,1.529412031173706,30.701316833496094,642.6376953125,0.4980204999446869,0.44208163022994995,0.43614208698272705,1,-64.79451751708984,32.65940856933594,644.4063720703125,0.6363075375556946,0.4381217360496521,0.44722700119018555,60968688191,2064885907
1,1,1,2.2989044189453125,1,2.365386962890625,1,0.11488310247659683,0.6753573417663574,-131.68667602539062,67.29520416259766,13.85173225402832,1,-0.0001095934712793678,0.6824806928634644,-171.3424072265625,65.99675750732422,13.379096031188965,1,1.5250624418258667,30.691749572753906,642.6263427734375,0.49802955985069275,0.44209998846054077,0.436116099357605,1,-64.79649353027344,32.6490478515625,644.3958740234375,0.6363142132759094,0.438141793012619,0.44720324873924255,60968696525,2064894241
1,1,1,2.27130126953125,1,2.401580810546875,1,0.12852802872657776,0.6537643074989319,-126.98115539550781,71.2312240600586,15.284276962280273,1,0.024178074672818184,0.7135841250419617,-162.96669006347656,60.327178955078125,11.315489768981934,1,1.5261839628219604,30.67155647277832,642.6039428710938,0.49802714586257935,0.44213902950286865,0.436064749956131,1,-64.79200744628906,32.633182525634766,644.325439453125,0.6363216042518616,0.4381650388240814,0.44704800844192505,60968704858,2064902574
1,1,1,2.29193115234375,1,2.4381256103515625,1,0.1241135448217392,0.6523652672767639,-128.50352478027344,71.48626708984375,15.377081871032715,1,0.035654231905937195,0.7039188146591187,-159.0090789794922,62.08897399902344,11.956748008728027,1,1.5269240140914917,30.67355728149414,642.6380615234375,0.4980257749557495,0.4421393573284149,0.4361390471458435,1,-64.78724670410156,32.62965774536133,644.302490234375,0.6363171339035034,0.4381692111492157,0.44699692726135254,60968713191,2064910907
1,1,1,2.317169189453125,1,2.409576416015625,1,0.10976112633943558,0.633929431438446,-133.45301818847656,74.84680938720703,16.60022735595703,1,0.01677706278860569,0.7051666378974915,-165.5189666748047,61.86149597167969,11.874042510986328,1,1.5339902639389038,30.642929077148438,642.71826171875,0.49801144003868103,0.4422135651111603,0.436308890581131,1,-64.78443908691406,32.60961151123047,644.3268432617188,0.636305570602417,0.43821415305137634,0.44704604148864746,60968721526,2064919241
1,1,1,2.3383331298828125,1,2.433563232421875,1,0.11826835572719574,0.6398175954818726,-130.51925659179688,73.77347564697266,16.209575653076172,1,0.03747452050447464,0.7128679752349854,-158.38136291503906,60.457706451416016,11.363030433654785,1,1.5403997898101807,30.63471031188965,642.7404174804688,0.4979982078075409,0.4422335922718048,0.436355859041214,1,-64.78570556640625,32.608131408691406,644.384765625,0.6362945437431335,0.4382251501083374,0.447171151638031,60968729861,2064927576
1,1,1,2.23486328125,1,2.429443359375,1,0.12216901779174805,0.5958715081214905,-129.17408752441406,81.7840576171875,19.125228881835938,1,0.01943061500787735,0.720747172832489,-164.6038818359375,59.021461486816406,10.840262413024902,1,1.549211859703064,30.609546661376953,642.8089599609375,0.49798011779785156,0.4422948360443115,0.436501145362854,1,-64.77958679199219,32.58316421508789,644.4100341796875,0.6362760066986084,0.4382804036140442,0.4472207725048065,60968738194,2064935909
1,1,1,2.30706787109375,1,2.496337890625,1,0.11960212886333466,0.6267597675323486,-130.05929565429688,76.1536865234375,17.07588768005371,1,0.06325813382863998,0.6976779103279114,-149.48977661132812,63.22657775878906,12.370789527893066,1,1.5550353527069092,30.60263442993164,642.8888549804688,0.4979684054851532,0.44231975078582764,0.43667349219322205,1,-64.76924133300781,32.563507080078125,644.399658203125,0.636256992816925,0.43831977248191833,0.447193443775177,60968746528,2064944243
1,1,1,2.28533935546875,1,2.409149169921875,1,0.13847844302654266,0.6406397819519043,-123.54971313476562,73.62361145019531,16.155044555664062,1,0.024307554587721825,0.6887474060058594,-162.92205810546875,64.85447692871094,12.963242530822754,1,1.5621297359466553,30.598575592041016,642.923095703125,0.49795371294021606,0.4423326551914215,0.436747282743454,1,-64.75664520263672,32.54580307006836,644.3670043945312,0.6362385749816895,0.4383520483970642,0.4471176862716675,60968754861,2064952576
1,1,1,2.29058837890625,1,2.4247894287109375,1,0.12080150842666626,0.6421350240707397,-129.6456756591797,73.3510513305664,16.055864334106445,1,0.027309764176607132,0.6722187995910645,-161.88671875,67.8673095703125,14.05993938446045,1,1.5731135606765747,30.591354370117188,642.9339599609375,0.4979308247566223,0.4423491358757019,0.436769962310791,1,-64.74421691894531,32.51702117919922,644.39501953125,0.6362062692642212,0.4384155869483948,0.44717130064964294,60968763194,2064960909
1,1,1,2.2450103759765625,1,2.366790771484375,1,0.12077640742063522,0.6066427826881409,-129.6543426513672,79.8206558227539,18.410551071166992,1,0.020496685057878494,0.6801208853721619,-164.23623657226562,66.42692565917969,13.535599708557129,1,1.5788153409957886,30.587295532226562,642.85498046875,0.4979184865951538,0.4423471689224243,0.436598002910614,1,-64.73594665527344,32.526771545410156,644.43212890625,0.6361802220344543,0.4384005069732666,0.44725117087364197,60968771528,2064969243
1,1,1,2.281158447265625,1,2.4407196044921875,1,0.12111106514930725,0.6392093300819397,-129.53892517089844,73.88435363769531,16.249916076660156,1,0.04086834564805031,0.6930697560310364,-157.2109832763672,64.06655883789062,12.676560401916504,1,1.5893367528915405,30.582881927490234,642.79736328125,0.49789610505104065,0.44234880805015564,0.43647247552871704,1,-64.72732543945312,32.52069091796875,644.4580078125,0.6361562609672546,0.43841665983200073,0.44730424880981445,60968779861,2064977576
1,1,1,2.2916259765625,1,2.3924407958984375,1,0.11688952893018723,0.6325705647468567,-130.9947509765625,75.0945053100586,16.690349578857422,1,0.013360213488340378,0.6864556074142456,-166.697265625,65.27217864990234,13.115445137023926,1,1.6027214527130127,30.584012985229492,642.7291870117188,0.49786773324012756,0.4423375427722931,0.436324805021286,1,-64.71055603027344,32.53260803222656,644.4713134765625,0.6361181735992432,0.43839380145072937,0.447331041097641,60968788195,2064985909
1,1,1,2.2876129150390625,1,2.4182281494140625,1,0.11046444624662399,0.6485641598701477,-133.21046447753906,72.17915344238281,15.629268646240234,1,0.033389605581760406,0.6808527708053589,-159.79005432128906,66.29350280761719,13.487065315246582,1,1.6211304664611816,30.593547821044922,642.6836547851562,0.4978289306163788,0.44231176376342773,0.436227411031723,1,-64.69853210449219,32.56721496582031,644.53125,0.636078953742981,0.4383302628993988,0.447462797164917,60968796529,2064994243
1,1,1,2.3065338134765625,1,2.45263671875,1,0.10025455802679062,0.6440933346748352,-136.73138427734375,72.99408721923828,15.92591667175293,1,0.040790557861328125,0.7073509097099304,-157.23780822753906,61.46335983276367,11.729063034057617,1,1.6421892642974854,30.604042053222656,642.7517700195312,0.49778518080711365,0.442298948764801,0.43637681007385254,1,-64.68092346191406,32.5839729309082,644.523193359375,0.6360441446304321,0.43829450011253357,0.44744396209716797,60968804862,2065002576
1,1,1,2.2669677734375,1,2.408935546875,1,0.10697466880083084,0.634454071521759,-134.4139404296875,74.75115966796875,16.565433502197266,1,0.029253067448735237,0.7022426128387451,-161.216552734375,62.39450454711914,12.068005561828613,1,1.6688296794891357,30.649372100830078,642.8772583007812,0.497730016708374,0.44222134351730347,0.4366554617881775,1,-64.67453002929688,32.63650131225586,644.6519775390625,0.6360003352165222,0.43820324540138245,0.44772815704345703,60968813195,2065010909
1,1,1,2.2867889404296875,1,2.4154205322265625,1,0.11660616844892502,0.6354879140853882,-131.09246826171875,74.56269836425781,16.496858596801758,1,0.031051144003868103,0.6992775797843933,-160.59649658203125,62.93500518798828,12.264699935913086,1,1.69400954246521,30.676849365234375,642.843017578125,0.4976770579814911,0.4421598017215729,0.43658512830734253,1,-64.66331481933594,32.66921615600586,644.7840576171875,0.635945737361908,0.43815356492996216,0.44801557064056396,60968821529,2065019243
1,1,1,2.2777252197265625,1,2.4488677978515625,1,0.12210551649332047,0.6526228189468384,-129.19598388671875,71.43931579589844,15.360026359558105,1,0.04694506525993347,0.6758124232292175,-155.1154022216797,67.2122802734375,13.821475982666016,1,1.7207599878311157,30.726871490478516,642.8535766601562,0.49762099981307983,0.442057341337204,0.436614990234375,1,-64.64053344726562,32.69633865356445,644.7886962890625,0.6358972787857056,0.43809807300567627,0.44802457094192505,60968829862,2065027576
1,1,1,2.2806549072265625,1,2.4137420654296875,1,0.12385474145412445,0.6942103505134583,-128.59275817871094,63.85865783691406,12.600830078125,1,0.03782401233911514,0.685949981212616,-158.26083374023438,65.36436462402344,13.148917198181152,1,1.748396396636963,30.78096580505371,642.9896240234375,0.4975638687610626,0.44196295738220215,0.436917781829834,1,-64.6080322265625,32.71137237548828,644.6658325195312,0.6358585953712463,0.4380500614643097,0.447754442691803,60968838196,2065035909
1,1,1,2.282745361328125,1,2.4371795654296875,1,0.1236378625035286,0.6598344445228577,-128.6675567626953,70.1247787475586,14.881532669067383,1,0.037471313029527664,0.6799464821815491,-158.38246154785156,66.45870208740234,13.547239303588867,1,1.7705706357955933,30.804370880126953,643.0921020507812,0.4975180923938751,0.44192788004875183,0.43714335560798645,1,-64.57789611816406,32.728538513183594,644.6123657226562,0.6358084082603455,0.4380072355270386,0.44763514399528503,60968846530,2065044243
1,1,1,2.2513427734375,1,2.4126434326171875,1,0.13833335041999817,0.6584234833717346,-123.5997543334961,70.38195037841797,14.975159645080566,1,0.028900636360049248,0.6890076994895935,-161.33810424804688,64.80699157714844,12.946099281311035,1,1.7886013984680176,30.809741973876953,643.0691528320312,0.497480183839798,0.44191375374794006,0.437094509601593,1,-64.56365203857422,32.77388000488281,644.7684326171875,0.6357419490814209,0.4379346966743469,0.4479754865169525,60968854863,2065052576
1,1,1,2.2718048095703125,1,2.3630828857421875,1,0.11366340517997742,0.6441999077796936,-132.1072998046875,72.97464752197266,15.91886043548584,1,0.014608156867325306,0.6902354955673218,-166.2669219970703,64.58319854736328,12.864608764648438,1,1.8101768493652344,30.805713653564453,642.9664916992188,0.4974344074726105,0.4419086277484894,0.43687134981155396,1,-64.53445434570312,32.805213928222656,644.8327026367188,0.6356660723686218,0.43787869811058044,0.448112428188324,60968863200,2065060913
1,1,1,2.2721099853515625,1,2.4237213134765625,1,0.1118326187133789,0.6229672431945801,-132.7386474609375,76.8449935913086,17.327552795410156,1,0.04389176145195961,0.7233171463012695,-156.16835021972656,58.55299377441406,10.669833183288574,1,1.8431448936462402,30.81698989868164,642.97802734375,0.49736541509628296,0.4418868124485016,0.4368981420993805,1,-64.50477600097656,32.8466796875,644.8843994140625,0.6355920433998108,0.43779996037483215,0.44822362065315247,60968871534,2065069247
1,1,1,2.244171142578125,1,2.363983154296875,1,0.1259870082139969,0.6360175609588623,-127.85745239257812,74.4661636352539,16.461708068847656,1,0.008396958000957966,0.6984680891036987,-168.40887451171875,63.08253479003906,12.318439483642578,1,1.878556251525879,30.826698303222656,643.0577392578125,0.49729180335998535,0.44187724590301514,0.43707263469696045,1,-64.47679138183594,32.86627960205078,644.926025390625,0.6355240941047668,0.43776512145996094,0.4483102560043335,60968879868,2065077580
1,1,1,2.24737548828125,1,2.389739990234375,1,0.10886130481958389,0.6252018213272095,-133.76332092285156,76.43765258789062,17.179304122924805,1,0.023458829149603844,0.7125635147094727,-163.2147216796875,60.51317596435547,11.38329029083252,1,1.9095463752746582,30.82300567626953,643.0804443359375,0.49722710251808167,0.4418879449367523,0.43712157011032104,1,-64.44953155517578,32.85569381713867,644.837158203125,0.6354883909225464,0.4377748370170593,0.44811108708381653,60968888201,2065085913
1,1,1,2.303466796875,1,2.406829833984375,1,0.0933072417974472,0.6411452293395996,-139.12721252441406,73.53148651123047,16.121488571166992,1,-0.0036616961006075144,0.6856327056884766,-172.56736755371094,65.42219543457031,13.169971466064453,1,1.8383523225784302,30.83347511291504,643.115478515625,0.49737632274627686,0.44187068939208984,0.43719854950904846,1,-64.47833251953125,32.88043975830078,645.1953125,0.635464072227478,0.4377728998661041,0.4488939344882965,60968896535,2065094247
1,1,1,2.29925537109375,1,2.3853302001953125,1,0.06322867423295975,0.6167660355567932,-149.4999237060547,77.97535705566406,17.73899269104004,1,-0.03680720552802086,0.6883673071861267,-183.9977264404297,64.92375183105469,12.98849105834961,1,1.7513964176177979,30.83312225341797,643.2981567382812,0.49755939841270447,0.44189533591270447,0.43759432435035706,1,-64.55033874511719,32.928375244140625,645.8394775390625,0.6354624629020691,0.43776223063468933,0.45030677318573,60968904868,2065102580
1,1,1,2.304351806640625,1,2.3977203369140625,1,0.03152560442686081,0.6133615970611572,-160.432861328125,78.5959701538086,17.964757919311523,1,-0.005366988945752382,0.6364098191261292,-173.15545654296875,74.39464569091797,16.435726165771484,1,1.6849730014801025,30.84975814819336,643.3323974609375,0.49769848585128784,0.4418652057647705,0.43767049908638,1,-64.61441040039062,32.9593505859375,646.2031860351562,0.6355100274085999,0.4377480745315552,0.45111003518104553,60968913201,2065110913
1,1,1,2.295989990234375,1,2.4072265625,1,0.030893849208950996,0.5896649956703186,-160.65072631835938,82.91539764404297,19.536975860595703,1,-0.0324300155043602,0.6568973064422607,-182.4882354736328,70.66014099121094,15.076407432556152,1,1.6876907348632812,30.860759735107422,643.400634765625,0.49769318103790283,0.44185131788253784,0.437820166349411,1,-64.584716796875,32.960086822509766,646.0306396484375,0.6354888677597046,0.4377228617668152,0.45073121786117554,60968921535,2065119247
1,1,1,2.3124847412109375,1,2.4148712158203125,1,0.04540563002228737,0.6249719858169556,-155.64627075195312,76.47955322265625,17.194507598876953,1,-0.022381961345672607,0.6522538661956787,-179.02313232421875,71.50657653808594,15.384496688842773,1,1.731232762336731,30.839218139648438,643.3550415039062,0.49760186672210693,0.4418901205062866,0.43771854043006897,1,-64.56198120117188,32.93988800048828,646.1073608398438,0.6354238986968994,0.43777525424957275,0.45088911056518555,60968929868,2065127580
1,1,1,2.294281005859375,1,2.412933349609375,1,0.05352054908871651,0.6253132820129395,-152.84780883789062,76.41732788085938,17.171899795532227,1,-0.03178790956735611,0.6718596816062927,-182.26681518554688,67.93280029296875,14.083744049072266,1,1.7527714967727661,30.8358154296875,643.321044921875,0.4975566267967224,0.4418927729129791,0.437644362449646,1,-64.55036926269531,32.95159912109375,646.251220703125,0.6353660225868225,0.43777087330818176,0.451198935508728,60968938201,2065135913
1,1,1,2.304595947265625,1,2.3675994873046875,1,0.05017576366662979,0.5905666351318359,-154.00128173828125,82.75106811523438,19.47711753845215,1,-0.044416848570108414,0.6672765016555786,-186.62196350097656,68.76823425292969,14.387749671936035,1,1.7626652717590332,30.830509185791016,643.3206787109375,0.49753597378730774,0.4419037401676178,0.437642902135849,1,-64.53414154052734,32.926902770996094,646.1021118164062,0.6353673934936523,0.4378014802932739,0.45087000727653503,60968946536,2065144247
1,1,1,2.2678680419921875,1,2.3662261962890625,1,0.07633085548877716,0.6066667437553406,-144.98158264160156,79.81629943847656,18.40896224975586,1,-0.045387160032987595,0.6616654992103577,-186.95655822753906,69.79100799560547,14.760013580322266,1,1.769389271736145,30.827335357666016,643.2633056640625,0.4975215494632721,0.4419027864933014,0.43751803040504456,1,-64.52493286132812,32.927650451660156,646.0924682617188,0.6353505849838257,0.4377985894680023,0.450847327709198,60968954869,2065152580
1,1,1,2.30828857421875,1,2.4040374755859375,1,0.04871666431427002,0.6080034375190735,-154.50445556640625,79.57262420654297,18.320308685302734,1,-0.036669425666332245,0.6774904131889343,-183.95022583007812,66.9063720703125,13.710188865661621,1,1.7761727571487427,30.830650329589844,643.251953125,0.4975072741508484,0.44189441204071045,0.4374938905239105,1,-64.51194763183594,32.942806243896484,646.2013549804688,0.6352981328964233,0.43778228759765625,0.451081782579422,60968963202,2065160913
1,1,1,2.3155059814453125,1,2.3773345947265625,1,0.05594177171587944,0.6234931349754333,-152.01284790039062,76.7491226196289,17.292661666870117,1,-0.047655146569013596,0.6750853657722473,-187.73870849609375,67.34481048583984,13.869719505310059,1,1.7811530828475952,30.831424713134766,643.2518920898438,0.4974968433380127,0.4418928027153015,0.4374938905239105,1,-64.50810241699219,32.94236755371094,646.2843017578125,0.6352708339691162,0.43779459595680237,0.4512598514556885,60968971536,2065169247
1,1,1,2.306060791015625,1,2.391448974609375,1,0.07015658169984818,0.6192810535430908,-147.11080932617188,77.51692199707031,17.57210922241211,1,-0.04402424022555351,0.6670385599136353,-186.486572265625,68.81157684326172,14.403655052185059,1,1.7855639457702637,30.838394165039062,643.2637939453125,0.49748772382736206,0.44187989830970764,0.43752071261405945,1,-64.50558471679688,32.96023941040039,646.321044921875,0.6352568864822388,0.43776270747184753,0.45134130120277405,60968979869,2065177580
1,1,1,2.3187255859375,1,2.4143829345703125,1,0.05824911221861839,0.6322750449180603,-151.21714782714844,75.14836120605469,16.709976196289062,1,-0.039612822234630585,0.6853854656219482,-184.96527099609375,65.46725463867188,13.186420440673828,1,1.7868115901947021,30.834943771362305,643.2633056640625,0.49748507142066956,0.4418869912624359,0.43751925230026245,1,-64.50483703613281,32.95386505126953,646.356689453125,0.6352470517158508,0.43778082728385925,0.4514172077178955,60968988202,2065185913
1,1,1,2.306793212890625,1,2.44256591796875,1,0.05325254425406456,0.609573483467102,-152.94024658203125,79.28645324707031,18.21611785888672,1,-0.02701505273580551,0.6894639134407043,-180.62086486816406,64.72384643554688,12.915771484375,1,1.7867615222930908,30.83304786682129,643.24072265625,0.49748507142066956,0.4418879449367523,0.43746986985206604,1,-64.49794006347656,32.94788360595703,646.311279296875,0.6352433562278748,0.43778693675994873,0.451316773891449,60968996539,2065194249
1,1,1,2.32427978515625,1,2.425384521484375,1,0.05813956633210182,0.6098382472991943,-151.2549285888672,79.23819732666016,18.198537826538086,1,-0.03824327513575554,0.6667942404747009,-184.4929656982422,68.85612487792969,14.419766426086426,1,1.7848831415176392,30.82925796508789,643.2520751953125,0.4974890351295471,0.44189736247062683,0.43749403953552246,1,-64.50255584716797,32.930973052978516,646.29833984375,0.6352560520172119,0.4378201365470886,0.4512874484062195,60969004872,2065202582
1,1,1,2.3259124755859375,1,2.3915252685546875,1,0.0597049854695797,0.6373481154441833,-150.715087890625,74.22364807128906,16.37339973449707,1,-0.04093588516116142,0.6478418707847595,-185.42152404785156,72.31078338623047,15.677230834960938,1,1.7804811000823975,30.820865631103516,643.2175903320312,0.497498095035553,0.4419102370738983,0.43741801381111145,1,-64.50302124023438,32.89917755126953,646.2509765625,0.6352682709693909,0.4378793239593506,0.45118075609207153,60969013205,2065210915
1,1,1,2.296112060546875,1,2.4005584716796875,1,0.055149950087070465,0.6214194893836975,-152.28591918945312,77.12712097167969,17.430221557617188,1,-0.043148718774318695,0.6579141616821289,-186.18463134765625,70.47480010986328,15.008956909179688,1,1.7773773670196533,30.8181209564209,643.2061767578125,0.49750450253486633,0.4419144093990326,0.437392920255661,1,-64.50555419921875,32.86697769165039,646.0728759765625,0.6353152394294739,0.4379214942455292,0.45079225301742554,60969021540,2065219249
1,1,1,2.3346099853515625,1,2.4207305908203125,1,0.05375118926167488,0.6444390416145325,-152.76828002929688,72.93107604980469,15.90298080444336,1,-0.04884858429431915,0.6545261740684509,-188.1502685546875,71.0923843383789,15.233695030212402,1,1.7770963907241821,30.809730529785156,643.2060546875,0.4975051283836365,0.4419317841529846,0.437391459941864,1,-64.51908874511719,32.84315490722656,646.4387817382812,0.6352578997612,0.4380209743976593,0.4515814781188965,60969029873,2065227582
1,1,1,2.3170166015625,1,2.3881378173828125,1,0.053699932992458344,0.6484189033508301,-152.78594970703125,72.20560455322266,15.638947486877441,1,-0.0514315702021122,0.6571037769317627,-189.041015625,70.6225357055664,15.062642097473145,1,1.7708137035369873,30.79526710510254,643.183837890625,0.4975180923938751,0.4419589042663574,0.43734118342399597,1,-64.5229721069336,32.818458557128906,646.4251708984375,0.6352692246437073,0.4380701184272766,0.4515495002269745,60969038206,2065235915
1,1,1,2.332183837890625,1,2.3699493408203125,1,0.0505206324160099,0.6493739485740662,-153.88233947753906,72.0315170288086,15.575555801391602,1,-0.06891752779483795,0.6732766628265381,-195.07110595703125,67.67449951171875,13.989716529846191,1,1.763940453529358,30.749691009521484,643.1505126953125,0.4975324273109436,0.4420490860939026,0.437262624502182,1,-64.52545166015625,32.794002532958984,646.3311767578125,0.6352964043617249,0.43810778856277466,0.4513435661792755,60969046540,2065244249
1,1,1,2.338653564453125,1,2.3780364990234375,1,0.0423024445772171,0.6325761675834656,-156.7164306640625,75.09346008300781,16.68998908996582,1,-0.05367305129766464,0.6715031266212463,-189.81398010253906,67.99776458740234,14.107409477233887,1,1.7532298564910889,30.714473724365234,643.1166381835938,0.4975546896457672,0.44211775064468384,0.43718421459198,1,-64.53851318359375,32.77900695800781,646.316650390625,0.6353269815444946,0.4381368160247803,0.45131292939186096,60969054873,2065252582
1,1,1,2.353179931640625,1,2.395599365234375,1,0.04748233035206795,0.6343461871147156,-154.9301300048828,74.77082061767578,16.572586059570312,1,-0.049452513456344604,0.6575562357902527,-188.35853576660156,70.5400619506836,15.032657623291016,1,1.7445781230926514,30.69243621826172,643.1167602539062,0.4975728392601013,0.44216352701187134,0.437181293964386,1,-64.55961608886719,32.77154541015625,646.37109375,0.6353579759597778,0.43815961480140686,0.45143380761146545,60969063206,2065260915
1,1,1,2.3454437255859375,1,2.4180908203125,1,0.04551919549703598,0.621046781539917,-155.60711669921875,77.19506072998047,17.454946517944336,1,-0.03943721950054169,0.6791946291923523,-184.9047088623047,66.59574127197266,13.597095489501953,1,1.7366220951080322,30.66453742980957,643.105224609375,0.49758943915367126,0.44221991300582886,0.4371525049209595,1,-64.57102966308594,32.75838088989258,646.3443603515625,0.6353879570960999,0.43818315863609314,0.45137661695480347,60969071540,2065269249
1,1,1,2.32354736328125,1,2.4742279052734375,1,0.05796413496136665,0.6103723645210266,-151.3154296875,79.14081573486328,18.163150787353516,1,-0.005536265205591917,0.6683452129364014,-173.21383666992188,68.57341003417969,14.316902160644531,1,1.7638756036758423,30.650848388671875,643.0830078125,0.49753233790397644,0.4422454833984375,0.43710261583328247,1,-64.517578125,32.70634460449219,645.3773193359375,0.6355035901069641,0.43815839290618896,0.4492703676223755,60969079873,2065277582
1,1,1,2.335540771484375,1,2.452728271484375,1,0.09904026240110397,0.6064770221710205,-137.150146484375,79.85089111328125,18.421525955200195,1,-0.008295069448649883,0.6449113488197327,-174.16519165039062,72.84497833251953,15.871637344360352,1,1.8018510341644287,30.66270637512207,643.09375,0.49745285511016846,0.44222235679626465,0.4371276795864105,1,-64.5457992553711,32.773738861083984,646.6009521484375,0.635275661945343,0.4381865859031677,0.45192739367485046,60969088206,2065285915
1,1,1,2.3076324462890625,1,2.433624267578125,1,0.09324291348457336,0.6002650856971741,-139.14938354492188,80.98320770263672,18.83367919921875,1,-0.015143697150051594,0.6487064361572266,-176.52699279785156,72.15320587158203,15.619847297668457,1,1.8274998664855957,30.650094985961914,643.036865234375,0.49739885330200195,0.4422411322593689,0.43700268864631653,1,-64.48458862304688,32.723182678222656,645.49072265625,0.6354084610939026,0.4381391406059265,0.449510395526886,60969096541,2065294249
1,1,1,2.3136749267578125,1,2.3798065185546875,1,0.09155219048261642,0.6109788417816162,-139.73243713378906,79.0302734375,18.122892379760742,1,-0.0458952821791172,0.6382023096084595,-187.1317901611328,74.06791687011719,16.31669807434082,1,1.8212664127349854,30.656517028808594,643.0597534179688,0.4974120557308197,0.44223079085350037,0.43705326318740845,1,-64.48954010009766,32.73119354248047,645.4299926757812,0.63543301820755,0.4381142556667328,0.449381560087204,60969104874,2065302582
1,1,1,2.3223876953125,1,2.4339752197265625,1,0.09930290281772614,0.6202447414398193,-137.0595703125,77.34126281738281,17.508100509643555,1,-0.013859681785106659,0.661300539970398,-176.0841827392578,69.85751342773438,14.784303665161133,1,1.8047535419464111,30.649497985839844,643.037109375,0.4974464774131775,0.4422423243522644,0.437002956867218,1,-64.48158264160156,32.70082092285156,644.855712890625,0.6355512142181396,0.438098281621933,0.4481359124183655,60969113207,2065310915
1,1,1,2.3054962158203125,1,2.3975677490234375,1,0.09703671932220459,0.6009892225265503,-137.841064453125,80.85121154785156,18.78561019897461,1,-0.019233273342251778,0.6513328552246094,-177.9373016357422,71.67445373535156,15.445591926574707,1,1.7949328422546387,30.662752151489258,643.06005859375,0.49746713042259216,0.4422178268432617,0.4370545744895935,1,-64.4898452758789,32.70168685913086,644.8189697265625,0.6355770230293274,0.4380914568901062,0.44805842638015747,60969121541,2065319249
1,1,1,2.304443359375,1,2.4024200439453125,1,0.08979984372854233,0.6034004092216492,-140.3367462158203,80.41166687011719,18.6257266998291,1,-0.010083419270813465,0.6452997326850891,-174.78192138671875,72.77420806884766,15.845821380615234,1,1.7867814302444458,30.66510772705078,643.048095703125,0.49748411774635315,0.4422113299369812,0.43702882528305054,1,-64.50459289550781,32.69882583618164,644.7919311523438,0.6356139779090881,0.4380936324596405,0.44800281524658203,60969129875,2065327582
1,1,1,2.2979583740234375,1,2.4283599853515625,1,0.08698795735836029,0.5784017443656921,-141.3064422607422,84.9684829711914,20.284238815307617,1,-0.007578246295452118,0.6611530780792236,-173.91798400878906,69.88441467285156,14.794047355651855,1,1.7723956108093262,30.653854370117188,643.0371704101562,0.4975142180919647,0.44223323464393616,0.43700361251831055,1,-64.52311706542969,32.69723129272461,644.7886962890625,0.6356532573699951,0.43809643387794495,0.447999507188797,60969138208,2065335915
1,1,1,2.3038177490234375,1,2.416748046875,1,0.09035509079694748,0.6019691824913025,-140.145263671875,80.67253875732422,18.720701217651367,1,-0.013089236803352833,0.6609065532684326,-175.81849670410156,69.92932891845703,14.81042766571045,1,1.7561540603637695,30.666553497314453,643.0145263671875,0.49754801392555237,0.4422038495540619,0.43695613741874695,1,-64.55123138427734,32.704139709472656,644.8883666992188,0.6356882452964783,0.4380958080291748,0.44822174310684204,60969146542,2065344249
1,1,1,2.290252685546875,1,2.418121337890625,1,0.09581758081912994,0.5861433148384094,-138.26150512695312,83.55734252929688,19.770593643188477,1,-0.0010850774124264717,0.6689062118530273,-171.67880249023438,68.47114562988281,14.27971363067627,1,1.7413620948791504,30.654090881347656,642.9915161132812,0.49757882952690125,0.44222670793533325,0.4369043707847595,1,-64.57528686523438,32.69843292236328,644.9290161132812,0.635728657245636,0.43811312317848206,0.44831371307373047,60969154875,2065352582
1,1,1,2.31494140625,1,2.40887451171875,1,0.0900949016213417,0.6140050292015076,-140.2349853515625,78.47863006591797,17.92211151123047,1,-0.0016119945794343948,0.656868040561676,-171.8605194091797,70.66548156738281,15.078370094299316,1,1.720694661140442,30.65621566772461,643.0029296875,0.49762219190597534,0.4422237277030945,0.436929315328598,1,-64.6015396118164,32.696632385253906,644.9605712890625,0.6357758045196533,0.43812114000320435,0.4483872056007385,60969163208,2065360915
1,1,1,2.2937774658203125,1,2.36578369140625,1,0.08088325709104538,0.6005755662918091,-143.41168212890625,80.9266128540039,18.813095092773438,1,-0.020339760929346085,0.6623809933662415,-178.31886291503906,69.66056823730469,14.712617874145508,1,1.6996028423309326,30.643333435058594,643.0250854492188,0.49766647815704346,0.44225332140922546,0.43697550892829895,1,-64.6176528930664,32.68549346923828,644.9926147460938,0.6358017921447754,0.438148558139801,0.44845834374427795,60969171543,2065369249
1,1,1,2.31903076171875,1,2.404388427734375,1,0.07776129245758057,0.6164662837982178,-144.48828125,78.0300064086914,17.75881004333496,1,-0.008778703399002552,0.6595509648323059,-174.3319854736328,70.17643737792969,14.900365829467773,1,1.6736068725585938,30.633272171020508,643.0255126953125,0.4977208971977234,0.4422742426395416,0.43697482347488403,1,-64.62939453125,32.66600799560547,644.9454345703125,0.6358373761177063,0.4381824731826782,0.44835615158081055,60969179876,2065377582
1,1,1,2.2887420654296875,1,2.396728515625,1,0.08785390108823776,0.5972062349319458,-141.0078125,81.54075622558594,19.036664962768555,1,-0.020284397527575493,0.6742927432060242,-178.29978942871094,67.48926544189453,13.92232894897461,1,1.6465002298355103,30.625959396362305,643.0029907226562,0.4977774918079376,0.4422864317893982,0.4369248151779175,1,-64.6473388671875,32.651145935058594,644.9046020507812,0.6358842849731445,0.43820762634277344,0.44826966524124146,60969188209,2065385915
1,1,1,2.2829437255859375,1,2.42730712890625,1,0.09284523129463196,0.5905888080596924,-139.28652954101562,82.74701690673828,19.47568130493164,1,-0.011655326932668686,0.6731752753257751,-175.32400512695312,67.69296264648438,13.996471405029297,1,1.6163499355316162,30.600370407104492,642.8433837890625,0.4978398084640503,0.4423185884952545,0.43657490611076355,1,-64.65997314453125,32.603538513183594,644.7733154296875,0.6359416246414185,0.43828824162483215,0.4479822516441345,60969196543,2065394249
1,1,1,2.2911376953125,1,2.3805389404296875,1,0.09330622851848602,0.6044131517410278,-139.1275634765625,80.2270736694336,18.55850601196289,1,-0.02165091224014759,0.65418541431427,-178.7710418701172,71.15445709228516,15.256402015686035,1,1.5927913188934326,30.603538513183594,642.9574584960938,0.49788975715637207,0.4423269033432007,0.43682265281677246,1,-64.68550872802734,32.60567092895508,644.82666015625,0.635982096195221,0.438291072845459,0.448103129863739,60969204876,2065402582
1,1,1,2.2828216552734375,1,2.429046630859375,1,0.09875567257404327,0.5993379950523376,-137.24827575683594,81.15216064453125,18.89522361755371,1,0.0036244706716388464,0.6564971804618835,-170.0546875,70.73307800292969,15.102958679199219,1,1.569976806640625,30.606027603149414,643.0830688476562,0.4979381561279297,0.44233816862106323,0.43709543347358704,1,-64.71255493164062,32.59260559082031,644.8572998046875,0.6360311508178711,0.4383223056793213,0.4481731951236725,60969213209,2065410915
1,1,1,2.32049560546875,1,2.405303955078125,1,0.0957249328494072,0.6054161787033081,-138.29345703125,80.04426574707031,18.491912841796875,1,-6.552451668540016e-05,0.6535277366638184,-171.3272247314453,71.2743911743164,15.29996395111084,1,1.5549768209457397,30.6065673828125,643.1284790039062,0.49796977639198303,0.44234296679496765,0.437193900346756,1,-64.74319458007812,32.58203887939453,644.9099731445312,0.6360824704170227,0.4383513629436493,0.44829195737838745,60969221543,2065419249
1,1,1,2.313812255859375,1,2.4211883544921875,1,0.08604444563388824,0.5907842516899109,-141.63180541992188,82.71139526367188,19.462657928466797,1,-0.008932987228035927,0.6581792235374451,-174.38519287109375,70.42648315429688,14.991413116455078,1,1.538399577140808,30.6085205078125,643.105224609375,0.49800434708595276,0.4423358738422394,0.4371437430381775,1,-64.7739028930664,32.59092712402344,644.9619140625,0.6361339688301086,0.4383399784564972,0.44841188192367554,60969229876,2065427582
1,1,1,2.318817138671875,1,2.3977813720703125,1,0.08186080306768417,0.6008133292198181,-143.07455444335938,80.88325500488281,18.79737091064453,1,0.0007836157456040382,0.653299868106842,-171.0343780517578,71.3158950805664,15.315119743347168,1,1.51943039894104,30.604721069335938,643.0596923828125,0.49804383516311646,0.4423377215862274,0.437044233083725,1,-64.81547546386719,32.590946197509766,645.1065673828125,0.6361862421035767,0.43835967779159546,0.4487331211566925,60969238210,2065435915
1,1,1,2.2789764404296875,1,2.4536285400390625,1,0.08147047460079193,0.6009436845779419,-143.20916748046875,80.8595199584961,18.788654327392578,1,0.014294649474322796,0.6628064513206482,-166.3750457763672,69.58302307128906,14.684361457824707,1,1.4964334964752197,30.609216690063477,643.0028076171875,0.4980916678905487,0.442320853471756,0.4369213581085205,1,-64.82939147949219,32.593570709228516,645.0562744140625,0.6362269520759583,0.43834733963012695,0.44862788915634155,60969246543,2065444248
1,1,1,2.296539306640625,1,2.4563140869140625,1,0.0843595638871193,0.5879705548286438,-142.2128448486328,83.22425842285156,19.649412155151367,1,0.014521362259984016,0.6790859699249268,-166.29684448242188,66.61556243896484,13.604269981384277,1,1.4734320640563965,30.61605453491211,642.9683837890625,0.4981395900249481,0.4423021078109741,0.436847448348999,1,-64.84039306640625,32.59419631958008,645.0205688476562,0.6362582445144653,0.4383411109447479,0.44855332374572754,60969254884,2065452589
1,1,1,2.3165740966796875,1,2.4052276611328125,1,0.07797269523143768,0.6076995730400085,-144.41539001464844,79.6280288696289,18.340435028076172,1,0.0015490252990275621,0.6712308526039124,-170.7704315185547,68.04740142822266,14.125460624694824,1,1.4519461393356323,30.621973037719727,643.0029907226562,0.4981847107410431,0.44229432940483093,0.4369233548641205,1,-64.8531494140625,32.59986114501953,645.0283203125,0.6362828612327576,0.43833044171333313,0.44857364892959595,60969263217,2065460922
1,1,1,2.3345184326171875,1,2.4310302734375,1,0.07947894185781479,0.6337891221046448,-143.8959503173828,74.87236785888672,16.609521865844727,1,-0.013121919706463814,0.6747254729270935,-175.82974243164062,67.41041564941406,13.893546104431152,1,1.4322459697723389,30.630481719970703,642.9803466796875,0.4982258379459381,0.44227364659309387,0.4368753135204315,1,-64.86318969726562,32.604915618896484,644.979736328125,0.636315107345581,0.4383133053779602,0.4484716057777405,60969271550,2065469255
1,1,1,2.2771453857421875,1,2.4676971435546875,1,0.08142127841711044,0.6080272793769836,-143.2261505126953,79.56827545166016,18.318721771240234,1,0.009253935888409615,0.6636868715286255,-168.11337280273438,69.42255401611328,14.62596607208252,1,1.4179458618164062,30.62275505065918,642.9464111328125,0.4982556104660034,0.4422852098941803,0.436800479888916,1,-64.87422180175781,32.60116958618164,645.000732421875,0.6363331079483032,0.4383239150047302,0.44851869344711304,60969279885,2065477589
1,1,1,2.314605712890625,1,2.4438934326171875,1,0.08974413573741913,0.6159355640411377,-140.35594177246094,78.12672424316406,17.794113159179688,1,-0.005034456495195627,0.6656961441040039,-173.040771484375,69.05628204345703,14.492676734924316,1,1.4123347997665405,30.632949829101562,642.9578857421875,0.49826738238334656,0.4422655403614044,0.43682676553726196,1,-64.87896728515625,32.60784149169922,644.9178466796875,0.6363624930381775,0.43829867243766785,0.44834184646606445,60969288218,2065485922
1,1,1,2.32012939453125,1,2.433319091796875,1,0.09353464096784592,0.6070310473442078,-139.0487823486328,79.74987030029297,18.384815216064453,1,-0.002050550188869238,0.6538984179496765,-172.01173400878906,71.20679473876953,15.275394439697266,1,1.446586012840271,30.631912231445312,643.0374755859375,0.4981961250305176,0.4422782063484192,0.43699949979782104,1,-64.88548278808594,32.63178253173828,645.2330932617188,0.6363015174865723,0.4382922649383545,0.4490271508693695,60969296551,2065494255
1,1,1,2.274169921875,1,2.395599365234375,1,0.13806815445423126,0.5927146077156067,-123.69119262695312,82.35951232910156,19.33464241027832,1,0.011487833224236965,0.6533957123756409,-167.34298706054688,71.29843139648438,15.308734893798828,1,1.520493507385254,30.627517700195312,643.0713500976562,0.4980415999889374,0.4422919452190399,0.43707275390625,1,-64.85615539550781,32.626441955566406,645.0152587890625,0.636292040348053,0.438273549079895,0.44854989647865295,60969304886,2065502589
1,1,1,2.269317626953125,1,2.3845062255859375,1,0.158507838845253,0.5645931959152222,-116.64248657226562,87.48554229736328,21.200328826904297,1,0.03579411283135414,0.6708756685256958,-158.96084594726562,68.11212921142578,14.149087905883789,1,1.5598829984664917,30.629955291748047,643.083251953125,0.4979592263698578,0.44228848814964294,0.43709903955459595,1,-64.82207489013672,32.63418960571289,644.951416015625,0.636236310005188,0.43824881315231323,0.44840580224990845,60969313219,2065510922
1,1,1,2.255462646484375,1,2.42572021484375,1,0.1609760820865631,0.6007818579673767,-115.79130554199219,80.88899993896484,18.799415588378906,1,0.03076513670384884,0.6758835315704346,-160.6951141357422,67.19928741455078,13.816790580749512,1,1.5687143802642822,30.617578506469727,643.1060791015625,0.49794092774391174,0.44231724739074707,0.437146931886673,1,-64.8095932006836,32.610107421875,644.895751953125,0.6362236142158508,0.43829113245010376,0.44827961921691895,60969321552,2065519255
1,1,1,2.2830352783203125,1,2.457366943359375,1,0.15922632813453674,0.5968145728111267,-116.39471435546875,81.61217498779297,19.06262969970703,1,0.05436500161886215,0.6712368726730347,-152.5565948486328,68.04632568359375,14.125053405761719,1,1.563133716583252,30.61638641357422,643.0946655273438,0.49795252084732056,0.4423182010650635,0.4371219873428345,1,-64.81422424316406,32.60163116455078,644.8591918945312,0.6362418532371521,0.438303679227829,0.44820040464401245,60969329886,2065527589
1,1,1,2.2705078125,1,2.390167236328125,1,0.17146112024784088,0.6202411651611328,-112.17550659179688,77.34190368652344,17.5084171295166,1,0.009449027478694916,0.6463594436645508,-168.04608154296875,72.58102416992188,15.775527954101562,1,1.5607550144195557,30.61069107055664,643.1396484375,0.4979577660560608,0.4423358738422394,0.4372188448905945,1,-64.82521057128906,32.56902313232422,644.8818359375,0.6362594962120056,0.43837428092956543,0.44824695587158203,60969338219,2065535922
1,1,1,2.297271728515625,1,2.4376983642578125,1,0.15732711553573608,0.6165246963500977,-117.04966735839844,78.01936340332031,17.754907608032227,1,0.02098003402352333,0.6603227853775024,-164.06956481933594,70.0357437133789,14.849172592163086,1,1.5583323240280151,30.61025619506836,643.1402587890625,0.4979628324508667,0.4423368275165558,0.43722003698349,1,-64.83480072021484,32.550289154052734,644.9025268554688,0.6362746357917786,0.4384159445762634,0.44829100370407104,60969346553,2065544255
1,1,1,2.308929443359375,1,2.446075439453125,1,0.15331928431987762,0.6013655662536621,-118.4317855834961,80.78260040283203,18.760709762573242,1,0.039328280836343765,0.6644476056098938,-157.74208068847656,69.28386688232422,14.575490951538086,1,1.5577011108398438,30.61033821105957,643.1513671875,0.4979642331600189,0.44233816862106323,0.437244176864624,1,-64.84954833984375,32.54594039916992,644.9808959960938,0.6362867951393127,0.4384356439113617,0.4484628438949585,60969354887,2065552589
1,1,1,2.2934722900390625,1,2.403076171875,1,0.15049928426742554,0.6092023253440857,-119.4042739868164,79.3541030883789,18.24078369140625,1,0.033154476433992386,0.645799994468689,-159.87115478515625,72.68299865722656,15.812692642211914,1,1.555763602256775,30.610898971557617,643.1627197265625,0.4979683458805084,0.4423384964466095,0.43726885318756104,1,-64.85674285888672,32.53453826904297,645.00390625,0.6362963914871216,0.43846243619918823,0.44851234555244446,60969363219,2065560922
1,1,1,2.2675628662109375,1,2.3936767578125,1,0.1571120172739029,0.5928521156311035,-117.12385559082031,82.3344497680664,19.32552719116211,1,0.036573220044374466,0.6640834808349609,-158.69216918945312,69.3502426147461,14.599651336669922,1,1.5513606071472168,30.615921020507812,643.1290283203125,0.4979773461818695,0.44232362508773804,0.43719640374183655,1,-64.86257934570312,32.537574768066406,645.0263671875,0.636303186416626,0.438459187746048,0.44856250286102295,60969371552,2065569255
1,1,1,2.29534912109375,1,2.404998779296875,1,0.14703798294067383,0.5882239937782288,-120.5979232788086,83.1780776977539,19.632556915283203,1,0.02975815162062645,0.6548914909362793,-161.04238891601562,71.0257797241211,15.209492683410645,1,1.5475542545318604,30.618988037109375,643.12841796875,0.49798527359962463,0.4423171579837799,0.43719547986984253,1,-64.86641693115234,32.530582427978516,645.026611328125,0.6363111138343811,0.43847373127937317,0.448562890291214,60969379887,2065577589
1,1,1,2.294464111328125,1,2.3846282958984375,1,0.1569119095802307,0.5916659832000732,-117.19285583496094,82.55065155029297,19.40420150756836,1,0.021497396752238274,0.6476170420646667,-163.89114379882812,72.35177612304688,15.692126274108887,1,1.5436309576034546,30.64145278930664,643.083251953125,0.49799323081970215,0.442264586687088,0.4371006190776825,1,-64.86843872070312,32.54196548461914,645.0244140625,0.6363157033920288,0.43844982981681824,0.4485602378845215,60969388221,2065585923
1,1,1,2.30078125,1,2.3723297119140625,1,0.14568260312080383,0.5881625413894653,-121.0653305053711,83.18927764892578,19.636621475219727,1,0.018525727093219757,0.6572470664978027,-164.91592407226562,70.59637451171875,15.05325984954834,1,1.5386567115783691,30.657867431640625,643.060302734375,0.4980035126209259,0.44222748279571533,0.43705299496650696,1,-64.86782836914062,32.53914260864258,645.0123901367188,0.6363173127174377,0.4384540021419525,0.44853368401527405,60969396554,2065594256
1,1,1,2.2710418701171875,1,2.4603424072265625,1,0.16078896820545197,0.6088347434997559,-115.85581970214844,79.42108917236328,18.265155792236328,1,0.03386921063065529,0.6598309874534607,-159.62466430664062,70.1253890991211,14.881778717041016,1,1.5359985828399658,30.677040100097656,643.014892578125,0.4980087876319885,0.44218170642852783,0.43695706129074097,1,-64.86386108398438,32.53901290893555,644.9798583984375,0.6363167762756348,0.43844982981681824,0.448462575674057,60969404889,2065602590
1,1,1,2.29052734375,1,2.4321441650390625,1,0.1503329575061798,0.6117600798606873,-119.46163177490234,78.88784790039062,18.071086883544922,1,0.04325921833515167,0.6644443869590759,-156.386474609375,69.28445434570312,14.575714111328125,1,1.5335232019424438,30.72525405883789,643.0137939453125,0.4980138838291168,0.44208142161369324,0.43696129322052,1,-64.85891723632812,32.555572509765625,644.9216918945312,0.636320173740387,0.4384075403213501,0.4483383893966675,60969413222,2065610923
1,1,1,2.2570343017578125,1,2.4462890625,1,0.14638042449951172,0.6305258274078369,-120.8246841430664,75.46720123291016,16.826045989990234,1,0.046296775341033936,0.6567317247390747,-155.33897399902344,70.69032287597656,15.087435722351074,1,1.5359989404678345,30.722793579101562,643.0140991210938,0.498008668422699,0.4420865476131439,0.43696171045303345,1,-64.85770416259766,32.54543685913086,644.9214477539062,0.636317789554596,0.43842852115631104,0.448336124420166,60969421555,2065619256
1,1,1,2.289520263671875,1,2.4332733154296875,1,0.15697741508483887,0.6189237236976624,-117.17027282714844,77.58207702636719,17.595773696899414,1,0.03779790177941322,0.6660705208778381,-158.26983642578125,68.98804473876953,14.46778678894043,1,1.5377609729766846,30.74750328063965,643.0022583007812,0.4980049133300781,0.44203367829322815,0.43693941831588745,1,-64.85002136230469,32.55475616455078,644.8881225585938,0.6363096237182617,0.4384046792984009,0.44826382398605347,60969429889,2065627590
1,1,1,2.2700347900390625,1,2.4251708984375,1,0.15958262979984283,0.6453635096549988,-116.27184295654297,72.76255798339844,15.841634750366211,1,0.0405450165271759,0.6460442543029785,-157.32249450683594,72.63847351074219,15.796493530273438,1,1.5464602708816528,30.754364013671875,643.0247802734375,0.497986763715744,0.442022442817688,0.43698930740356445,1,-64.84062194824219,32.552101135253906,644.843017578125,0.6363007426261902,0.43840405344963074,0.448164165019989,60969438222,2065635923
1,1,1,2.3164520263671875,1,2.424530029296875,1,0.14947909116744995,0.6373794078826904,-119.75608825683594,74.21790313720703,16.371334075927734,1,0.03568490222096443,0.6750110387802124,-158.99851989746094,67.35836029052734,13.874641418457031,1,1.557212471961975,30.739959716796875,643.0596923828125,0.4979645013809204,0.44205695390701294,0.437063068151474,1,-64.82695007324219,32.54011917114258,644.8458251953125,0.6362717747688293,0.4384292960166931,0.44816550612449646,60969446556,2065644256
1,1,1,2.274261474609375,1,2.3990020751953125,1,0.15686656534671783,0.6175935864448547,-117.20848846435547,77.82452392578125,17.684019088745117,1,0.021697990596294403,0.652113139629364,-163.82196044921875,71.5322494506836,15.393818855285645,1,1.570881724357605,30.746639251708984,642.9912109375,0.4979354739189148,0.44203412532806396,0.4369155168533325,1,-64.80814361572266,32.543907165527344,644.813720703125,0.6362402439117432,0.4384170472621918,0.4480927884578705,60969454890,2065652590
1,1,1,2.291748046875,1,2.3969879150390625,1,0.14984235167503357,0.6338068842887878,-119.63081359863281,74.8691177368164,16.608318328857422,1,0.031631067395210266,0.6489195823669434,-160.39651489257812,72.1143569946289,15.605695724487305,1,1.5890955924987793,30.707958221435547,643.0252685546875,0.4978976547718048,0.44211897253990173,0.436984121799469,1,-64.791259765625,32.52564239501953,644.8531494140625,0.6361958980560303,0.4384603500366211,0.44817158579826355,60969463223,2065660923
1,1,1,2.293487548828125,1,2.36279296875,1,0.14235366880893707,0.622357964515686,-122.21332550048828,76.95606231689453,17.36792755126953,1,0.018935486674308777,0.6555864810943604,-164.77462768554688,70.89910888671875,15.163393020629883,1,1.615760087966919,30.68844223022461,642.9229736328125,0.4978412687778473,0.44214609265327454,0.43675974011421204,1,-64.7636489868164,32.51896286010742,644.8228759765625,0.6361457109451294,0.43847015500068665,0.44809940457344055,60969471556,2065669256
1,1,1,2.2979888916015625,1,2.41937255859375,1,0.14767904579639435,0.6115977168083191,-120.3768539428711,78.91744995117188,18.081878662109375,1,0.026293421164155006,0.6458078026771545,-162.23721313476562,72.68156433105469,15.81214427947998,1,1.642688512802124,30.663326263427734,642.9801025390625,0.4977853000164032,0.44220584630966187,0.4368802309036255,1,-64.7200698852539,32.499271392822266,644.703369140625,0.6360834240913391,0.4384946823120117,0.4478292763233185,60969479891,2065677590
1,1,1,2.2656097412109375,1,2.387451171875,1,0.15863485634326935,0.5948933959007263,-116.59867858886719,81.96234130859375,19.1900691986084,1,0.0290871262550354,0.6461210250854492,-161.27378845214844,72.62448120117188,15.791369438171387,1,1.7162233591079712,30.63323974609375,642.9686279296875,0.49763140082359314,0.44226697087287903,0.43685171008110046,1,-64.68568420410156,32.504966735839844,644.7924194335938,0.6359909176826477,0.43849509954452515,0.44801488518714905,60969488224,2065685923
1,1,1,2.268951416015625,1,2.41778564453125,1,0.204563707113266,0.5950412154197693,-100.75991821289062,81.93540954589844,19.18027114868164,1,0.05908496305346489,0.6378246545791626,-150.9289093017578,74.13671112060547,16.34187889099121,1,1.845420241355896,30.631046295166016,642.934326171875,0.4973607063293457,0.4422672390937805,0.436777800321579,1,-64.55606079101562,32.509185791015625,644.5134887695312,0.6357872486114502,0.4384484589099884,0.4473856985569,60969496557,2065694256
1,1,1,2.2737274169921875,1,2.3797454833984375,1,0.2392776608467102,0.571483850479126,-88.78866577148438,86.22952270507812,20.743139266967773,1,0.08366022258996964,0.6245133876800537,-142.45401000976562,76.56312561035156,17.22498893737793,1,1.9848848581314087,30.616901397705078,643.0478515625,0.49706965684890747,0.4423117935657501,0.43702298402786255,1,-64.4763412475586,32.52047348022461,644.76318359375,0.6355627775192261,0.4384594261646271,0.4479091465473175,60969504891,2065702590
1,1,1,2.258575439453125,1,2.3685150146484375,1,0.229393869638443,0.5882570743560791,-92.19713592529297,83.17203521728516,19.63038444519043,1,0.05471574142575264,0.6349417567253113,-152.43563842773438,74.6622543334961,16.533090591430664,1,2.0469369888305664,30.61001205444336,642.8651123046875,0.49693840742111206,0.44230222702026367,0.43662601709365845,1,-64.40546417236328,32.546630859375,644.6834716796875,0.635434091091156,0.4383944272994995,0.447725772857666,60969513224,2065710923
1,1,1,2.27630615234375,1,2.3958282470703125,1,0.20485253632068634,0.5965303778648376,-100.66030883789062,81.66397094726562,19.08145523071289,1,0.05930732935667038,0.6358467936515808,-150.8522186279297,74.49727630615234,16.473041534423828,1,2.082085609436035,30.594051361083984,642.87548828125,0.4968649744987488,0.4423368275165558,0.43664658069610596,1,-64.37408447265625,32.532310485839844,644.6198120117188,0.6353839039802551,0.43841543793678284,0.447579562664032,60969521560,2065719259
1,1,1,2.2556610107421875,1,2.3932952880859375,1,0.21294774115085602,0.6019822955131531,-97.86865234375,80.6701889038086,18.71969985961914,1,0.07785390317440033,0.627812922000885,-144.4563446044922,75.96173095703125,17.005992889404297,1,2.1263723373413086,30.591398239135742,642.87548828125,0.49677222967147827,0.4423424303531647,0.436646431684494,1,-64.33885192871094,32.532135009765625,644.638671875,0.6353062987327576,0.4384184777736664,0.4476127326488495,60969529894,2065727593
1,1,1,2.242706298828125,1,2.377532958984375,1,0.21743068099021912,0.5866311192512512,-96.32268524169922,83.46839904785156,19.738311767578125,1,0.07104718685150146,0.6177181601524353,-146.80369567871094,77.80182647705078,17.675731658935547,1,2.1644954681396484,30.599454879760742,643.0009765625,0.49669337272644043,0.44234225153923035,0.436920166015625,1,-64.30661010742188,32.53749084472656,644.6563720703125,0.6352350115776062,0.4384098947048187,0.44764482975006104,60969538227,2065735926
1,1,1,2.24578857421875,1,2.359283447265625,1,0.2381386011838913,0.6035379767417908,-89.18148040771484,80.38660430908203,18.6165714263916,1,0.06143297255039215,0.6492739915847778,-150.1191864013672,72.04974365234375,15.5822172164917,1,2.193605661392212,30.59803581237793,643.069580078125,0.49663302302360535,0.4423542320728302,0.43706902861595154,1,-64.27740478515625,32.53681945800781,644.7197265625,0.6351595520973206,0.43841996788978577,0.447775274515152,60969546561,2065744259
1,1,1,2.2405548095703125,1,2.3831329345703125,1,0.23319709300994873,0.5977343916893005,-90.88556671142578,81.44450378417969,19.001577377319336,1,0.055764149874448776,0.645628035068512,-152.07411193847656,72.7143325805664,15.824098587036133,1,2.2160470485687256,30.597644805908203,643.0585327148438,0.4965859651565552,0.44235360622406006,0.437045156955719,1,-64.23823547363281,32.56654357910156,644.69384765625,0.6350840926170349,0.43835487961769104,0.44771528244018555,60969554894,2065752592
1,1,1,2.2405242919921875,1,2.33660888671875,1,0.2183910459280014,0.6106367707252502,-95.99150085449219,79.0926284790039,18.145591735839844,1,0.04413580521941185,0.63796067237854,-156.08419799804688,74.11194610595703,16.33281135559082,1,2.2347335815429688,30.591381072998047,642.9666748046875,0.4965461194515228,0.44235461950302124,0.436845064163208,1,-64.21761322021484,32.57282638549805,644.7327270507812,0.635032057762146,0.4383472502231598,0.4477958381175995,60969563228,2065760926
1,1,1,2.23504638671875,1,2.3525238037109375,1,0.23391517996788025,0.5949369072914124,-90.637939453125,81.95442962646484,19.18716049194336,1,0.0511346198618412,0.6521323919296265,-153.6706085205078,71.52870178222656,15.392574310302734,1,2.25648832321167,30.5881290435791,642.9323120117188,0.49650031328201294,0.4423569142818451,0.4367702305316925,1,-64.19097137451172,32.57673645019531,644.692626953125,0.634986162185669,0.4383336901664734,0.44770413637161255,60969571562,2065769259
1,1,1,2.224090576171875,1,2.3594818115234375,1,0.22390040755271912,0.602851390838623,-94.09158325195312,80.51176452636719,18.662090301513672,1,0.05914510414004326,0.6648178100585938,-150.90817260742188,69.21636962890625,14.550957679748535,1,2.2767438888549805,30.589885711669922,642.9208984375,0.4964578449726105,0.4423518180847168,0.43674594163894653,1,-64.17477416992188,32.592525482177734,644.670166015625,0.6349575519561768,0.43829792737960815,0.4476543962955475,60969579896,2065777593
1,1,1,2.2317047119140625,1,2.4077911376953125,1,0.2145363986492157,0.611154317855835,-97.32080078125,78.9982681274414,18.111236572265625,1,0.07403384149074554,0.6644333600997925,-145.77371215820312,69.28646087646484,14.576502799987793,1,2.2900619506835938,30.58369255065918,642.852294921875,0.4964293837547302,0.4423556923866272,0.43659642338752747,1,-64.15572357177734,32.58972930908203,644.60400390625,0.6349335312843323,0.4382947087287903,0.4475071132183075,60969588229,2065785926
1,1,1,2.22467041015625,1,2.449920654296875,1,0.2247038036584854,0.5931136012077332,-93.81452178955078,82.28678131103516,19.308185577392578,1,0.09929895401000977,0.6940155625343323,-137.06094360351562,63.894142150878906,12.6138334274292,1,2.3027710914611816,30.595550537109375,642.966552734375,0.49640369415283203,0.44234606623649597,0.436845988035202,1,-64.14795684814453,32.61335754394531,644.5936889648438,0.6349197030067444,0.4382443130016327,0.44748654961586,60969596562,2065794259
1,1,1,2.2335968017578125,1,2.390380859375,1,0.21429307758808136,0.6015239953994751,-97.40470886230469,80.75370788574219,18.75019073486328,1,0.059087466448545456,0.6767695546150208,-150.92803955078125,67.03781127929688,13.757967948913574,1,2.3069205284118652,30.593055725097656,642.9320068359375,0.4963947534561157,0.4423467516899109,0.43677061796188354,1,-64.14213562011719,32.61277770996094,644.5731811523438,0.634912371635437,0.43824273347854614,0.447441041469574,60969604897,2065802593
1,1,1,2.2216796875,1,2.4033966064453125,1,0.2174641638994217,0.5938813090324402,-96.31114196777344,82.1468276977539,19.257259368896484,1,0.09145774692296982,0.6882469654083252,-139.76499938964844,64.94568634033203,12.996484756469727,1,2.3077125549316406,30.600704193115234,642.9893188476562,0.4963935911655426,0.44233837723731995,0.43689602613449097,1,-64.13929748535156,32.631107330322266,644.536865234375,0.6349148750305176,0.4381996989250183,0.44736459851264954,60969613230,2065810926
1,1,1,2.226165771484375,1,2.371337890625,1,0.21305035054683685,0.5898019075393677,-97.83326721191406,82.89045715332031,19.527862548828125,1,0.06578444689512253,0.6850857734680176,-148.61854553222656,65.52188110351562,13.206273078918457,1,2.3047399520874023,30.604690551757812,643.0006713867188,0.496399849653244,0.44233158230781555,0.43692123889923096,1,-64.1482162475586,32.64250183105469,644.5701904296875,0.6349256038665771,0.4381806552410126,0.44744011759757996,60969621563,2065819259
1,1,1,2.2715606689453125,1,2.4544830322265625,1,0.22036872804164886,0.6045464277267456,-95.30949401855469,80.2027587890625,18.549715042114258,1,0.08987507224082947,0.6771320700645447,-140.310791015625,66.97171020507812,13.73393726348877,1,2.300384283065796,30.60230255126953,643.0121459960938,0.4964090585708618,0.4423380196094513,0.43694576621055603,1,-64.15023803710938,32.63890838623047,644.5345458984375,0.63493812084198,0.4381832182407379,0.447363018989563,60969629897,2065827593
1,1,1,2.2103729248046875,1,2.3623199462890625,1,0.23291733860969543,0.5873034596443176,-90.9820556640625,83.34587860107422,19.69362449645996,1,0.05895153805613518,0.6693388223648071,-150.97491455078125,68.39228820800781,14.250944137573242,1,2.2926063537597656,30.61948013305664,643.09228515625,0.49642595648765564,0.4423128664493561,0.4371219873428345,1,-64.16000366210938,32.66046905517578,644.5330810546875,0.6349586248397827,0.43813830614089966,0.44736501574516296,60969638231,2065835926
1,1,1,2.2472076416015625,1,2.3679656982421875,1,0.21457169950008392,0.6021917462348938,-97.30862426757812,80.63198852539062,18.705881118774414,1,0.059519506990909576,0.6648687124252319,-150.779052734375,69.20712280273438,14.547510147094727,1,2.28389310836792,30.620254516601562,643.09228515625,0.4964441657066345,0.44231122732162476,0.4371219873428345,1,-64.15428161621094,32.64925003051758,644.4286499023438,0.6349712610244751,0.43814724683761597,0.447136789560318,60969646567,2065844262
1,1,1,2.241943359375,1,2.3567047119140625,1,0.22153180837631226,0.5968540906906128,-94.90839385986328,81.6049575805664,19.059999465942383,1,0.04469148442149162,0.648922324180603,-155.89256286621094,72.11385345458984,15.605517387390137,1,2.273763418197632,30.627777099609375,643.0465698242188,0.49646496772766113,0.4422896206378937,0.43702366948127747,1,-64.16508483886719,32.658203125,644.4485473632812,0.6349890232086182,0.4381313920021057,0.44718337059020996,60969654901,2065852596
1,1,1,2.2279205322265625,1,2.3506927490234375,1,0.22419223189353943,0.5993579626083374,-93.99093627929688,81.14854431152344,18.89389991760254,1,0.04287848249077797,0.6320444941520691,-156.5177764892578,75.19037628173828,16.725278854370117,1,2.262580633163452,30.64832878112793,643.069580078125,0.4964885413646698,0.44224992394447327,0.43707647919654846,1,-64.19120025634766,32.675926208496094,644.561279296875,0.6350168585777283,0.43811002373695374,0.44743481278419495,60969663233,2065860929
1,1,1,2.256683349609375,1,2.341522216796875,1,0.232369527220726,0.5935832262039185,-91.17096710205078,82.201171875,19.277036666870117,1,0.04724260792136192,0.6526694893836975,-155.01280212402344,71.43079376220703,15.35696792602539,1,2.2477424144744873,30.65283203125,643.138427734375,0.49652019143104553,0.442249596118927,0.437226265668869,1,-64.21818542480469,32.68429183959961,644.69482421875,0.6350416541099548,0.43811100721359253,0.44773003458976746,60969671567,2065869262
1,1,1,2.2414703369140625,1,2.341766357421875,1,0.22571274638175964,0.5979345440864563,-93.46658325195312,81.40801239013672,18.988311767578125,1,0.04858825355768204,0.6404698491096497,-154.54873657226562,73.65457916259766,16.16631507873535,1,2.2326126098632812,30.69194221496582,643.137939453125,0.4965516924858093,0.442168265581131,0.43723052740097046,1,-64.25247192382812,32.704715728759766,644.8533935546875,0.6350757479667664,0.43809038400650024,0.4480825662612915,60969679901,2065877596
1,1,1,2.2487335205078125,1,2.3428497314453125,1,0.2224929928779602,0.5993249416351318,-94.57693481445312,81.1545639038086,18.89607810974121,1,0.05387230962514877,0.6492997407913208,-152.7265167236328,72.04505920410156,15.580521583557129,1,2.222655773162842,30.698772430419922,643.1378784179688,0.4965725541114807,0.44215404987335205,0.437231183052063,1,-64.2842788696289,32.713043212890625,644.9886474609375,0.6351101398468018,0.4380916655063629,0.4483824372291565,60969688234,2065885929
1,1,1,2.22613525390625,1,2.35760498046875,1,0.2324487715959549,0.6111904382705688,-91.14363098144531,78.99170684814453,18.10886001586914,1,0.058152373880147934,0.6351351141929626,-151.25051879882812,74.62700653076172,16.520227432250977,1,2.209592580795288,30.725894927978516,643.1492919921875,0.4965999126434326,0.4420992434024811,0.43725958466529846,1,-64.31504821777344,32.73126983642578,645.158447265625,0.6351343393325806,0.4380771517753601,0.44875821471214294,60969696568,2065894262
1,1,1,2.2062530517578125,1,2.3463592529296875,1,0.2219497561454773,0.6157281398773193,-94.76426696777344,78.16455841064453,17.80779457092285,1,0.03985443338751793,0.6171938180923462,-157.56063842773438,77.89739227294922,17.71051597595215,1,2.1990036964416504,30.74129867553711,643.1373901367188,0.4966219663619995,0.4420657157897949,0.43723583221435547,1,-64.31926727294922,32.72930145263672,645.0863037109375,0.6351599097251892,0.4380713105201721,0.448603093624115,60969704902,2065902596
1,1,1,2.2480010986328125,1,2.3715362548828125,1,0.22959831357002258,0.6271442174911499,-92.12663269042969,76.08362579345703,17.05036163330078,1,0.0658598393201828,0.6530885696411133,-148.59254455566406,71.35442352294922,15.32909107208252,1,2.1896703243255615,30.743087768554688,643.12646484375,0.4966413676738739,0.4420605003833771,0.43721234798431396,1,-64.32965087890625,32.732032775878906,645.1205444335938,0.6351734399795532,0.4380703568458557,0.44867950677871704,60969713235,2065910929
1,1,1,2.24444580078125,1,2.3858489990234375,1,0.22687256336212158,0.6265978813171387,-93.06661987304688,76.18318176269531,17.086694717407227,1,0.06489142030477524,0.6601642370223999,-148.92652893066406,70.06465911865234,14.859671592712402,1,2.1846394538879395,30.77288246154785,643.1260375976562,0.49665185809135437,0.44199854135513306,0.4372153878211975,1,-64.32789611816406,32.73850631713867,645.0253295898438,0.6351920366287231,0.43804383277893066,0.448474645614624,60969721568,2065919262
1,1,1,2.2655029296875,1,2.386138916015625,1,0.22332948446273804,0.6276563405990601,-94.28845977783203,75.9902572631836,17.016420364379883,1,0.0859888419508934,0.6434538960456848,-141.65098571777344,73.11064910888672,15.968343734741211,1,2.1796860694885254,30.743967056274414,643.103515625,0.4966621398925781,0.4420556128025055,0.4371625781059265,1,-64.33322143554688,32.7352180480957,645.060302734375,0.6351950168609619,0.43805545568466187,0.44855067133903503,60969729902,2065927595
1,1,1,2.22613525390625,1,2.357452392578125,1,0.22269515693187714,0.6145782470703125,-94.50720977783203,78.37416076660156,17.884084701538086,1,0.06029437109827995,0.6427611708641052,-150.51182556152344,73.2369155883789,16.01431655883789,1,2.178382396697998,30.73282241821289,643.10400390625,0.4966648817062378,0.4420788288116455,0.43716204166412354,1,-64.33605194091797,32.73783874511719,645.0950927734375,0.6351926922798157,0.43805480003356934,0.448626846075058,60969738236,2065935929
1,1,1,2.230438232421875,1,2.3780517578125,1,0.21959152817726135,0.614313542842865,-95.57752227783203,78.42243194580078,17.901599884033203,1,0.06234069541096687,0.6310465931892395,-149.80615234375,75.37224578857422,16.791547775268555,1,2.1834335327148438,30.723535537719727,643.1265869140625,0.4966545104980469,0.4421011209487915,0.437209814786911,1,-64.33045959472656,32.73822021484375,645.08447265625,0.6351836323738098,0.43805256485939026,0.4486028254032135,60969746569,2065944262
1,1,1,2.2612762451171875,1,2.354888916015625,1,0.24278129637241364,0.6122124195098877,-87.5804214477539,78.80541229248047,18.041074752807617,1,0.05675090476870537,0.6142220497131348,-151.7338104248047,78.43905639648438,17.907808303833008,1,2.226557493209839,30.691614151000977,643.20654296875,0.49656495451927185,0.44217798113822937,0.43737927079200745,1,-64.28182983398438,32.726932525634766,644.8243408203125,0.635143518447876,0.43804028630256653,0.44802922010421753,60969754902,2065952595
1,1,1,2.210968017578125,1,2.3604278564453125,1,0.26574045419692993,0.592666745185852,-79.66284942626953,82.36824798583984,19.337825775146484,1,0.11572752892971039,0.6423340439796448,-131.3954620361328,73.31478118896484,16.042640686035156,1,2.311455488204956,30.694507598876953,643.1837158203125,0.4963870942592621,0.4421691596508026,0.4373306930065155,1,-64.22006225585938,32.754398345947266,644.8124389648438,0.6350178122520447,0.43798187375068665,0.44799432158470154,60969763237,2065960929
1,1,1,2.195587158203125,1,2.37811279296875,1,0.2801830768585205,0.5802688598632812,-74.68224334716797,84.62815856933594,20.160341262817383,1,0.0997564047574997,0.619084894657135,-136.90318298339844,77.55268096923828,17.58510971069336,1,2.3725574016571045,30.6380615234375,643.2296142578125,0.49625977873802185,0.4422924518585205,0.43742305040359497,1,-64.15631866455078,32.72309875488281,644.6029052734375,0.6349344253540039,0.4380180537700653,0.44752395153045654,60969771570,2065969262
1,1,1,2.229278564453125,1,2.2992401123046875,1,0.2649952471256256,0.5916731357574463,-79.91984558105469,82.54933166503906,19.403770446777344,1,0.08625312894582748,0.6433613896369934,-141.55984497070312,73.12749481201172,15.974474906921387,1,2.3886470794677734,30.617979049682617,643.2510986328125,0.49622634053230286,0.4423370063304901,0.437467098236084,1,-64.14190673828125,32.712379455566406,644.5821533203125,0.6349093914031982,0.4380374550819397,0.4474745988845825,60969779906,2065977598
1,1,1,2.2094268798828125,1,2.3672943115234375,1,0.28058505058288574,0.6041590571403503,-74.54364013671875,80.2734146118164,18.57533073425293,1,0.11322484910488129,0.6573384404182434,-132.25852966308594,70.5797348022461,15.047165870666504,1,2.394958972930908,30.61060333251953,643.2745361328125,0.49621331691741943,0.4423553943634033,0.437516987323761,1,-64.13078308105469,32.6901969909668,644.5260009765625,0.6348994970321655,0.4380757212638855,0.4473477602005005,60969788240,2065985932
1,1,1,2.2317047119140625,1,2.359100341796875,1,0.26924988627433777,0.6241931319236755,-78.4526138305664,76.62155151367188,17.246158599853516,1,0.11196745187044144,0.6311230659484863,-132.692138671875,75.35833740234375,16.78640365600586,1,2.4035489559173584,30.602706909179688,643.297119140625,0.49619558453559875,0.4423747658729553,0.437564879655838,1,-64.12640380859375,32.66875457763672,644.5852661132812,0.6348766088485718,0.4381283223628998,0.4474716782569885,60969796574,2065994265
1,1,1,2.1800689697265625,1,2.3433685302734375,1,0.28004178404808044,0.6274094581604004,-74.73098754882812,76.03524780273438,17.03282928466797,1,0.10862410068511963,0.6393864750862122,-133.84510803222656,73.85205841064453,16.23819923400879,1,2.4153242111206055,30.59613037109375,643.3087768554688,0.4961710572242737,0.44238999485969543,0.4375894367694855,1,-64.1180419921875,32.659934997558594,644.6455078125,0.6348451972007751,0.4381549060344696,0.44759878516197205,60969804907,2066002598
1,1,1,2.1974945068359375,1,2.3601226806640625,1,0.27296143770217896,0.6135384440422058,-77.17266845703125,78.56370544433594,17.953060150146484,1,0.09472043067216873,0.6539058685302734,-138.63986206054688,71.20545196533203,15.274894714355469,1,2.4241559505462646,30.557064056396484,643.3099365234375,0.4961526095867157,0.4424712061882019,0.43758663535118103,1,-64.12506103515625,32.635459899902344,644.808349609375,0.6348218321800232,0.43822798132896423,0.44794827699661255,60969813241,2066010932
1,1,1,2.18414306640625,1,2.392333984375,1,0.2712349593639374,0.5934094786643982,-77.76805877685547,82.23287200927734,19.288516998291016,1,0.11140411347150803,0.653245210647583,-132.88641357421875,71.32585906982422,15.318709373474121,1,2.433773994445801,30.517271041870117,643.343994140625,0.49613291025161743,0.44255831837654114,0.43765512108802795,1,-64.112060546875,32.614463806152344,644.7993774414062,0.6347969770431519,0.4382702708244324,0.44792309403419495,60969821574,2066019265
1,1,1,2.2069549560546875,1,2.3426513671875,1,0.27026501297950745,0.6033912897109985,-78.1025390625,80.413330078125,18.626327514648438,1,0.0929347351193428,0.6498842239379883,-139.2556610107422,71.93849182128906,15.541753768920898,1,2.4412660598754883,30.488449096679688,643.3673706054688,0.4961174726486206,0.4426212012767792,0.437701940536499,1,-64.10232543945312,32.591888427734375,644.8021240234375,0.63477623462677,0.4383174777030945,0.4479237496852875,60969829907,2066027598
1,1,1,2.2106475830078125,1,2.3802947998046875,1,0.2635335922241211,0.6012384295463562,-80.42390441894531,80.80577850341797,18.769134521484375,1,0.10826393961906433,0.6451611518859863,-133.9693145751953,72.7994613647461,15.855034828186035,1,2.4481258392333984,30.45576286315918,643.3787841796875,0.49610328674316406,0.44269058108329773,0.437722384929657,1,-64.09950256347656,32.579341888427734,644.9074096679688,0.6347458362579346,0.438357949256897,0.448148638010025,60969838241,2066035932
1,1,1,2.2236175537109375,1,2.392913818359375,1,0.27267327904701233,0.5922959446907043,-77.27203369140625,82.43582916259766,19.36240005493164,1,0.1399649679660797,0.660801887512207,-123.0370864868164,69.94844818115234,14.817307472229004,1,2.4538278579711914,30.459182739257812,643.4133911132812,0.49609169363975525,0.44268798828125,0.437797874212265,1,-64.09310150146484,32.58391189575195,644.9555053710938,0.6347213387489319,0.43835505843162537,0.44825175404548645,60969846574,2066044265
1,1,1,2.2047576904296875,1,2.361175537109375,1,0.2766801118850708,0.6017417907714844,-75.89027404785156,80.71402740478516,18.735689163208008,1,0.11103963106870651,0.6501380801200867,-133.01211547851562,71.89227294921875,15.5248384475708,1,2.4597039222717285,30.445720672607422,643.4934692382812,0.49608010053634644,0.44272637367248535,0.43796998262405396,1,-64.08845520019531,32.57164001464844,644.9913940429688,0.6347033977508545,0.4383854269981384,0.44832658767700195,60969854908,2066052598
1,1,1,2.242279052734375,1,2.32391357421875,1,0.2646101713180542,0.6094970107078552,-80.05265045166016,79.3003921508789,18.22119140625,1,0.10184944421052933,0.6525972485542297,-136.18138122558594,71.4439926147461,15.361686706542969,1,2.4678049087524414,30.449060440063477,643.504638671875,0.496063232421875,0.4427209496498108,0.43799465894699097,1,-64.07679748535156,32.5739860534668,645.005859375,0.6346758008003235,0.4383825659751892,0.44835564494132996,60969863242,2066060932
1,1,1,2.2221527099609375,1,2.3320465087890625,1,0.2707977592945099,0.5905705094337463,-77.91881561279297,82.7503433227539,19.476884841918945,1,0.10135861486196518,0.6365307569503784,-136.35064697265625,74.37263488769531,16.427623748779297,1,2.4722654819488525,30.44669532775879,643.5386962890625,0.4960542321205139,0.4427303075790405,0.43806830048561096,1,-64.07513427734375,32.57084655761719,645.0528564453125,0.6346613764762878,0.43839552998542786,0.448456346988678,60969871575,2066069265
1,1,1,2.228271484375,1,2.431549072265625,1,0.27299514412879944,0.6042712926864624,-77.16104888916016,80.25292205810547,18.567930221557617,1,0.14374397695064545,0.6674919724464417,-121.73387145996094,68.72895050048828,14.373468399047852,1,2.473540782928467,30.440052032470703,643.5615234375,0.49605172872543335,0.4427470564842224,0.4381168484687805,1,-64.0665054321289,32.55896759033203,645.0546875,0.6346430778503418,0.4384203553199768,0.448456734418869,60969879908,2066077598
1,1,1,2.194305419921875,1,2.329071044921875,1,0.2631763517856598,0.6003807783126831,-80.54708862304688,80.96208190917969,18.826032638549805,1,0.09636711329221725,0.6338584423065186,-138.07199096679688,74.85974884033203,16.604936599731445,1,2.47847056388855,30.44414520263672,643.5848388671875,0.4960416257381439,0.44274160265922546,0.43816807866096497,1,-64.06303405761719,32.56090545654297,645.0321655273438,0.6346411108970642,0.43841326236724854,0.4484076499938965,60969888243,2066085932
1,1,1,2.214874267578125,1,2.3634033203125,1,0.275823712348938,0.5957174897193909,-76.18560028076172,81.81214141845703,19.135393142700195,1,0.11299806088209152,0.6487696766853333,-132.33673095703125,72.14166259765625,15.615686416625977,1,2.4790191650390625,30.44233512878418,643.5732421875,0.496040403842926,0.44274386763572693,0.4381425976753235,1,-64.06175231933594,32.558815002441406,645.05712890625,0.6346326470375061,0.43842101097106934,0.44846099615097046,60969896576,2066094265
1,1,1,2.2134246826171875,1,2.3693084716796875,1,0.2681536376476288,0.6145560145378113,-78.83065032958984,78.37821197509766,17.88558006286621,1,0.1151551902294159,0.6471927165985107,-131.59283447265625,72.42911529541016,15.720304489135742,1,2.4816815853118896,30.440692901611328,643.618896484375,0.49603521823883057,0.44275322556495667,0.43824145197868347,1,-64.060791015625,32.55125045776367,645.067626953125,0.6346282958984375,0.43843814730644226,0.44848233461380005,60969904909,2066102598
1,1,1,2.2541046142578125,1,2.335723876953125,1,0.26873019337654114,0.6178058981895447,-78.63182830810547,77.78583526611328,17.669939041137695,1,0.09857934713363647,0.6216189861297607,-137.30908203125,77.09075164794922,17.4169921875,1,2.4879419803619385,30.44072723388672,643.6417846679688,0.49602237343788147,0.44275614619255066,0.43829119205474854,1,-64.05734252929688,32.55147933959961,645.1039428710938,0.6346126198768616,0.4384426176548004,0.44855996966362,60969913247,2066110935
1,1,1,2.165252685546875,1,2.378662109375,1,0.27890586853027344,0.5902207493782043,-75.12269592285156,82.8140869140625,19.500118255615234,1,0.13081976771354675,0.655737578868866,-126.19082641601562,70.87155151367188,15.153359413146973,1,2.490055799484253,30.445865631103516,643.6988525390625,0.4960184097290039,0.4427529275417328,0.4384157955646515,1,-64.05248260498047,32.55278396606445,645.104736328125,0.6346023678779602,0.4384400546550751,0.448560893535614,60969921580,2066119268
1,1,1,2.2198944091796875,1,2.3712310791015625,1,0.27362269163131714,0.602801501750946,-76.94463348388672,80.52083587646484,18.66544532775879,1,0.13452422618865967,0.6636353731155396,-124.91333770751953,69.43192291259766,14.629349708557129,1,2.4964470863342285,30.448835372924805,643.721435546875,0.4960052967071533,0.4427497088909149,0.4384651482105255,1,-64.04580688476562,32.5544319152832,645.0943603515625,0.6345908641815186,0.43843522667884827,0.4485374093055725,60969929913,2066127601
1,1,1,2.195404052734375,1,2.3837890625,1,0.26684993505477905,0.5963723063468933,-79.2802505493164,81.69277954101562,19.091978073120117,1,0.11706428974866867,0.6569059491157532,-130.93447875976562,70.65858459472656,15.075788497924805,1,2.5021262168884277,30.451736450195312,643.7330322265625,0.4959935247898102,0.4427452087402344,0.43849074840545654,1,-64.04048156738281,32.555667877197266,645.1177368164062,0.6345744132995605,0.4384359121322632,0.44858676195144653,60969938247,2066135935
1,1,1,2.219482421875,1,2.3231964111328125,1,0.2516928017139435,0.6105167865753174,-84.50725555419922,79.114501953125,18.153532028198242,1,0.1038414016366005,0.6373891234397888,-135.4944610595703,74.21614837646484,16.37067222595215,1,2.512282609939575,30.459503173828125,643.73291015625,0.49597224593162537,0.442729115486145,0.43849170207977295,1,-64.02799987792969,32.564292907714844,645.0855712890625,0.6345559358596802,0.4384136199951172,0.44851604104042053,60969946581,2066144268
1,1,1,2.2097625732421875,1,2.3619384765625,1,0.27438753843307495,0.5871869325637817,-76.68086242675781,83.36710357666016,19.701383590698242,1,0.1300545036792755,0.6477221250534058,-126.45475006103516,72.33264923095703,15.685114860534668,1,2.5236690044403076,30.458057403564453,643.7099609375,0.4959482252597809,0.442729115486145,0.43844181299209595,1,-64.01283264160156,32.560455322265625,645.0771484375,0.6345263719558716,0.43842047452926636,0.448494017124176,60969954914,2066152601
1,1,1,2.217620849609375,1,2.3763580322265625,1,0.26867854595184326,0.607398509979248,-78.64964294433594,79.68289184570312,18.360456466674805,1,0.12360022217035294,0.6477996706962585,-128.68052673339844,72.31849670410156,15.679988861083984,1,2.5380406379699707,30.479904174804688,643.6990966796875,0.49591806530952454,0.4426824450492859,0.438421368598938,1,-63.9952507019043,32.580238342285156,645.0443115234375,0.6344974637031555,0.4383750259876251,0.44842225313186646,60969963248,2066160935
1,1,1,2.2277679443359375,1,2.3528289794921875,1,0.275775671005249,0.5996370315551758,-76.20215606689453,81.09768676757812,18.87535285949707,1,0.1221899464726448,0.6646980047225952,-129.1668701171875,69.23822021484375,14.558880805969238,1,2.5514817237854004,30.490741729736328,643.733154296875,0.4958902895450592,0.44266441464424133,0.43849673867225647,1,-63.97193145751953,32.58095932006836,644.991455078125,0.6344613432884216,0.4383663237094879,0.44830334186553955,60969971581,2066169268
1,1,1,2.191253662109375,1,2.34124755859375,1,0.27618607878685,0.5998795628547668,-76.06063842773438,81.05345916748047,18.85926055908203,1,0.11552814394235611,0.6560192108154297,-131.4642333984375,70.8201904296875,15.134711265563965,1,2.568051815032959,30.50465202331543,643.77880859375,0.49585598707199097,0.44264155626296997,0.43859782814979553,1,-63.9527587890625,32.5919303894043,645.00634765625,0.6344179511070251,0.43834567070007324,0.44833293557167053,60969979914,2066177601
1,1,1,2.220703125,1,2.3415985107421875,1,0.27543631196022034,0.6203647255897522,-76.31919860839844,77.31938171386719,17.500173568725586,1,0.11022204905748367,0.6536630988121033,-133.29405212402344,71.24969482421875,15.291015625,1,2.590223789215088,30.543745040893555,643.77783203125,0.4958095848560333,0.4425604045391083,0.4386012852191925,1,-63.930686950683594,32.62691116333008,644.976806640625,0.6343787908554077,0.4382691979408264,0.4482695162296295,60969988248,2066185935
1,1,1,2.1708526611328125,1,2.377227783203125,1,0.2726902961730957,0.6013796925544739,-77.26616668701172,80.78001403808594,18.759748458862305,1,0.12464794516563416,0.6651870608329773,-128.3192138671875,69.14909362792969,14.526383399963379,1,2.6103339195251465,30.536441802978516,643.7210083007812,0.4957670569419861,0.44256818294525146,0.43847721815109253,1,-63.90678024291992,32.620635986328125,644.9337768554688,0.6343392133712769,0.43827635049819946,0.44817066192626953,60969996581,2066194268
1,1,1,2.1591796875,1,2.374420166015625,1,0.2745787501335144,0.6143472790718079,-76.61492919921875,78.4162826538086,17.899391174316406,1,0.12398555129766464,0.6674143075942993,-128.5476531982422,68.74308776855469,14.37869644165039,1,2.635453939437866,30.554052352905273,643.6404418945312,0.4957137405872345,0.4425211250782013,0.43830499053001404,1,-63.88811492919922,32.649261474609375,644.9854125976562,0.6342883110046387,0.438224196434021,0.44828227162361145,60970004915,2066202601
1,1,1,2.183990478515625,1,2.33599853515625,1,0.27819299697875977,0.6204484701156616,-75.36854553222656,77.30411529541016,17.494651794433594,1,0.12316921353340149,0.6777478456497192,-128.8291778564453,66.8594741821289,13.693096160888672,1,2.657498598098755,30.565532684326172,643.6747436523438,0.4956679344177246,0.44250184297561646,0.43838128447532654,1,-63.86670684814453,32.666568756103516,644.988037109375,0.6342431902885437,0.43818867206573486,0.448285847902298,60970013249,2066210935
1,1,1,2.20330810546875,1,2.3267974853515625,1,0.26634156703948975,0.6376788020133972,-79.45556640625,74.16336059570312,16.351451873779297,1,0.11007266491651535,0.6604869961738586,-133.34556579589844,70.00580596923828,14.83825969696045,1,2.705399513244629,30.56118392944336,643.7318115234375,0.4955683946609497,0.4425184428691864,0.43850481510162354,1,-63.84261703491211,32.686702728271484,645.11083984375,0.6341645121574402,0.4381639063358307,0.44854870438575745,60970021582,2066219268
1,1,1,2.1519622802734375,1,2.2855072021484375,1,0.30761078000068665,0.5861351490020752,-65.22368621826172,83.55883026123047,19.771181106567383,1,0.10978694260120392,0.6254236698150635,-133.44410705566406,76.39724731445312,17.16454315185547,1,2.8238296508789062,30.592077255249023,643.684814453125,0.49532026052474976,0.4424484074115753,0.438408225774765,1,-63.701900482177734,32.699153900146484,644.856201171875,0.6339312791824341,0.43810343742370605,0.4479711055755615,60970029916,2066227601
1,1,1,2.179962158203125,1,2.296844482421875,1,0.3217068910598755,0.6080845594406128,-60.362586975097656,79.5578384399414,18.314918518066406,1,0.14467063546180725,0.6103837490081787,-121.41431427001953,79.13875579833984,18.16237449645996,1,2.9299087524414062,30.591064453125,643.7529907226562,0.4950992166996002,0.4424596428871155,0.43855708837509155,1,-63.627655029296875,32.710914611816406,644.90673828125,0.6337652206420898,0.4380861222743988,0.4480661153793335,60970038250,2066235935
1,1,1,2.178070068359375,1,2.3056182861328125,1,0.32844826579093933,0.6227787733078003,-58.03779602050781,76.87937927246094,17.33999252319336,1,0.1484178602695465,0.5930964946746826,-120.12205505371094,82.2898941040039,19.309310913085938,1,2.9964122772216797,30.600357055664062,643.8094482421875,0.4949607849121094,0.44244787096977234,0.438681423664093,1,-63.56040954589844,32.714210510253906,644.8721923828125,0.6336334943771362,0.4380747377872467,0.44797801971435547,60970046586,2066244271
1,1,1,2.1643524169921875,1,2.2978363037109375,1,0.32881566882133484,0.6304047703742981,-57.91109085083008,75.48926544189453,16.83407974243164,1,0.14699634909629822,0.5803034901618958,-120.61227416992188,84.621826171875,20.158050537109375,1,3.0346028804779053,30.582202911376953,643.70654296875,0.49487993121147156,0.4424721598625183,0.43845611810684204,1,-63.53325653076172,32.72150421142578,644.9005737304688,0.6335704922676086,0.4380635619163513,0.44803452491760254,60970054919,2066252604
1,1,1,2.169921875,1,2.28167724609375,1,0.3285767138004303,0.6228600144386292,-57.99350357055664,76.86454010009766,17.334657669067383,1,0.15073800086975098,0.5930236577987671,-119.32196044921875,82.30318450927734,19.314157485961914,1,3.0679385662078857,30.55977439880371,643.6837768554688,0.49480998516082764,0.4425158202648163,0.43840399384498596,1,-63.514678955078125,32.72575759887695,645.009765625,0.6335066556930542,0.43806979060173035,0.44826701283454895,60970063254,2066260938
1,1,1,2.1783905029296875,1,2.3247528076171875,1,0.3362521827220917,0.6302669048309326,-55.346580505371094,75.514404296875,16.84320068359375,1,0.16467612981796265,0.625888466835022,-114.51532745361328,76.31251525878906,17.13373374938965,1,3.1068215370178223,30.55876922607422,643.7518310546875,0.49472948908805847,0.44252684712409973,0.4385519325733185,1,-63.47673034667969,32.73491668701172,645.0186767578125,0.6334257125854492,0.43805208802223206,0.448279470205307,60970071587,2066269271
1,1,1,2.1674652099609375,1,2.3155517578125,1,0.3244165778160095,0.6093873977661133,-59.42813491821289,79.32036590576172,18.228464126586914,1,0.15393491089344025,0.6176271438598633,-118.21949768066406,77.81842041015625,17.681781768798828,1,3.1471352577209473,30.537757873535156,643.6947021484375,0.4946445822715759,0.4425630569458008,0.4384254813194275,1,-63.40763854980469,32.722042083740234,644.8192138671875,0.6333282589912415,0.4380515515804291,0.4478325843811035,60970079920,2066277604
1,1,1,2.2085418701171875,1,2.247802734375,1,0.32385754585266113,0.6058390736579895,-59.620914459228516,79.9671630859375,18.4638671875,1,0.1333850473165512,0.589297890663147,-125.30619049072266,82.98234558105469,19.56124496459961,1,3.1897497177124023,30.51739501953125,643.69482421875,0.49455559253692627,0.4426053762435913,0.4384234845638275,1,-63.367889404296875,32.72343444824219,644.9321899414062,0.6332196593284607,0.43806424736976624,0.448068231344223,60970088254,2066285937
1,1,1,2.1527557373046875,1,2.2862396240234375,1,0.30973273515701294,0.5974245667457581,-64.49192810058594,81.5009994506836,19.022117614746094,1,0.1550275832414627,0.6056848764419556,-117.84266662597656,79.9952621459961,18.474136352539062,1,3.231623649597168,30.511363983154297,643.8091430664062,0.49446937441825867,0.44263291358947754,0.4386710822582245,1,-63.344390869140625,32.731510162353516,645.078125,0.6331371665000916,0.43806758522987366,0.4483795166015625,60970096588,2066294271
1,1,1,2.1625518798828125,1,2.263092041015625,1,0.3242120146751404,0.5980837345123291,-59.498680114746094,81.38081359863281,18.978412628173828,1,0.15129677951335907,0.5948525071144104,-119.12925720214844,81.96979522705078,19.192794799804688,1,3.2728371620178223,30.49042510986328,643.6715698242188,0.4943816363811493,0.4426584243774414,0.43837013840675354,1,-63.304176330566406,32.73373794555664,644.9798583984375,0.6330761909484863,0.4380495548248291,0.44815924763679504,60970104921,2066302604
1,1,1,2.1878204345703125,1,2.292449951171875,1,0.32351207733154297,0.5907885432243347,-59.740055084228516,82.71060943603516,19.462390899658203,1,0.1535845845937729,0.6053311228752136,-118.34030151367188,80.05977630615234,18.497554779052734,1,3.309974431991577,30.473716735839844,643.6481323242188,0.49430376291275024,0.4426901042461395,0.4383174777030945,1,-63.251792907714844,32.728572845458984,644.849853515625,0.6329973936080933,0.4380424916744232,0.44786694645881653,60970113255,2066310938
1,1,1,2.164703369140625,1,2.2990570068359375,1,0.32437944412231445,0.586965799331665,-59.44094467163086,83.40740966796875,19.716073989868164,1,0.134831041097641,0.6050968170166016,-124.80754089355469,80.10245513916016,18.513160705566406,1,3.348984718322754,30.481033325195312,643.7623291015625,0.49422356486320496,0.4426899254322052,0.438566654920578,1,-63.1890869140625,32.74203109741211,644.827392578125,0.6328721642494202,0.43801164627075195,0.447807252407074,60970121587,2066319271
1,1,1,2.1233978271484375,1,2.2934722900390625,1,0.3255881667137146,0.5808937549591064,-59.02410125732422,84.51422119140625,20.118928909301758,1,0.1354442536830902,0.6038689017295837,-124.59607696533203,80.32628631591797,18.594572067260742,1,3.3901877403259277,30.466161727905273,643.6939697265625,0.49413660168647766,0.4427119493484497,0.4384167194366455,1,-63.14278793334961,32.739959716796875,644.7774047851562,0.6327875256538391,0.4380091726779938,0.4476892948150635,60970129920,2066327604
1,1,1,2.177978515625,1,2.291412353515625,1,0.319953054189682,0.5894254446029663,-60.967403411865234,82.95905303955078,19.55286407470703,1,0.13385328650474548,0.624744176864624,-125.14470672607422,76.5210952758789,17.209646224975586,1,3.4274425506591797,30.477371215820312,643.8082275390625,0.4940601587295532,0.4427036941051483,0.43866658210754395,1,-63.11367416381836,32.76597213745117,644.9111938476562,0.6326960921287537,0.43797367811203003,0.44797587394714355,60970138254,2066335938
1,1,1,2.1775360107421875,1,2.3129119873046875,1,0.3329513370990753,0.5881892442703247,-56.48488235473633,83.18440246582031,19.63485336303711,1,0.13896574079990387,0.6213881969451904,-123.38166809082031,77.1328353881836,17.432226181030273,1,3.462355613708496,30.483848571777344,643.750732421875,0.49398642778396606,0.44268277287483215,0.4385431706905365,1,-63.07037353515625,32.76828384399414,644.7561645507812,0.6326417326927185,0.43794769048690796,0.447632372379303,60970146587,2066344271
1,1,1,2.146759033203125,1,2.319580078125,1,0.320516973733902,0.592359721660614,-60.77293395996094,82.4241943359375,19.358196258544922,1,0.14179129898548126,0.6263148784637451,-122.40725708007812,76.23478698730469,17.105382919311523,1,3.4932165145874023,30.487749099731445,643.6471557617188,0.4939206540584564,0.4426612854003906,0.4383193254470825,1,-63.02867126464844,32.78187561035156,644.7052001953125,0.6325667500495911,0.43791258335113525,0.447515606880188,60970154920,2066352604
1,1,1,2.1896820068359375,1,2.2747802734375,1,0.3332577645778656,0.6035854816436768,-56.37921142578125,80.37793731689453,18.61342430114746,1,0.1415114849805832,0.6253061890602112,-122.50375366210938,76.41865539550781,17.172277450561523,1,3.521334171295166,30.50883674621582,643.68115234375,0.49386224150657654,0.44262197613716125,0.43839627504348755,1,-63.0023193359375,32.80432891845703,644.757568359375,0.6324998140335083,0.43787333369255066,0.4476262629032135,60970163254,2066360938
1,1,1,2.182708740234375,1,2.2855682373046875,1,0.32813534140586853,0.6193479895591736,-58.14570236206055,77.50473022460938,17.56760597229004,1,0.13601434230804443,0.6264622211456299,-124.39948272705078,76.20792388916016,17.09566307067871,1,3.547677993774414,30.531618118286133,643.7493286132812,0.49380800127983093,0.44258370995521545,0.43854767084121704,1,-62.9782829284668,32.82828140258789,644.8089599609375,0.6324380040168762,0.43783077597618103,0.4477357268333435,60970171587,2066369271
1,1,1,2.1470489501953125,1,2.2864990234375,1,0.3220920264720917,0.6005119681358337,-60.229774475097656,80.93821716308594,18.817283630371094,1,0.13309010863304138,0.6011655926704407,-125.40791320800781,80.81904602050781,18.773950576782227,1,3.5669054985046387,30.55631446838379,643.714599609375,0.49376729130744934,0.4425279498100281,0.43847590684890747,1,-62.95564651489258,32.853355407714844,644.8256225585938,0.632387101650238,0.4377811551094055,0.4477706253528595,60970179920,2066377604
1,1,1,2.187347412109375,1,2.2548370361328125,1,0.33469152450561523,0.6427268981933594,-55.8847770690918,73.24315643310547,16.016563415527344,1,0.12292220443487167,0.6419483423233032,-128.9143524169922,73.38506317138672,16.068279266357422,1,3.5847015380859375,30.57046890258789,643.6112060546875,0.49372875690460205,0.44248512387275696,0.438253790140152,1,-62.93562316894531,32.87050247192383,644.7933959960938,0.6323527693748474,0.4377412497997284,0.44769924879074097,60970188254,2066385938
1,1,1,2.1644287109375,1,2.271575927734375,1,0.3305951952934265,0.6384889483451843,-57.297401428222656,74.0156478881836,16.297771453857422,1,0.1295473873615265,0.62205970287323,-126.62963104248047,77.01046752929688,17.387653350830078,1,3.5990772247314453,30.586332321166992,643.59912109375,0.4936985373497009,0.4424506425857544,0.43822988867759705,1,-62.93316650390625,32.89109802246094,644.8759155273438,0.6323286890983582,0.4377099275588989,0.447879821062088,60970196587,2066394271
1,1,1,2.1784210205078125,1,2.2879486083984375,1,0.3340630531311035,0.6420019268989563,-56.10150909423828,73.37532043457031,16.064668655395508,1,0.14429010450839996,0.6391541957855225,-121.54553985595703,73.89440155029297,16.253551483154297,1,3.6129202842712402,30.59326934814453,643.576171875,0.4936692416667938,0.44243326783180237,0.43818119168281555,1,-62.91938018798828,32.89796447753906,644.8431396484375,0.6323074698448181,0.43769121170043945,0.447807252407074,60970204920,2066402604
1,1,1,2.15557861328125,1,2.2625274658203125,1,0.3186352252960205,0.6400922536849976,-61.42185974121094,73.7234115600586,16.19135284423828,1,0.14038272202014923,0.610357940196991,-122.89301300048828,79.1434326171875,18.164106369018555,1,3.63755202293396,30.610523223876953,643.6898193359375,0.4936191737651825,0.4424123764038086,0.43843039870262146,1,-62.91224670410156,32.915836334228516,644.8797607421875,0.6322842240333557,0.43765920400619507,0.4478873908519745,60970213254,2066410938
1,1,1,2.1918792724609375,1,2.2701568603515625,1,0.35571619868278503,0.6392770409584045,-48.63432693481445,73.87200164794922,16.245447158813477,1,0.1726476550102234,0.6196377277374268,-111.76631164550781,77.45191955566406,17.548410415649414,1,3.7026591300964355,30.611303329467773,643.564453125,0.49348142743110657,0.442394495010376,0.438159316778183,1,-62.85712432861328,32.93547058105469,644.8079833984375,0.6321859955787659,0.4376087486743927,0.44772377610206604,60970221587,2066419271
1,1,1,2.15570068359375,1,2.28857421875,1,0.38353779911994934,0.6107732057571411,-39.0399284362793,79.06776428222656,18.136533737182617,1,0.21048571169376373,0.6088550090789795,-98.71770477294922,79.41739654541016,18.2637939453125,1,3.759634017944336,30.622140884399414,643.6552124023438,0.49336346983909607,0.4423840343952179,0.438358336687088,1,-62.81105041503906,32.95936584472656,644.9342041015625,0.6320613026618958,0.4375767409801483,0.4479900896549225,60970229920,2066427604
1,1,1,2.1744384765625,1,2.2743988037109375,1,0.3809117078781128,0.618958592414856,-39.94553756713867,77.57569885253906,17.593469619750977,1,0.22592779994010925,0.610076367855072,-93.39241790771484,79.19476318359375,18.18280601501465,1,3.7779884338378906,30.61843490600586,643.643310546875,0.49332499504089355,0.44239020347595215,0.43833231925964355,1,-62.79888916015625,32.96339416503906,644.9129638671875,0.6320408582687378,0.43756547570228577,0.447942316532135,60970238254,2066435938
1,1,1,2.1607666015625,1,2.2653656005859375,1,0.35850608348846436,0.6214888691902161,-47.672218322753906,77.1144790649414,17.425617218017578,1,0.1930006742477417,0.5973184704780579,-104.74748992919922,81.52031707763672,19.029170989990234,1,3.774700164794922,30.611312866210938,643.6092529296875,0.4933314025402069,0.4424004554748535,0.43825748562812805,1,-62.806236267089844,32.95628356933594,644.9114990234375,0.6320565342903137,0.43758001923561096,0.4479396641254425,60970246587,2066444271
1,1,1,2.1560821533203125,1,2.3097381591796875,1,0.36894768476486206,0.6198644638061523,-44.07138442993164,77.41057586669922,17.533363342285156,1,0.2010694295167923,0.6024354100227356,-101.96492767333984,80.58756256103516,18.689722061157227,1,3.764084815979004,30.610294342041016,643.5978393554688,0.4933534264564514,0.44240108132362366,0.438232421875,1,-62.811973571777344,32.95030212402344,644.898193359375,0.6320714354515076,0.4375905692577362,0.44791126251220703,60970254920,2066452604
1,1,1,2.18817138671875,1,2.2887725830078125,1,0.37110471725463867,0.6412596702575684,-43.3275146484375,73.5106201171875,16.113901138305664,1,0.2008683830499649,0.6157772541046143,-102.0342788696289,78.15563201904297,17.804515838623047,1,3.756539821624756,30.60187530517578,643.5751953125,0.4933689534664154,0.4424155652523041,0.43818199634552,1,-62.81476974487305,32.93580627441406,644.8746337890625,0.6320827603340149,0.43761733174324036,0.44785887002944946,60970263253,2066460937
1,1,1,2.16748046875,1,2.2844085693359375,1,0.3773537874221802,0.6089493632316589,-41.172508239746094,79.40022277832031,18.25748634338379,1,0.19505742192268372,0.6246609687805176,-104.03820037841797,76.53627014160156,17.215106964111328,1,3.74454402923584,30.599246978759766,643.5408935546875,0.49339354038238525,0.4424165189266205,0.43810704350471497,1,-62.8199577331543,32.92706298828125,644.7921752929688,0.6321123838424683,0.4376240670681,0.44768065214157104,60970271586,2066469271
1,1,1,2.140716552734375,1,2.2990264892578125,1,0.3845019042491913,0.6254027485847473,-38.70745849609375,76.40104675292969,17.165935516357422,1,0.1953965574502945,0.616904079914093,-103.92124938964844,77.95020294189453,17.729753494262695,1,3.7271053791046143,30.596261978149414,643.51806640625,0.4934297204017639,0.4424196779727936,0.4380568861961365,1,-62.8151969909668,32.90582275390625,644.5360107421875,0.6321612000465393,0.4376327097415924,0.44712352752685547,60970279919,2066477604
1,1,1,2.1639556884765625,1,2.311859130859375,1,0.36471807956695557,0.6181179285049438,-45.52998733520508,77.72895050048828,17.649253845214844,1,0.17983075976371765,0.621256947517395,-109.28919982910156,77.15677642822266,17.440967559814453,1,3.7126240730285645,30.59099006652832,643.483642578125,0.4934595227241516,0.44242608547210693,0.43798136711120605,1,-62.82473373413086,32.882530212402344,644.3583374023438,0.6322217583656311,0.4376564621925354,0.44673848152160645,60970288252,2066485937
1,1,1,2.19183349609375,1,2.298492431640625,1,0.39208757877349854,0.6525202393531799,-36.091487884521484,71.4580078125,15.366823196411133,1,0.2016567587852478,0.6314947009086609,-101.76240539550781,75.29060363769531,16.761756896972656,1,3.6936841011047363,30.595909118652344,643.4951782226562,0.4934993088245392,0.44241735339164734,0.43800684809684753,1,-62.8387336730957,32.869110107421875,644.193359375,0.6322888731956482,0.43766146898269653,0.44638338685035706,60970296586,2066494271
1,1,1,2.143768310546875,1,2.2568206787109375,1,0.37324124574661255,0.6249986886978149,-42.59073257446289,76.4747085571289,17.1927547454834,1,0.2026689201593399,0.6300488710403442,-101.41336822509766,75.55413055419922,16.857704162597656,1,3.668712615966797,30.59423065185547,643.5299682617188,0.49355199933052063,0.44242534041404724,0.43808168172836304,1,-62.869991302490234,32.86469268798828,644.2225341796875,0.6323471069335938,0.4376745820045471,0.44645214080810547,60970304923,2066502608
1,1,1,2.1580657958984375,1,2.255828857421875,1,0.3861328363418579,0.6264915466308594,-38.14502716064453,76.20257568359375,17.093725204467773,1,0.2061774730682373,0.6137042045593262,-100.20340728759766,78.53348541259766,17.94207191467285,1,3.6360864639282227,30.595508575439453,643.46142578125,0.4936193525791168,0.44241365790367126,0.4379328191280365,1,-62.90223693847656,32.860469818115234,644.168212890625,0.6324267983436584,0.4376757740974426,0.44634106755256653,60970313256,2066510941
1,1,1,2.1373748779296875,1,2.2599945068359375,1,0.3659811019897461,0.6240203976631165,-45.09443664550781,76.65303802490234,17.25764274597168,1,0.20826947689056396,0.616234540939331,-99.48197937011719,78.07225036621094,17.774227142333984,1,3.6106016635894775,30.590242385864258,643.392578125,0.4936717450618744,0.4424155354499817,0.437782347202301,1,-62.9274787902832,32.857940673828125,644.2332763671875,0.6324642896652222,0.43768998980522156,0.4464865028858185,60970321590,2066519275
1,1,1,2.147857666015625,1,2.2772064208984375,1,0.36968669295310974,0.6185802817344666,-43.81653594970703,77.64464569091797,17.61860466003418,1,0.2052459716796875,0.6157771348953247,-100.52464294433594,78.15563201904297,17.804561614990234,1,3.577549934387207,30.59592628479004,643.450439453125,0.49374163150787354,0.44241124391555786,0.437908411026001,1,-62.967498779296875,32.8606071472168,644.3648681640625,0.6325173377990723,0.4377025365829468,0.4467793405056,60970329923,2066527608
1,1,1,2.147064208984375,1,2.295379638671875,1,0.3818395435810089,0.6150498986244202,-39.625572204589844,78.28816986083984,17.852827072143555,1,0.20205481350421906,0.6318938732147217,-101.62512969970703,75.21784973144531,16.735267639160156,1,3.541691303253174,30.60502052307129,643.4393310546875,0.49381640553474426,0.4423908591270447,0.437885046005249,1,-63.005714416503906,32.865440368652344,644.4520263671875,0.6325768232345581,0.437704473733902,0.44697609543800354,60970338256,2066535941
1,1,1,2.1002044677734375,1,2.32562255859375,1,0.3796819746494293,0.6056682467460632,-40.36962127685547,79.998291015625,18.475236892700195,1,0.21948692202568054,0.621772825717926,-95.61358642578125,77.06271362304688,17.406755447387695,1,3.511503219604492,30.596046447753906,643.3707275390625,0.4938787519931793,0.44240042567253113,0.43773457407951355,1,-63.035308837890625,32.85000228881836,644.4232177734375,0.6326450109481812,0.437732458114624,0.446917861700058,60970346590,2066544275
1,1,1,2.159912109375,1,2.27728271484375,1,0.3575165867805481,0.6398889422416687,-48.013458251953125,73.76045989990234,16.20489501953125,1,0.20884422957897186,0.6322970986366272,-99.28377532958984,75.14433288574219,16.70857810974121,1,3.487386465072632,30.600969314575195,643.38232421875,0.49392932653427124,0.44239166378974915,0.43776020407676697,1,-63.05875015258789,32.831687927246094,644.278564453125,0.6327270865440369,0.4377504289150238,0.44660791754722595,60970354923,2066552608
1,1,1,2.1632537841796875,1,2.247894287109375,1,0.3682739734649658,0.6374436616897583,-44.303733825683594,74.20621490478516,16.367080688476562,1,0.21030259132385254,0.6075822710990906,-98.78083801269531,79.6493911743164,18.34822654724121,1,3.4625236988067627,30.603208541870117,643.43994140625,0.4939820468425751,0.442394495010376,0.43788519501686096,1,-63.08909606933594,32.8092041015625,644.2373657226562,0.6327997446060181,0.4377913177013397,0.446522057056427,60970363256,2066560941
1,1,1,2.127105712890625,1,2.2891693115234375,1,0.3775654733181,0.638443648815155,-41.0994987487793,74.02392578125,16.300683975219727,1,0.20928074419498444,0.6071204543113708,-99.13323211669922,79.73356628417969,18.3789119720459,1,3.429028034210205,30.58551788330078,643.4400634765625,0.49405208230018616,0.44243118166923523,0.437882661819458,1,-63.11207580566406,32.77621078491211,644.1976928710938,0.6328568458557129,0.43785420060157776,0.44643646478652954,60970371590,2066569275
1,1,1,2.130584716796875,1,2.32867431640625,1,0.37161633372306824,0.6244352459907532,-43.151092529296875,76.57738494873047,17.23016357421875,1,0.22546224296092987,0.6275156736373901,-93.55297088623047,76.01589965820312,17.02574920654297,1,3.396336555480957,30.574777603149414,643.3952026367188,0.4941200017929077,0.4424475431442261,0.43778353929519653,1,-63.14923858642578,32.77034378051758,644.31982421875,0.6329060196876526,0.4378831386566162,0.44670701026916504,60970379923,2066577608
1,1,1,2.14599609375,1,2.256927490234375,1,0.3730086088180542,0.6166766881942749,-42.67096710205078,77.99163818359375,17.744892120361328,1,0.20479819178581238,0.6166443824768066,-100.67906188964844,77.99755096435547,17.74700164794922,1,3.369751453399658,30.54847526550293,643.349853515625,0.4941750466823578,0.4424961507320404,0.43768125772476196,1,-63.19359588623047,32.74870300292969,644.4630126953125,0.6329653859138489,0.4379476308822632,0.447022408246994,60970388256,2066585941
1,1,1,2.1669464111328125,1,2.281585693359375,1,0.37077435851097107,0.6253931522369385,-43.44145965576172,76.40280151367188,17.166566848754883,1,0.2208542674779892,0.603786051273346,-95.14205169677734,80.34138488769531,18.600101470947266,1,3.343935489654541,30.531871795654297,643.4413452148438,0.494230180978775,0.44254252314567566,0.4378770887851715,1,-63.22196578979492,32.7273063659668,644.5392456054688,0.6330068707466125,0.43800243735313416,0.4471898674964905,60970396590,2066594275
1,1,1,2.172393798828125,1,2.3167266845703125,1,0.38978734612464905,0.6247642636299133,-36.88475036621094,76.51744079589844,17.208274841308594,1,0.21632087230682373,0.6181049942970276,-96.7054214477539,77.73129272460938,17.65009880065918,1,3.3203930854797363,30.522300720214844,643.4644775390625,0.4942796528339386,0.442565381526947,0.437925785779953,1,-63.22285079956055,32.70465087890625,644.3636474609375,0.6330493092536926,0.43802526593208313,0.44680774211883545,60970404923,2066602608
1,1,1,2.1695709228515625,1,2.3052825927734375,1,0.3794132471084595,0.6102825999259949,-40.46229934692383,79.15717315673828,18.169095993041992,1,0.21682003140449524,0.6266528964042664,-96.53327941894531,76.17316436767578,17.082984924316406,1,3.3028361797332764,30.497886657714844,643.4418334960938,0.4943162202835083,0.44261300563812256,0.43787312507629395,1,-63.22243118286133,32.68280792236328,644.2125854492188,0.6330834031105042,0.4380498230457306,0.4464782774448395,60970413256,2066610941
1,1,1,2.1502532958984375,1,2.2719879150390625,1,0.38313499093055725,0.6104748249053955,-39.17884063720703,79.12213134765625,18.156347274780273,1,0.18689210712909698,0.6160162687301636,-106.85404968261719,78.11203002929688,17.78870391845703,1,3.2891881465911865,30.50262451171875,643.4652709960938,0.4943450093269348,0.44260624051094055,0.43792447447776794,1,-63.22761154174805,32.67424011230469,644.1066284179688,0.6331185698509216,0.4380530118942261,0.446249395608902,60970421589,2066619275
1,1,1,2.14324951171875,1,2.2796783447265625,1,0.38094213604927063,0.6060881614685059,-39.935054779052734,79.92173767089844,18.44740104675293,1,0.19039766490459442,0.6067376136779785,-105.64514923095703,79.80335998535156,18.404314041137695,1,3.2770347595214844,30.499771118164062,643.5112915039062,0.4943710267543793,0.44261813163757324,0.43802371621131897,1,-63.23805236816406,32.67116928100586,644.0929565429688,0.633143424987793,0.43805745244026184,0.44622164964675903,60970429922,2066627608
1,1,1,2.151275634765625,1,2.2807464599609375,1,0.3811556100845337,0.6117464303970337,-39.86143112182617,78.8903579711914,18.07197380065918,1,0.20919206738471985,0.6299706697463989,-99.16380310058594,75.56838989257812,16.862886428833008,1,3.26872181892395,30.50724220275879,643.4769287109375,0.4943879246711731,0.4425981342792511,0.4379501938819885,1,-63.24989318847656,32.67503356933594,644.1137084960938,0.633163332939148,0.43805229663848877,0.44626957178115845,60970438259,2066635945
1,1,1,2.127197265625,1,2.282623291015625,1,0.374521940946579,0.5904839634895325,-42.149085998535156,82.76609802246094,19.482685089111328,1,0.2050064653158188,0.6147226095199585,-100.60723114013672,78.34782409667969,17.874549865722656,1,3.2634429931640625,30.5183048248291,643.5341796875,0.4943996071815491,0.4425826370716095,0.43807584047317505,1,-63.258018493652344,32.68206024169922,644.1588134765625,0.6331698298454285,0.43804389238357544,0.44636958837509155,60970446593,2066644279
1,1,1,2.14788818359375,1,2.25445556640625,1,0.3673780560493469,0.6005139946937561,-44.6126823425293,80.93782806396484,18.81717872619629,1,0.206930011510849,0.6072314977645874,-99.94388580322266,79.71334838867188,18.37148094177246,1,3.2616653442382812,30.52320671081543,643.54541015625,0.4944034814834595,0.4425739347934723,0.43810078501701355,1,-63.26026153564453,32.68058395385742,644.1575317382812,0.6331747770309448,0.43804672360420227,0.446367084980011,60970454926,2066652612
1,1,1,2.10479736328125,1,2.237274169921875,1,0.362141489982605,0.6023555397987366,-46.418540954589844,80.60214233398438,18.695039749145508,1,0.19133400917053223,0.5829281210899353,-105.3222427368164,84.14340209960938,19.983972549438477,1,3.2696049213409424,30.544057846069336,643.5335693359375,0.4943867027759552,0.4425291419029236,0.4380781054496765,1,-63.26312255859375,32.69628143310547,644.27490234375,0.6331535577774048,0.43803033232688904,0.446623295545578,60970463259,2066660945
1,1,1,2.1099395751953125,1,2.2513275146484375,1,0.40071478486061096,0.6021414399147034,-33.11637496948242,80.64118194580078,18.709226608276367,1,0.1953846663236618,0.5831684470176697,-103.92535400390625,84.09961700439453,19.967937469482422,1,3.3117258548736572,30.543739318847656,643.5904541015625,0.4942992925643921,0.4425373375415802,0.438201904296875,1,-63.237430572509766,32.70832443237305,644.5133666992188,0.6330450773239136,0.4380382299423218,0.44713452458381653,60970471593,2066669279
1,1,1,2.168914794921875,1,2.30389404296875,1,0.4326079487800598,0.6196181774139404,-22.117877960205078,77.4554672241211,17.54974937438965,1,0.24003735184669495,0.5726305246353149,-88.52668762207031,86.02046203613281,20.667146682739258,1,3.3614864349365234,30.55921173095703,643.5894775390625,0.4941951632499695,0.4425051808357239,0.438202440738678,1,-63.20048904418945,32.7336540222168,644.7080078125,0.632923424243927,0.43801257014274597,0.44755062460899353,60970479926,2066677612
1,1,1,2.1243896484375,1,2.2525482177734375,1,0.4204446077346802,0.6218100190162659,-26.312454223632812,77.05594635009766,17.4042911529541,1,0.21184228360652924,0.5570573210716248,-98.24987030029297,88.85918426513672,21.700349807739258,1,3.3891546726226807,30.552989959716797,643.5894775390625,0.49413737654685974,0.4425181448459625,0.438201904296875,1,-63.17333984375,32.73598861694336,644.6536865234375,0.6328794360160828,0.43800029158592224,0.44742801785469055,60970488259,2066685945
1,1,1,2.1402435302734375,1,2.2671356201171875,1,0.4143584966659546,0.6335024237632751,-28.41127586364746,74.92462158203125,16.628572463989258,1,0.20700928568840027,0.5626243352890015,-99.91656494140625,87.84442901611328,21.33096694946289,1,3.398934841156006,30.536134719848633,643.6697998046875,0.49411794543266296,0.44256365299224854,0.43837398290634155,1,-63.16223907470703,32.73091125488281,644.6218872070312,0.6328636407852173,0.43800652027130127,0.44735637307167053,60970496593,2066694279
1,1,1,2.140045166015625,1,2.2578887939453125,1,0.40188416838645935,0.6239309310913086,-32.71310043334961,76.6693344116211,17.263595581054688,1,0.21765445172786713,0.5436035990715027,-96.24553680419922,91.31159210205078,22.59288215637207,1,3.4118337631225586,30.54322052001953,643.7159423828125,0.49409154057502747,0.4425549805164337,0.438475102186203,1,-63.152523040771484,32.736595153808594,644.623046875,0.6328432559967041,0.43799489736557007,0.44735756516456604,60970504926,2066702612
1,1,1,2.1131439208984375,1,2.2594757080078125,1,0.4004259407520294,0.5999403595924377,-33.21598815917969,81.04240417480469,18.855199813842773,1,0.22477924823760986,0.5447052717208862,-93.78851318359375,91.11077117919922,22.519819259643555,1,3.4298834800720215,30.518373489379883,643.8076171875,0.494054913520813,0.44261854887008667,0.438670814037323,1,-63.12710189819336,32.714176177978516,644.5806274414062,0.6328002214431763,0.4380355775356293,0.44725751876831055,60970513259,2066710945
1,1,1,2.1757354736328125,1,2.2471771240234375,1,0.40765824913978577,0.6074889302253723,-30.721881866455078,79.66641998291016,18.354446411132812,1,0.23432910442352295,0.5490219593048096,-90.49520111083984,90.32391357421875,22.233413696289062,1,3.44881534576416,30.50788116455078,643.8535766601562,0.49401599168777466,0.442646324634552,0.4387694001197815,1,-63.11997985839844,32.72018051147461,644.6409301757812,0.6327715516090393,0.4380314350128174,0.44738703966140747,60970521593,2066719279
1,1,1,2.14398193359375,1,2.267791748046875,1,0.4134158492088318,0.6101409792900085,-28.736347198486328,79.1830062866211,18.1784610748291,1,0.24726806581020355,0.5986366868019104,-86.03313446044922,81.27999877929688,18.941781997680664,1,3.4684994220733643,30.482791900634766,643.8303833007812,0.49397459626197815,0.44269537925720215,0.43871593475341797,1,-63.10886764526367,32.717044830322266,644.6666259765625,0.6327425241470337,0.4380415081977844,0.44743970036506653,60970529926,2066727612
1,1,1,2.138641357421875,1,2.2179107666015625,1,0.4099976122379303,0.6094486713409424,-29.91515350341797,79.30918884277344,18.224414825439453,1,0.22650833427906036,0.5810381174087524,-93.19223022460938,84.48792266845703,20.109325408935547,1,3.485804319381714,30.460758209228516,643.7271118164062,0.4939371645450592,0.4427276849746704,0.43848904967308044,1,-63.09986114501953,32.721004486083984,644.7974853515625,0.6326937079429626,0.43805131316185,0.447721004486084,60970538259,2066735945
1,1,1,2.1201629638671875,1,2.2499847412109375,1,0.4077605605125427,0.6048650741577148,-30.686613082885742,80.14469909667969,18.52852439880371,1,0.24391920864582062,0.5948857069015503,-87.1880111694336,81.96375274658203,19.19059944152832,1,3.5065982341766357,30.45228385925293,643.7037353515625,0.4938933849334717,0.4427422285079956,0.43843743205070496,1,-63.076236724853516,32.718544006347656,644.82421875,0.6326385140419006,0.43806010484695435,0.44777339696884155,60970546593,2066744279
1,1,1,2.1441192626953125,1,2.2413330078125,1,0.4219345152378082,0.6104001402854919,-25.79865837097168,79.13574981689453,18.161314010620117,1,0.24513867497444153,0.6011551022529602,-86.7674789428711,80.82098388671875,18.774621963500977,1,3.5294442176818848,30.444917678833008,643.806884765625,0.4938470125198364,0.4427710473537445,0.43866047263145447,1,-63.04645538330078,32.71427917480469,644.8305053710938,0.6325752139091492,0.4380699098110199,0.447780042886734,60970554924,2066752610
1,1,1,2.1391754150390625,1,2.2641143798828125,1,0.4134393036365509,0.6104753017425537,-28.7282657623291,79.12206268310547,18.156293869018555,1,0.23668181896209717,0.593925416469574,-89.68385314941406,82.13880157470703,19.254297256469727,1,3.5528299808502197,30.452320098876953,643.9098510742188,0.4937994182109833,0.4427691102027893,0.4388850927352905,1,-63.016448974609375,32.72868347167969,644.8834228515625,0.6325006484985352,0.4380473494529724,0.44789016246795654,60970563259,2066760945
1,1,1,2.1417236328125,1,2.2591094970703125,1,0.4150466024875641,0.6051979064941406,-28.17397117614746,80.08402252197266,18.506433486938477,1,0.21917960047721863,0.5797978043556213,-95.71956634521484,84.7140121459961,20.191606521606445,1,3.586148262023926,30.445680618286133,643.9777221679688,0.4937306344509125,0.44279178977012634,0.43903183937072754,1,-62.97837829589844,32.72283172607422,644.80908203125,0.632438600063324,0.4380493462085724,0.44772085547447205,60970571594,2066769281
1,1,1,2.1077880859375,1,2.27532958984375,1,0.41540059447288513,0.6037574410438538,-28.051912307739258,80.34660339355469,18.60199546813965,1,0.23045611381530762,0.5788649320602417,-91.83081817626953,84.884033203125,20.25351333618164,1,3.61965274810791,30.4423885345459,643.9774169921875,0.4936606287956238,0.4427986741065979,0.439031183719635,1,-62.93988037109375,32.714324951171875,644.6875610351562,0.6323864459991455,0.43805038928985596,0.447449266910553,60970579927,2066777614
1,1,1,2.149566650390625,1,2.230224609375,1,0.44880563020706177,0.6405423283576965,-16.53203773498535,73.64138793945312,16.16147232055664,1,0.22593319416046143,0.5671411752700806,-93.39057159423828,87.02111053466797,21.03131103515625,1,3.6501636505126953,30.438751220703125,643.931884765625,0.4935963749885559,0.4428003430366516,0.4389322102069855,1,-62.91935348510742,32.72454833984375,644.715087890625,0.6323375105857849,0.43803301453590393,0.44750577211380005,60970588260,2066785947
1,1,1,2.1439971923828125,1,2.2594451904296875,1,0.40725672245025635,0.6258759498596191,-30.860347747802734,76.31478881835938,17.134559631347656,1,0.25799018144607544,0.5877225995063782,-82.33556365966797,83.26945495605469,19.66580581665039,1,3.6781952381134033,30.425533294677734,643.84033203125,0.4935365617275238,0.4428158402442932,0.4387321174144745,1,-62.90687561035156,32.730690002441406,644.822509765625,0.6322869062423706,0.4380350708961487,0.44773611426353455,60970596594,2066794281
1,1,1,2.11376953125,1,2.2317352294921875,1,0.4239051043987274,0.6223705410957336,-25.119089126586914,76.95376586914062,17.36711883544922,1,0.24346515536308289,0.5855539441108704,-87.34458923339844,83.66476440429688,19.809701919555664,1,3.703035831451416,30.42230224609375,643.7939453125,0.4934840798377991,0.44281652569770813,0.43863141536712646,1,-62.88735580444336,32.7462043762207,644.8854370117188,0.6322318911552429,0.43801161646842957,0.447870135307312,60970604927,2066802614
1,1,1,2.14013671875,1,2.25323486328125,1,0.41132545471191406,0.6240777373313904,-29.45722770690918,76.642578125,17.25383949279785,1,0.23826506733894348,0.5881057977676392,-89.13784790039062,83.19963836669922,19.64036750793457,1,3.7328579425811768,30.426578521728516,643.8968505859375,0.49342310428619385,0.4428211450576782,0.4388556480407715,1,-62.85729217529297,32.75483703613281,644.93798828125,0.6321573257446289,0.43800100684165955,0.44797855615615845,60970613260,2066810947
1,1,1,2.1159210205078125,1,2.223968505859375,1,0.4139646291732788,0.6283829808235168,-28.547088623046875,75.8577880859375,16.968225479125977,1,0.23487599194049835,0.574022114276886,-90.30659484863281,85.76683807373047,20.57480239868164,1,3.7642102241516113,30.42373275756836,643.9656372070312,0.4933584928512573,0.44283610582351685,0.4390047788619995,1,-62.82450866699219,32.762123107910156,644.9561767578125,0.6320850849151611,0.4379884898662567,0.44801196455955505,60970621594,2066819281
1,1,1,2.1691131591796875,1,2.2701568603515625,1,0.4042269289493561,0.6514042019844055,-31.90520477294922,71.66144561767578,15.440861701965332,1,0.2420123666524887,0.5733970403671265,-87.8455810546875,85.88074493408203,20.61625862121582,1,3.790207624435425,30.428024291992188,644.056640625,0.4933054447174072,0.4428390860557556,0.43920329213142395,1,-62.799034118652344,32.77053451538086,644.9490966796875,0.6320337057113647,0.4379701614379883,0.44799259305000305,60970629927,2066827614
1,1,1,2.108734130859375,1,2.240966796875,1,0.4123488962650299,0.6265174150466919,-29.10430335998535,76.19786071777344,17.09198570251465,1,0.2389887273311615,0.5690876245498657,-88.8883056640625,86.66629028320312,20.902204513549805,1,3.815404176712036,30.42030906677246,644.067626953125,0.4932529330253601,0.4428565800189972,0.4392262399196625,1,-62.777008056640625,32.76849365234375,644.9537963867188,0.6319869160652161,0.43797507882118225,0.44799792766571045,60970638260,2066835947
1,1,1,2.153228759765625,1,2.2554473876953125,1,0.4107362627983093,0.6502013802528381,-29.660417556762695,71.88069915771484,15.520670890808105,1,0.24271586537361145,0.5889275670051575,-87.60298919677734,83.04981994628906,19.585845947265625,1,3.841130495071411,30.411245346069336,644.1362915039062,0.4932001829147339,0.44288432598114014,0.43937429785728455,1,-62.7462158203125,32.759727478027344,644.8663330078125,0.631942868232727,0.4379812180995941,0.447801411151886,60970646592,2066844279
1,1,1,2.146881103515625,1,2.241302490234375,1,0.4124375581741333,0.657517671585083,-29.07371711730957,70.54706573486328,15.035271644592285,1,0.2415628582239151,0.5793935060501099,-88.00059509277344,84.78771209716797,20.218425750732422,1,3.8514404296875,30.3956241607666,644.1824951171875,0.4931792914867401,0.44292277097702026,0.43947261571884155,1,-62.730106353759766,32.75148391723633,644.8925170898438,0.6319034695625305,0.43800193071365356,0.4478534162044525,60970654925,2066852612
1,1,1,2.151214599609375,1,2.2578887939453125,1,0.3939928412437439,0.6320551037788391,-35.43446350097656,75.18844604492188,16.72455596923828,1,0.20481514930725098,0.5546709895133972,-100.6732177734375,89.294189453125,21.858642578125,1,3.8143606185913086,30.376676559448242,644.2174072265625,0.49325722455978394,0.442966490983963,0.43954533338546753,1,-62.73298645019531,32.744075775146484,644.7396850585938,0.631944477558136,0.4379962682723999,0.4475230276584625,60970663258,2066860945
1,1,1,2.14703369140625,1,2.257049560546875,1,0.3887600302696228,0.6365131139755249,-37.239017486572266,74.37582397460938,16.428813934326172,1,0.19639506936073303,0.5841211080551147,-103.57691955566406,83.92595672607422,19.904804229736328,1,3.796238422393799,30.374187469482422,644.2520751953125,0.4932956099510193,0.44297611713409424,0.43961989879608154,1,-62.72948455810547,32.75368118286133,644.6929931640625,0.6319477558135986,0.43796998262405396,0.4474228620529175,60970671592,2066869279
1,1,1,2.1515960693359375,1,2.22540283203125,1,0.39118507504463196,0.6183522939682007,-36.402732849121094,77.68620300292969,17.63371467590332,1,0.19945059716701508,0.578134298324585,-102.523193359375,85.01724243164062,20.30192756652832,1,3.8028173446655273,30.370521545410156,644.2980346679688,0.4932824671268463,0.442989706993103,0.43971917033195496,1,-62.72162628173828,32.75956344604492,644.7652587890625,0.6319149136543274,0.4379677176475525,0.447578102350235,60970679925,2066877612
1,1,1,2.1217193603515625,1,2.2015533447265625,1,0.3909348249435425,0.6264063119888306,-36.48904037475586,76.2181167602539,17.099348068237305,1,0.18488197028636932,0.5703409314155579,-107.5472640991211,86.43780517578125,20.819059371948242,1,3.822183132171631,30.375205993652344,644.4127197265625,0.493243545293808,0.44299495220184326,0.43996888399124146,1,-62.71174621582031,32.7702522277832,644.8255004882812,0.6318805813789368,0.4379538893699646,0.4477075934410095,60970688258,2066885945
1,1,1,2.1200103759765625,1,2.2584991455078125,1,0.39099636673927307,0.5996513962745667,-36.467811584472656,81.09506225585938,18.874414443969727,1,0.2171209305524826,0.5997344255447388,-96.42951202392578,81.07991790771484,18.86890983581543,1,3.83394193649292,30.363033294677734,644.481689453125,0.4932200014591217,0.44302913546562195,0.44011709094047546,1,-62.70637512207031,32.76642608642578,644.873291015625,0.6318584680557251,0.4379684031009674,0.447809100151062,60970696595,2066894282
1,1,1,2.1489410400390625,1,2.26458740234375,1,0.3869493305683136,0.5915305018424988,-37.86345291137695,82.57534790039062,19.4132080078125,1,0.20127177238464355,0.5779616236686707,-101.89514923095703,85.04871368408203,20.313426971435547,1,3.8380157947540283,30.354825973510742,644.5272216796875,0.49321216344833374,0.4430520534515381,0.44021472334861755,1,-62.700767517089844,32.76278305053711,644.9453125,0.6318304538726807,0.4379858672618866,0.4479628801345825,60970704928,2066902615
1,1,1,2.1097412109375,1,2.2637786865234375,1,0.3796806335449219,0.6230082511901855,-40.370086669921875,76.83753967285156,17.324750900268555,1,0.21080493927001953,0.5971885919570923,-98.60759735107422,81.54397583007812,19.03782844543457,1,3.842097282409668,30.38494110107422,644.5732421875,0.4932042062282562,0.44299566745758057,0.440318763256073,1,-62.70215606689453,32.779693603515625,644.9794921875,0.6318255066871643,0.4379555284976959,0.4480394423007965,60970713261,2066910948
1,1,1,2.1422576904296875,1,2.2284393310546875,1,0.3916460871696472,0.6059758067131042,-36.243751525878906,79.9422378540039,18.45480728149414,1,0.19553342461585999,0.564841091632843,-103.87405395507812,87.44034576416016,21.18391990661621,1,3.8456544876098633,30.372066497802734,644.6533813476562,0.49319788813591003,0.44303274154663086,0.4404909908771515,1,-62.70166778564453,32.767093658447266,645.0501708984375,0.631808340549469,0.43799132108688354,0.44819018244743347,60970721594,2066919282
1,1,1,2.1595458984375,1,2.2212677001953125,1,0.3818601071834564,0.6468979120254517,-39.61849594116211,72.48285675048828,15.739845275878906,1,0.200866237282753,0.5653095841407776,-102.03501892089844,87.35496520996094,21.152828216552734,1,3.8482131958007812,30.38610076904297,644.6763916015625,0.4931928515434265,0.44300663471221924,0.44054287672042847,1,-62.702880859375,32.774375915527344,645.1082153320312,0.6317976713180542,0.4379842281341553,0.448316752910614,60970729927,2066927615
1,1,1,2.157257080078125,1,2.2095794677734375,1,0.36361196637153625,0.6369907259941101,-45.911441802978516,74.28875732421875,16.39716339111328,1,0.19187524914741516,0.5615847110748291,-105.1355972290039,88.03394317626953,21.39996337890625,1,3.850715160369873,30.382369995117188,644.676513671875,0.49318763613700867,0.4430144131183624,0.440542608499527,1,-62.69969177246094,32.768760681152344,645.1435546875,0.6317829489707947,0.43800076842308044,0.4483915865421295,60970738260,2066935948
1,1,1,2.1015472412109375,1,2.288726806640625,1,0.38174739480018616,0.5958482027053833,-39.6573486328125,81.7883071899414,19.126737594604492,1,0.22658760845661163,0.5807649493217468,-93.16487884521484,84.53773498535156,20.127384185791016,1,3.8522298336029053,30.380409240722656,644.7222290039062,0.4931851029396057,0.4430243968963623,0.4406415820121765,1,-62.69902038574219,32.764251708984375,645.2144165039062,0.6317654848098755,0.43801987171173096,0.4485437870025635,60970746594,2066944282
1,1,1,2.158599853515625,1,2.19061279296875,1,0.39475196599960327,0.6263275146484375,-35.17267608642578,76.23248291015625,17.10459327697754,1,0.19434726238250732,0.5321902632713318,-104.2831039428711,93.39200592041016,23.35019874572754,1,3.8546559810638428,30.397018432617188,644.6990356445312,0.49317967891693115,0.44298699498176575,0.44059354066848755,1,-62.694122314453125,32.77237319946289,645.2144775390625,0.6317552328109741,0.4380030333995819,0.4485441744327545,60970754927,2066952615
1,1,1,2.1546173095703125,1,2.230133056640625,1,0.38898664712905884,0.6266975402832031,-37.160865783691406,76.16503143310547,17.08003807067871,1,0.2174360752105713,0.565536379814148,-96.32083129882812,87.31361389160156,21.13776397705078,1,3.85880184173584,30.388275146484375,644.768310546875,0.4931719899177551,0.44301408529281616,0.44074270129203796,1,-62.6974983215332,32.769195556640625,645.3197021484375,0.6317382454872131,0.43802404403686523,0.44877147674560547,60970763260,2066960948
1,1,1,2.1810455322265625,1,2.2044677734375,1,0.3802599608898163,0.625518262386322,-40.17030715942383,76.37999725341797,17.15825080871582,1,0.2233913540840149,0.5731044411659241,-94.26713562011719,85.93411254882812,20.635643005371094,1,3.8656997680664062,30.39251708984375,644.756591796875,0.49315744638442993,0.4430038332939148,0.440717875957489,1,-62.69310760498047,32.774635314941406,645.366943359375,0.6317183971405029,0.4380193054676056,0.44887349009513855,60970771594,2066969282
1,1,1,2.1278228759765625,1,2.2560882568359375,1,0.37259137630462646,0.6153678297996521,-42.81485366821289,78.23021697998047,17.83176040649414,1,0.22611969709396362,0.5821347236633301,-93.32624816894531,84.28803253173828,20.03660011291504,1,3.8757567405700684,30.383792877197266,644.7564697265625,0.4931364357471466,0.44302189350128174,0.44071656465530396,1,-62.692626953125,32.77620315551758,645.4732666015625,0.6316931247711182,0.4380306601524353,0.4491031765937805,60970779927,2066977615
1,1,1,2.148712158203125,1,2.228607177734375,1,0.3800020217895508,0.6007905602455139,-40.25925064086914,80.88741302490234,18.79882049560547,1,0.20658880472183228,0.57738196849823,-100.06156158447266,85.15435028076172,20.351909637451172,1,3.8863253593444824,30.36880111694336,644.7681884765625,0.4931145906448364,0.4430544674396515,0.440740168094635,1,-62.68348693847656,32.77473831176758,645.5811767578125,0.6316496729850769,0.43804851174354553,0.449334055185318,60970788262,2066985950
1,1,1,2.1241607666015625,1,2.243072509765625,1,0.3765052258968353,0.612720251083374,-41.46514129638672,78.71282196044922,18.00738525390625,1,0.22243089973926544,0.5802785754203796,-94.59832763671875,84.62635803222656,20.159732818603516,1,3.8998663425445557,30.3580379486084,644.8251953125,0.49308717250823975,0.443084180355072,0.4408625066280365,1,-62.669219970703125,32.770225524902344,645.5718994140625,0.6316221356391907,0.438056617975235,0.44931042194366455,60970796594,2066994282
1,1,1,2.147247314453125,1,2.2546844482421875,1,0.37847328186035156,0.6008081436157227,-40.78644943237305,80.88421630859375,18.797637939453125,1,0.21788862347602844,0.5959850549697876,-96.16477966308594,81.76338195800781,19.117630004882812,1,3.913877010345459,30.330612182617188,644.8946533203125,0.4930589497089386,0.44315001368522644,0.44100964069366455,1,-62.64242935180664,32.75459289550781,645.4130249023438,0.6316027641296387,0.438067227602005,0.44895946979522705,60970804929,2067002617
1,1,1,2.1239776611328125,1,2.23748779296875,1,0.3809608519077301,0.606231689453125,-39.92860412597656,79.89559173583984,18.43784523010254,1,0.21772021055221558,0.5921154022216797,-96.22285461425781,82.4687271118164,19.374422073364258,1,3.929586887359619,30.328826904296875,644.9284057617188,0.4930266737937927,0.4431580901145935,0.4410828948020935,1,-62.622039794921875,32.75252151489258,645.4288330078125,0.6315568685531616,0.4380737245082855,0.44898921251296997,60970813260,2067010948
1,1,1,2.111297607421875,1,2.2342071533203125,1,0.39859840273857117,0.6027330756187439,-33.84621810913086,80.53333282470703,18.66996192932129,1,0.19892434775829315,0.5984234809875488,-102.7046890258789,81.31889343261719,18.955890655517578,1,3.950101375579834,30.300546646118164,644.939453125,0.4929840862751007,0.4432181119918823,0.4411031901836395,1,-62.59197998046875,32.73899459838867,645.3869018554688,0.6315040588378906,0.4380960762500763,0.44889047741889954,60970821593,2067019281
1,1,1,2.1344757080078125,1,2.23992919921875,1,0.37223461270332336,0.593692421913147,-42.93788146972656,82.18128967285156,19.269725799560547,1,0.20318934321403503,0.6137756705284119,-101.23388671875,78.52044677734375,17.937355041503906,1,3.971994161605835,30.29288673400879,644.973876953125,0.49293893575668335,0.4432384669780731,0.441177099943161,1,-62.57261657714844,32.732582092285156,645.4501953125,0.6314494609832764,0.438118040561676,0.44902223348617554,60970829932,2067027620
1,1,1,2.161407470703125,1,2.2437896728515625,1,0.3797924816608429,0.6144615411758423,-40.33151626586914,78.39543151855469,17.8918514251709,1,0.21132491528987885,0.6144707202911377,-98.42829895019531,78.39376831054688,17.891216278076172,1,3.987637519836426,30.291757583618164,645.00830078125,0.49290674924850464,0.4432453215122223,0.4412519335746765,1,-62.556304931640625,32.72993087768555,645.4763793945312,0.6314097046852112,0.4381271302700043,0.449074923992157,60970838265,2067035953
1,1,1,2.1509246826171875,1,2.2623748779296875,1,0.3574645519256592,0.6252358555793762,-48.03139877319336,76.43147277832031,17.1769962310791,1,0.19716663658618927,0.5936703085899353,-103.31082916259766,82.18531036376953,19.27123260498047,1,3.9264039993286133,30.292800903320312,644.9973754882812,0.49303436279296875,0.4432416260242462,0.441227525472641,1,-62.64147186279297,32.7510986328125,645.7874755859375,0.6315155625343323,0.4381258487701416,0.44976741075515747,60970846598,2067044286
1,1,1,2.153961181640625,1,2.2712554931640625,1,0.2934156060218811,0.5418943762779236,-70.11897277832031,91.62311553955078,22.706331253051758,1,0.12807239592075348,0.5534042119979858,-127.13829040527344,89.52510070800781,21.94264030456543,1,3.7300820350646973,30.331119537353516,645.2061157226562,0.4934464991092682,0.4431889057159424,0.44168317317962646,1,-62.782936096191406,32.78302001953125,646.0431518554688,0.6317507028579712,0.4380945861339569,0.45035335421562195,60970854932,2067052620
1,1,1,2.16339111328125,1,2.236968994140625,1,0.24147087335586548,0.5247197151184082,-88.03231811523438,94.75376892089844,23.84573745727539,1,0.053757444024086,0.5426958799362183,-152.76609802246094,91.47705078125,22.653121948242188,1,3.499846935272217,30.37469482421875,645.219482421875,0.49392664432525635,0.4431000351905823,0.441715270280838,1,-62.95119094848633,32.83502197265625,646.433837890625,0.6320103406906128,0.43804028630256653,0.4512394070625305,60970863265,2067060953
1,1,1,2.1522064208984375,1,2.2786712646484375,1,0.17287258803844452,0.5128124356269836,-111.68875122070312,96.92424774169922,24.6357479095459,1,0.013929853215813637,0.4735487997531891,-166.50083923339844,104.081298828125,27.240753173828125,1,3.2785112857818604,30.482105255126953,645.311767578125,0.49438896775245667,0.4428892731666565,0.4419277012348175,1,-63.095436096191406,32.89439392089844,646.711669921875,0.6322456002235413,0.4379553496837616,0.4518778920173645,60970871597,2067069286
1,1,1,2.147430419921875,1,2.2793731689453125,1,0.16409818828105927,0.4459555447101593,-114.71463012695312,109.11106872558594,29.07141876220703,1,0.016472872346639633,0.45933350920677185,-165.62387084960938,106.67249298095703,28.183870315551758,1,3.144392967224121,30.527183532714844,645.3692626953125,0.4946691393852234,0.44280317425727844,0.4420570731163025,1,-63.32811737060547,33.1480827331543,650.4183349609375,0.6318830251693726,0.4379393756389618,0.45996585488319397,60970879929,2067077618
1,1,1,2.10223388671875,1,2.2790069580078125,1,0.13565100729465485,0.40122517943382263,-124.5247802734375,117.26461791992188,32.03905487060547,1,-0.018850406631827354,0.485516756772995,-177.8052520751953,101.89977264404297,26.44669532775879,1,3.0919246673583984,30.54936408996582,645.4964599609375,0.4947798252105713,0.4427737295627594,0.4423355758190155,1,-63.301918029785156,33.14447784423828,649.837890625,0.6319604516029358,0.43786755204200745,0.45870667695999146,60970888262,2067085951
1,1,1,2.1873321533203125,1,2.2418670654296875,1,0.13737018406391144,0.41700291633605957,-123.93190002441406,114.38860321044922,30.992292404174805,1,-0.016667937859892845,0.4756728410720825,-177.05262756347656,103.69412994384766,27.099807739257812,1,3.103592872619629,30.56230926513672,645.4619140625,0.4947550892829895,0.4427424967288971,0.4422624707221985,1,-63.29842758178711,33.15318298339844,649.7772216796875,0.6319670081138611,0.43784138560295105,0.4585762321949005,60970896597,2067094286
1,1,1,2.1747894287109375,1,2.2688140869140625,1,0.14572660624980927,0.418497771024704,-121.05016326904297,114.11613464355469,30.89311981201172,1,-0.008209127001464367,0.47712019085884094,-174.1355743408203,103.43028259277344,27.00383186340332,1,3.140030860900879,30.54477310180664,645.38134765625,0.4946782886981964,0.4427683651447296,0.44208574295043945,1,-63.32481384277344,33.16606903076172,650.4930419921875,0.631859302520752,0.43791261315345764,0.46012917160987854,60970904931,2067102620
1,1,1,2.157257080078125,1,2.2433013916015625,1,0.1512068808078766,0.4134649336338043,-119.1602554321289,115.03350830078125,31.22702407836914,1,-0.004447994753718376,0.4870350658893585,-172.83851623535156,101.62297821044922,26.34602928161621,1,3.1644701957702637,30.54446029663086,645.3118896484375,0.49462658166885376,0.44276002049446106,0.44193512201309204,1,-63.31336212158203,33.156558990478516,650.4357299804688,0.6318486928939819,0.4379243850708008,0.460001677274704,60970913264,2067110953
1,1,1,2.1581878662109375,1,2.2441558837890625,1,0.14865995943546295,0.42375603318214417,-120.03858184814453,113.15764617919922,30.544221878051758,1,-0.011681371368467808,0.4945140480995178,-175.33297729492188,100.25971221923828,25.84978675842285,1,3.1785271167755127,30.536800384521484,645.2545166015625,0.4945966303348541,0.4427684545516968,0.44180989265441895,1,-63.17622756958008,32.94356155395508,647.2271728515625,0.6322950720787048,0.4379243552684784,0.4530147314071655,60970921597,2067119286
1,1,1,2.152557373046875,1,2.259613037109375,1,0.16137312352657318,0.4323209226131439,-115.65438079833984,111.59642791748047,29.975971221923828,1,-0.004270567558705807,0.5107389688491821,-172.77734375,97.3022232055664,24.77328109741211,1,3.190880298614502,30.53196144104004,645.25439453125,0.49457091093063354,0.44277846813201904,0.4418090879917145,1,-63.15975570678711,32.916015625,647.1243286132812,0.6322845220565796,0.4379671812057495,0.45278531312942505,60970929931,2067127620
1,1,1,2.1407470703125,1,2.2333221435546875,1,0.15584906935691833,0.4388316869735718,-117.55937194824219,110.40959930419922,29.54408073425293,1,-0.009036454372107983,0.506152868270874,-174.42088317871094,98.13817596435547,25.07762336730957,1,3.206916332244873,30.524169921875,645.1849975585938,0.4945366680622101,0.4427856206893921,0.44165754318237305,1,-63.15087890625,32.905941009521484,647.1375732421875,0.63226318359375,0.43798986077308655,0.452810674905777,60970938264,2067135953
1,1,1,2.1525726318359375,1,2.2450103759765625,1,0.14588892459869385,0.41776421666145325,-120.99417877197266,114.24981689453125,30.94181251525879,1,-0.00975936558097601,0.4850531816482544,-174.67018127441406,101.98424530029297,26.477479934692383,1,3.2235937118530273,30.511178970336914,645.126953125,0.4945012927055359,0.4428049623966217,0.4415300488471985,1,-63.156375885009766,32.897132873535156,647.3017578125,0.6322370767593384,0.438030481338501,0.4531649351119995,60970946597,2067144286
1,1,1,2.144012451171875,1,2.235748291015625,1,0.14254358410835266,0.42616209387779236,-122.14783477783203,112.71905517578125,30.384653091430664,1,-0.008508329279720783,0.5025617480278015,-174.23873901367188,98.7927474975586,25.315874099731445,1,3.241039276123047,30.502866744995117,645.0814208984375,0.49446436762809753,0.44281628727912903,0.4414302706718445,1,-63.13694381713867,32.87017059326172,647.1871337890625,0.6322231888771057,0.43807050585746765,0.4529096484184265,60970954931,2067152620
1,1,1,2.1235809326171875,1,2.2435302734375,1,0.13354960083961487,0.41956058144569397,-125.24943542480469,113.92240142822266,30.822586059570312,1,-0.00957766454666853,0.4923820495605469,-174.60751342773438,100.64835357666016,25.991193771362305,1,3.266688108444214,30.488704681396484,645.0468139648438,0.49441054463386536,0.44284117221832275,0.44135355949401855,1,-63.109867095947266,32.842620849609375,646.93359375,0.6322250366210938,0.43809273838996887,0.45235249400138855,60970963268,2067160957
1,1,1,2.157806396484375,1,2.227630615234375,1,0.13743388652801514,0.44544729590415955,-123.9099349975586,109.2037124633789,29.105121612548828,1,-0.014840791001915932,0.5071477293968201,-176.42251586914062,97.95683288574219,25.01160430908203,1,3.2880566120147705,30.479833602905273,645.0123901367188,0.4943655729293823,0.4428551197052002,0.44127795100212097,1,-63.07127380371094,32.81819152832031,646.634765625,0.6322134137153625,0.4381023645401001,0.45169585943222046,60970971601,2067169290
1,1,1,2.1684417724609375,1,2.2682647705078125,1,0.1250627040863037,0.4664324223995209,-128.17620849609375,105.37849426269531,27.712879180908203,1,0.001174300559796393,0.5002856850624084,-170.899658203125,99.20763397216797,25.466880798339844,1,3.310507297515869,30.476375579833984,644.932373046875,0.49431779980659485,0.44285187125205994,0.44110411405563354,1,-63.0490837097168,32.81684112548828,646.5812377929688,0.6321796178817749,0.43809786438941956,0.451575368642807,60970979935,2067177624
1,1,1,2.1479949951171875,1,2.2665557861328125,1,0.12025875598192215,0.45071640610694885,-129.83285522460938,108.24321746826172,28.755605697631836,1,-4.952058952767402e-05,0.4714157283306122,-171.3217010498047,104.47012329101562,27.382278442382812,1,3.334617853164673,30.479721069335938,644.9435424804688,0.49426764249801636,0.44284647703170776,0.44112905859947205,1,-63.03333282470703,32.82340621948242,646.5830688476562,0.6321465969085693,0.43808457255363464,0.45157694816589355,60970988268,2067185957
1,1,1,2.1789093017578125,1,2.2459564208984375,1,0.1410990059375763,0.4590366780757904,-122.64600372314453,106.72661590576172,28.20351791381836,1,0.01389569602906704,0.4619915187358856,-166.5126190185547,106.18798828125,28.00749969482422,1,3.360673427581787,30.4926815032959,644.9890747070312,0.4942138195037842,0.442825585603714,0.441229909658432,1,-63.01628875732422,32.844932556152344,646.5753173828125,0.6321129202842712,0.438039094209671,0.451559841632843,60970996601,2067194290
1,1,1,2.1297607421875,1,2.2659149169921875,1,0.14691494405269623,0.4297153651714325,-120.64035034179688,112.07135772705078,30.14886474609375,1,0.018306588754057884,0.4867146909236908,-164.9915008544922,101.68138885498047,26.367250442504883,1,3.3813064098358154,30.4947452545166,644.9773559570312,0.4941706359386444,0.44281983375549316,0.4412049651145935,1,-62.993507385253906,32.848114013671875,646.4369506835938,0.6320972442626953,0.43801355361938477,0.45125678181648254,60971004935,2067202624
1,1,1,2.16650390625,1,2.222808837890625,1,0.15239644050598145,0.4459642767906189,-118.75003051757812,109.10946655273438,29.070829391479492,1,0.01026797667145729,0.47278693318367004,-167.76365661621094,104.2201919555664,27.291257858276367,1,3.4023711681365967,30.498733520507812,644.9193725585938,0.49412596225738525,0.4428040683269501,0.4410799741744995,1,-62.973602294921875,32.871612548828125,646.453125,0.6320523023605347,0.4379672110080719,0.45129090547561646,60971013268,2067210957
1,1,1,2.1819305419921875,1,2.2679290771484375,1,0.14577393233776093,0.43507111072540283,-121.03382873535156,111.0950927734375,29.79354476928711,1,0.016395581886172295,0.497602641582489,-165.65052795410156,99.69670104980469,25.644939422607422,1,3.4212794303894043,30.498891830444336,644.8277587890625,0.494085431098938,0.4427918791770935,0.44088149070739746,1,-62.94728088378906,32.888038635253906,646.3999633789062,0.6320098042488098,0.4379260241985321,0.4511730670928955,60971021600,2067219290
1,1,1,2.1974945068359375,1,2.274688720703125,1,0.13774172961711884,0.43826723098754883,-123.80377197265625,110.51249694824219,29.581527709960938,1,0.023455768823623657,0.48301342129707336,-163.2157745361328,102.35607147216797,26.612812042236328,1,3.447227954864502,30.49475860595703,644.6329345703125,0.49402889609336853,0.4427751302719116,0.4404584765434265,1,-62.916893005371094,32.91252136230469,646.3569946289062,0.6319565176963806,0.4378695487976074,0.451077401638031,60971029934,2067227624
1,1,1,2.165863037109375,1,2.3089447021484375,1,0.14304815232753754,0.4265419542789459,-121.97383117675781,112.64979553222656,30.359447479248047,1,0.023867130279541016,0.4962088167667389,-163.0739288330078,99.95079803466797,25.737323760986328,1,3.473217487335205,30.510313034057617,644.6551513671875,0.493974894285202,0.4427458345890045,0.44050902128219604,1,-62.888893127441406,32.93999481201172,646.2816162109375,0.6319155097007751,0.4378024637699127,0.450912743806839,60971038267,2067235957
1,1,1,2.1835174560546875,1,2.2837066650390625,1,0.1357153356075287,0.42528533935546875,-124.5025863647461,112.8788833618164,30.442760467529297,1,0.009597756899893284,0.5030661225318909,-167.99478149414062,98.7008285522461,25.282350540161133,1,3.5038201808929443,30.524593353271484,644.6546630859375,0.4939109683036804,0.4427162706851959,0.4405103623867035,1,-62.8532829284668,32.95906066894531,646.227783203125,0.6318538784980774,0.4377557039260864,0.4507918655872345,60971046600,2067244290
1,1,1,2.169158935546875,1,2.258636474609375,1,0.13043203949928284,0.4129699468612671,-126.3245620727539,115.1237564086914,31.259845733642578,1,0.004581755492836237,0.5038132071495056,-169.72457885742188,98.5646743774414,25.232759475708008,1,3.5329413414001465,30.530975341796875,644.5853271484375,0.49384933710098267,0.4426940977573395,0.4403610825538635,1,-62.81878662109375,32.96522903442383,646.09521484375,0.6318124532699585,0.437724769115448,0.4504992961883545,60971054934,2067252624
1,1,1,2.19781494140625,1,2.2112884521484375,1,0.13772858679294586,0.4406013786792755,-123.80831146240234,110.0870132446289,29.426654815673828,1,-0.0036683802027255297,0.4875361919403076,-172.5696563720703,101.53167724609375,26.31266212463379,1,3.556244134902954,30.54536247253418,644.5171508789062,0.4937998056411743,0.44265544414520264,0.44021540880203247,1,-62.7887077331543,32.975624084472656,645.9722900390625,0.6317780613899231,0.43768638372421265,0.45022913813591003,60971063267,2067260957
1,1,1,2.156341552734375,1,2.2611541748046875,1,0.1405397355556488,0.43252772092819214,-122.83887481689453,111.5587158203125,29.962303161621094,1,0.008215160109102726,0.5051515102386475,-168.4716033935547,98.32071685791016,25.14405632019043,1,3.5773119926452637,30.55805778503418,644.5509033203125,0.4937562644481659,0.44263356924057007,0.440290629863739,1,-62.77351379394531,32.984458923339844,645.9267578125,0.6317568421363831,0.4376618266105652,0.450128972530365,60971071600,2067269290
1,1,1,2.1840667724609375,1,2.225067138671875,1,0.14248110353946686,0.4543854296207428,-122.16938018798828,107.57444763183594,28.51210594177246,1,0.014992414973676205,0.5013519525527954,-166.13441467285156,99.01329040527344,25.396127700805664,1,3.596999406814575,30.572368621826172,644.5853881835938,0.4937156140804291,0.44260847568511963,0.440367728471756,1,-62.761634826660156,32.99480438232422,645.9296264648438,0.6317315101623535,0.43764087557792664,0.45013427734375,60971079934,2067277624
1,1,1,2.144561767578125,1,2.26593017578125,1,0.12825073301792145,0.43262284994125366,-127.0767822265625,111.5413589477539,29.956005096435547,1,0.010272207669913769,0.48572245240211487,-167.76220703125,101.8622817993164,26.433040618896484,1,3.6197988986968994,30.594085693359375,644.5274658203125,0.4936671853065491,0.4425559639930725,0.44024524092674255,1,-62.73814392089844,33.01283645629883,645.8985595703125,0.6316898465156555,0.4375993013381958,0.45006489753723145,60971088269,2067285959
1,1,1,2.1587066650390625,1,2.2732086181640625,1,0.16115133464336395,0.4187580943107605,-115.73087310791016,114.06867218017578,30.87584686279297,1,0.03106251358985901,0.46098560094833374,-160.5925750732422,106.37136840820312,28.07421112060547,1,3.694884777069092,30.65392303466797,644.2279052734375,0.49350640177726746,0.4423929750919342,0.4396045207977295,1,-62.696414947509766,33.11884689331055,646.1767578125,0.6315396428108215,0.43741855025291443,0.4506721794605255,60971096602,2067294292
1,1,1,2.200897216796875,1,2.2109832763671875,1,0.20947420597076416,0.3400978147983551,-99.06651306152344,128.40701293945312,36.09457015991211,1,0.042038653045892715,0.34542232751846313,-156.8074188232422,127.43647766113281,35.741302490234375,1,3.794003963470459,30.733856201171875,644.501708984375,0.4933029115200043,0.44226330518722534,0.44021075963974,1,-62.59495162963867,33.228981018066406,645.9834594726562,0.6313726305961609,0.43716418743133545,0.45024970173835754,60971104936,2067302626
1,1,1,2.1562652587890625,1,2.26055908203125,1,0.2031479924917221,0.3465510904788971,-101.24813842773438,127.23072052001953,35.66642761230469,1,0.05367555096745491,0.3469823896884918,-152.79437255859375,127.15211486816406,35.63776779174805,1,3.8350281715393066,30.84250831604004,644.51220703125,0.49321720004081726,0.4420396387577057,0.440248966217041,1,-62.533512115478516,33.33319091796875,645.9713134765625,0.6312475204467773,0.4369470477104187,0.450225830078125,60971113269,2067310959
1,1,1,2.128875732421875,1,2.2606048583984375,1,0.21264098584651947,0.3197402358055115,-97.97444915771484,132.1178741455078,37.445167541503906,1,0.043483883142471313,0.34577086567878723,-156.3090057373047,127.3729476928711,35.71817398071289,1,3.8615598678588867,30.884721755981445,644.4197387695312,0.4931604862213135,0.4419401288032532,0.44005444645881653,1,-62.475494384765625,33.375484466552734,645.7235107421875,0.6311832070350647,0.4368251860141754,0.44968485832214355,60971121600,2067319290
1,1,1,2.1756744384765625,1,2.241424560546875,1,0.21082960069179535,0.3476029634475708,-98.59910583496094,127.03897857666016,35.59661865234375,1,0.044639747589826584,0.3605227768421173,-155.910400390625,124.68394470214844,34.73945999145508,1,3.869373321533203,30.88871192932129,644.3968505859375,0.49314382672309875,0.44192880392074585,0.44000548124313354,1,-62.45783996582031,33.36823272705078,645.4806518554688,0.6312016844749451,0.43680641055107117,0.44915586709976196,60971129936,2067327626
1,1,1,2.1519775390625,1,2.287139892578125,1,0.213252991437912,0.3270856440067291,-97.76338958740234,130.77891540527344,36.957881927490234,1,0.041500307619571686,0.3695491552352905,-156.99305725097656,123.03858184814453,34.14057922363281,1,3.880629539489746,30.891950607299805,644.2711791992188,0.49311861395835876,0.4419056475162506,0.43973347544670105,1,-62.45399856567383,33.37653350830078,645.3400268554688,0.6312255859375,0.43676963448524475,0.44885265827178955,60971138269,2067335959
1,1,1,2.123992919921875,1,2.28619384765625,1,0.22017274796962738,0.28844794631004333,-95.3770751953125,137.82188415527344,39.52128601074219,1,0.04040474817156792,0.38263562321662903,-157.37086486816406,120.65315246582031,33.27238845825195,1,3.882129192352295,30.90679931640625,644.2821044921875,0.4931156039237976,0.44187629222869873,0.439759224653244,1,-62.44727325439453,33.380252838134766,645.142333984375,0.6312564015388489,0.4367344379425049,0.44842490553855896,60971146600,2067344290
1,1,1,2.12799072265625,1,2.2621612548828125,1,0.2174178510904312,0.2855202555656433,-96.32711029052734,138.35556030273438,39.71551513671875,1,0.03664713725447655,0.356829434633255,-158.6666717529297,125.35713195800781,34.98455810546875,1,3.8783178329467773,30.916980743408203,644.305419921875,0.4931238293647766,0.4418582618236542,0.439811110496521,1,-62.46856689453125,33.38798522949219,645.1732788085938,0.6312935948371887,0.43672266602516174,0.4484972059726715,60971154934,2067352624
1,1,1,2.1292724609375,1,2.2740325927734375,1,0.21216081082820892,0.31118273735046387,-98.14002227783203,133.677734375,38.01294708251953,1,0.04455948621034622,0.3551081418991089,-155.93809509277344,125.67093658447266,35.09866714477539,1,3.873396635055542,30.957887649536133,644.2708740234375,0.4931335747241974,0.4417688846588135,0.43974170088768005,1,-62.470497131347656,33.3878173828125,645.0448608398438,0.6313267946243286,0.436705082654953,0.448220431804657,60971163267,2067360957
1,1,1,2.1304473876953125,1,2.2722930908203125,1,0.21651151776313782,0.30231818556785583,-96.6396713256836,135.29359436035156,38.60104751586914,1,0.043224919587373734,0.34738731384277344,-156.39828491210938,127.07830810546875,35.61090850830078,1,3.8670148849487305,30.978906631469727,644.2711181640625,0.4931468963623047,0.44172534346580505,0.439745157957077,1,-62.48754119873047,33.385616302490234,645.076904296875,0.6313549876213074,0.4367140829563141,0.44829273223876953,60971171599,2067369290
1,1,1,2.103271484375,1,2.2646331787109375,1,0.21870972216129303,0.29603520035743713,-95.88162231445312,136.4388885498047,39.01791000366211,1,0.050131041556596756,0.3500806987285614,-154.01669311523438,126.58732604980469,35.4322624206543,1,3.8535032272338867,31.00969123840332,644.1901245117188,0.4931739270687103,0.4416508078575134,0.4395734667778015,1,-62.519195556640625,33.394046783447266,645.2117309570312,0.6313900351524353,0.43671536445617676,0.4485916793346405,60971179933,2067377624
1,1,1,2.1731414794921875,1,2.26629638671875,1,0.2093418538570404,0.3351282477378845,-99.11216735839844,129.3129119873047,36.424259185791016,1,0.04688128083944321,0.33376017212867737,-155.1374053955078,129.56227111816406,36.515018463134766,1,3.832763910293579,31.022476196289062,644.1783447265625,0.4932170510292053,0.4416227340698242,0.43954944610595703,1,-62.56642150878906,33.399749755859375,645.3660888671875,0.6314529180526733,0.436724990606308,0.4489355981349945,60971188266,2067385957
1,1,1,2.1474151611328125,1,2.249908447265625,1,0.2146213799715042,0.3237796723842621,-97.29150390625,131.3815460205078,37.17723083496094,1,0.05274926498532295,0.345089316368103,-153.11378479003906,127.4971694946289,35.763397216796875,1,3.8064351081848145,31.012954711914062,644.1214599609375,0.4932712912559509,0.4416349232196808,0.4394243359565735,1,-62.6240119934082,33.4035530090332,645.5782470703125,0.6315242648124695,0.4367465674877167,0.44940608739852905,60971196601,2067394292
1,1,1,2.159912109375,1,2.241607666015625,1,0.22214137017726898,0.32678645849227905,-94.69820404052734,130.8334503173828,36.97773361206055,1,0.059882648289203644,0.33888334035873413,-150.65383911132812,128.62841796875,36.17512512207031,1,3.777627468109131,31.01895523071289,644.0640869140625,0.493330717086792,0.4416148364543915,0.43930041790008545,1,-62.63717269897461,33.38585662841797,645.3629150390625,0.6316006183624268,0.43675318360328674,0.44894132018089294,60971204935,2067402626
1,1,1,2.1731109619140625,1,2.2572479248046875,1,0.21958275139331818,0.33297330141067505,-95.5805435180664,129.70570373535156,36.56721496582031,1,0.056010402739048004,0.36190956830978394,-151.9891815185547,124.43113708496094,34.64748764038086,1,3.7570178508758545,30.99136734008789,643.950439453125,0.49337223172187805,0.44165700674057007,0.43904975056648254,1,-62.64948272705078,33.348548889160156,645.1273193359375,0.6316800117492676,0.436797559261322,0.44842979311943054,60971213266,2067410957
1,1,1,2.1738739013671875,1,2.2618255615234375,1,0.21867112815380096,0.31672292947769165,-95.89491271972656,132.6678466796875,37.645389556884766,1,0.0561649464070797,0.35955291986465454,-151.93588256835938,124.8607177734375,34.80380630493164,1,3.7281575202941895,30.989818572998047,643.882080078125,0.4934316575527191,0.4416511058807373,0.438900887966156,1,-62.669891357421875,33.318756103515625,644.8779296875,0.6317793726921082,0.4368245303630829,0.4478912353515625,60971221604,2067419295
1,1,1,2.162017822265625,1,2.2709197998046875,1,0.22484466433525085,0.30445393919944763,-93.76595306396484,134.90428161621094,38.4593505859375,1,0.06258170306682587,0.38442713022232056,-149.72303771972656,120.32658386230469,33.15354537963867,1,3.701272964477539,30.967254638671875,643.927978515625,0.49348846077919006,0.4417039453983307,0.43899694085121155,1,-62.71261215209961,33.30284118652344,645.0452880859375,0.6318300366401672,0.4368807375431061,0.448259174823761,60971229938,2067427629
1,1,1,2.177398681640625,1,2.2419281005859375,1,0.21452696621418,0.32309627532958984,-97.32405090332031,131.506103515625,37.222572326660156,1,0.06229693070054054,0.353167325258255,-149.8212432861328,126.02468872070312,35.22749710083008,1,3.676525831222534,30.947673797607422,644.0087890625,0.49354127049446106,0.44175514578819275,0.439169317483902,1,-62.752079010009766,33.280601501464844,645.19091796875,0.6318787932395935,0.43694695830345154,0.44857853651046753,60971238271,2067435962
1,1,1,2.13226318359375,1,2.266510009765625,1,0.21612077951431274,0.2788242995738983,-96.7744140625,139.5761260986328,40.15974044799805,1,0.0634412169456482,0.3596142828464508,-149.42662048339844,124.84953308105469,34.79971694946289,1,3.6510796546936035,30.95006561279297,643.9974365234375,0.49359428882598877,0.44174861907958984,0.4391447603702545,1,-62.7825927734375,33.26224899291992,645.1495361328125,0.6319517493247986,0.43697917461395264,0.44849297404289246,60971246602,2067444293
1,1,1,2.15972900390625,1,2.260345458984375,1,0.21971938014030457,0.29850706458091736,-95.5334243774414,135.98828125,38.85392761230469,1,0.06200496479868889,0.3412831425666809,-149.9219207763672,128.19094848632812,36.0159797668457,1,3.625645637512207,30.924907684326172,643.92919921875,0.4936465919017792,0.44179174304008484,0.43899282813072205,1,-62.8096923828125,33.23193359375,645.11962890625,0.6320149898529053,0.43703773617744446,0.44842952489852905,60971254938,2067452629
1,1,1,2.15863037109375,1,2.26446533203125,1,0.21614181995391846,0.28209367394447327,-96.76716613769531,138.9801483154297,39.94287872314453,1,0.05755897983908653,0.3469026982784271,-151.4551544189453,127.16663360595703,35.6430778503418,1,3.59810733795166,30.92949676513672,643.8717041015625,0.4937033951282501,0.4417746067047119,0.43886837363243103,1,-62.833045959472656,33.21959686279297,645.023681640625,0.6320855021476746,0.43704989552497864,0.4482254683971405,60971263271,2067460962
1,1,1,2.1434326171875,1,2.2368621826171875,1,0.2148657739162445,0.28199127316474915,-97.20721435546875,138.99884033203125,39.94963455200195,1,0.06776553392410278,0.3278999924659729,-147.9353790283203,130.63047790527344,36.90382385253906,1,3.57443904876709,30.92422103881836,643.83740234375,0.4937524199485779,0.4417809844017029,0.43879300355911255,1,-62.843223571777344,33.20018768310547,644.8800048828125,0.6321395039558411,0.43707019090652466,0.44791460037231445,60971271604,2067469295
1,1,1,2.1842498779296875,1,2.2507781982421875,1,0.21457673609256744,0.30891290307044983,-97.30689239501953,134.0915069580078,38.16351318359375,1,0.05414852127432823,0.3318692147731781,-152.63124084472656,129.906982421875,36.640445709228516,1,3.5567870140075684,30.918001174926758,643.83740234375,0.49378931522369385,0.441793829202652,0.438791960477829,1,-62.853546142578125,33.18789291381836,644.8312377929688,0.6321722269058228,0.43708884716033936,0.447809636592865,60971279938,2067477629
1,1,1,2.176239013671875,1,2.2145233154296875,1,0.21918731927871704,0.3180711269378662,-95.71690368652344,132.422119140625,37.555904388427734,1,0.05303790047764778,0.31283825635910034,-153.01425170898438,133.37599182128906,37.90306091308594,1,3.5460076332092285,30.929275512695312,643.7578125,0.49381083250045776,0.44175994396209717,0.4386206567287445,1,-62.873374938964844,33.193904876708984,644.8862915039062,0.6322007775306702,0.43708398938179016,0.447933554649353,60971288271,2067485962
1,1,1,2.214019775390625,1,2.2320098876953125,1,0.2190677374601364,0.32143980264663696,-95.75814056396484,131.80804443359375,37.33243942260742,1,0.05173049122095108,0.3192925453186035,-153.46511840820312,132.199462890625,37.47490692138672,1,3.5353169441223145,30.913414001464844,643.7233276367188,0.4938327670097351,0.44178831577301025,0.43854355812072754,1,-62.87619400024414,33.175453186035156,644.8034057617188,0.6322256326675415,0.43711069226264954,0.447752445936203,60971296604,2067494295
1,1,1,2.1566162109375,1,2.28759765625,1,0.22334007918834686,0.28958573937416077,-94.2848129272461,137.61448669433594,39.445804595947266,1,0.062115103006362915,0.34761348366737366,-149.88394165039062,127.03705596923828,35.595947265625,1,3.5307486057281494,30.9166316986084,643.6663208007812,0.49384161829948425,0.44177407026290894,0.43842029571533203,1,-62.888282775878906,33.17312240600586,644.824462890625,0.6322459578514099,0.43711841106414795,0.44780007004737854,60971304938,2067502629
1,1,1,2.1818389892578125,1,2.267364501953125,1,0.210152268409729,0.3081519603729248,-98.83268737792969,134.23019409179688,38.21404266357422,1,0.07766653597354889,0.3566460907459259,-144.52096557617188,125.39057159423828,34.996707916259766,1,3.530048370361328,30.910619735717773,643.6549072265625,0.4938429594039917,0.44178506731987,0.438394695520401,1,-62.89485549926758,33.16785430908203,644.834228515625,0.6322574019432068,0.4371306896209717,0.44782185554504395,60971313271,2067510962
1,1,1,2.17413330078125,1,2.2327117919921875,1,0.2040904313325882,0.28782159090042114,-100.92312622070312,137.93605041503906,39.56283187866211,1,0.06729874014854431,0.3385251760482788,-148.0963592529297,128.69369506835938,36.19889831542969,1,3.533644199371338,30.895967483520508,643.6322021484375,0.49383512139320374,0.4418124258518219,0.43834346532821655,1,-62.88887023925781,33.15409851074219,644.7774047851562,0.6322580575942993,0.43715134263038635,0.447695791721344,60971321604,2067519295
1,1,1,2.1761474609375,1,2.2601318359375,1,0.21185488998889923,0.2966472804546356,-98.24552917480469,136.32728576660156,38.9773063659668,1,0.06046542897820473,0.3657985031604767,-150.4528350830078,123.72225189208984,34.38945007324219,1,3.5044479370117188,30.86882781982422,643.5177001953125,0.4938948154449463,0.4418536126613617,0.438090980052948,1,-62.924476623535156,33.164031982421875,645.0869140625,0.6322611570358276,0.43717366456985474,0.448373019695282,60971329936,2067527628
1,1,1,2.1578521728515625,1,2.2863006591796875,1,0.1672777235507965,0.3106573522090912,-113.61815643310547,133.77349853515625,38.047821044921875,1,0.02624800056219101,0.38998401165008545,-162.25286865234375,119.31367492675781,32.78483581542969,1,3.4510209560394287,30.856456756591797,643.68994140625,0.4940086901187897,0.44190189242362976,0.4384622275829315,1,-62.95552444458008,33.14019775390625,645.1758422851562,0.632305383682251,0.4372352659702301,0.44856807589530945,60971338270,2067535962
1,1,1,2.1962890625,1,2.251556396484375,1,0.17187711596488953,0.34921160340309143,-112.03203582763672,126.7457504272461,35.48992919921875,1,0.03564763069152832,0.3968890905380249,-159.01136779785156,118.05499267578125,32.32673645019531,1,3.439272403717041,30.853641510009766,643.7240600585938,0.4940336346626282,0.4419121742248535,0.4385358691215515,1,-62.95619583129883,33.13709259033203,645.1633911132812,0.6323096752166748,0.43723997473716736,0.4485408663749695,60971346603,2067544295
1,1,1,2.2410125732421875,1,2.2691497802734375,1,0.18059106171131134,0.38268184661865234,-109.0270004272461,120.64472961425781,33.269317626953125,1,0.02577345259487629,0.4066642224788666,-162.41653442382812,116.273193359375,31.678165435791016,1,3.463937520980835,30.840641021728516,643.575439453125,0.4939802587032318,0.44191962480545044,0.4382118582725525,1,-62.90087127685547,33.114585876464844,645.034912109375,0.6322242617607117,0.4372689127922058,0.4482486844062805,60971354943,2067552635
1,1,1,2.17840576171875,1,2.2682037353515625,1,0.19384054839611053,0.34998205304145813,-104.45784759521484,126.60529327392578,35.43881607055664,1,0.027459366247057915,0.4153805673122406,-161.83514404296875,114.68434143066406,31.099912643432617,1,3.490438938140869,30.830345153808594,643.471923828125,0.4939235746860504,0.44192740321159363,0.4379861652851105,1,-62.87902069091797,33.12087631225586,645.1548461914062,0.6321514248847961,0.4372725188732147,0.4485039710998535,60971363277,2067560969
1,1,1,2.1877899169921875,1,2.27459716796875,1,0.19551381468772888,0.3670947849750519,-103.88082122802734,123.4859848022461,34.30344009399414,1,0.04326406121253967,0.4031769633293152,-156.3848114013672,116.9088134765625,31.909618377685547,1,3.5149242877960205,30.832481384277344,643.51806640625,0.4938729703426361,0.4419291019439697,0.4380868673324585,1,-62.85963821411133,33.12297439575195,645.181884765625,0.6321049928665161,0.43727198243141174,0.44855862855911255,60971371610,2067569302
1,1,1,2.1351165771484375,1,2.29437255859375,1,0.1825704425573349,0.32623451948165894,-108.34439849853516,130.93406677246094,37.014339447021484,1,0.03845725208520889,0.4098500907421112,-158.04244995117188,115.69242095947266,31.466861724853516,1,3.55336332321167,30.829723358154297,643.6781005859375,0.49379464983940125,0.4419559836387634,0.43843409419059753,1,-62.82286834716797,33.11048889160156,645.1303100585938,0.6320404410362244,0.437290757894516,0.44843778014183044,60971379943,2067577635
1,1,1,2.1887359619140625,1,2.2665557861328125,1,0.1712370216846466,0.36330562829971313,-112.25277709960938,124.17665100097656,34.55485916137695,1,0.03449537232518196,0.4047273099422455,-159.40872192382812,116.626220703125,31.80670738220215,1,3.603595733642578,30.8299560546875,643.7115478515625,0.4936900734901428,0.4419599771499634,0.4385073482990265,1,-62.75669860839844,33.10657501220703,644.9202880859375,0.6319509744644165,0.437269926071167,0.44797006249427795,60971388277,2067585969
1,1,1,2.2177581787109375,1,2.295257568359375,1,0.17848992347717285,0.3860589861869812,-109.75157928466797,120.02913665771484,33.04526901245117,1,0.03083091601729393,0.3986304998397827,-160.6724395751953,117.73757934570312,32.21117401123047,1,3.654885768890381,30.82515525817871,643.6654663085938,0.49358224868774414,0.4419640004634857,0.438407301902771,1,-62.706764221191406,33.106407165527344,644.861328125,0.6318606734275818,0.4372622072696686,0.447832316160202,60971396610,2067594302
1,1,1,2.1884918212890625,1,2.29925537109375,1,0.1879117488861084,0.36438870429992676,-106.50242614746094,123.97923278808594,34.483001708984375,1,0.032935481518507004,0.400438517332077,-159.94667053222656,117.40798950195312,32.091270446777344,1,3.6958699226379395,30.820667266845703,643.5505981445312,0.49349507689476013,0.4419582784175873,0.43815797567367554,1,-62.667236328125,33.12181091308594,644.9735107421875,0.6317528486251831,0.4372459352016449,0.4480684995651245,60971404943,2067602635
1,1,1,2.1945343017578125,1,2.2979583740234375,1,0.18994660675525665,0.3561745584011078,-105.80069732666016,125.4765396118164,35.027915954589844,1,0.040407292544841766,0.39985373616218567,-157.36997985839844,117.51461029052734,32.13002395629883,1,3.7286977767944336,30.819072723388672,643.562255859375,0.4934265911579132,0.44196319580078125,0.438183456659317,1,-62.61671447753906,33.13331985473633,644.970947265625,0.6316484808921814,0.43722179532051086,0.44805416464805603,60971413277,2067610969
1,1,1,2.1697845458984375,1,2.30413818359375,1,0.18504713475704193,0.3407382667064667,-107.49029541015625,128.29031372070312,36.05204391479492,1,0.031690433621406555,0.412539005279541,-160.3760223388672,115.20232391357422,31.28836441040039,1,3.7841639518737793,30.810348510742188,643.699462890625,0.4933125078678131,0.4419994056224823,0.43848055601119995,1,-62.56005859375,33.12323760986328,644.8179321289062,0.6315655708312988,0.43722158670425415,0.4477105140686035,60971421610,2067619302
1,1,1,2.207061767578125,1,2.2918701171875,1,0.17459659278392792,0.38688135147094727,-111.0942153930664,119.87921142578125,32.99076843261719,1,0.03242357820272446,0.3932533264160156,-160.12318420410156,118.71774291992188,32.56789779663086,1,3.8409576416015625,30.816669464111328,643.6524047851562,0.4931930601596832,0.441980242729187,0.43838009238243103,1,-62.515525817871094,33.14198684692383,644.8253784179688,0.6314712762832642,0.43718385696411133,0.4477201998233795,60971429943,2067627635
1,1,1,2.166961669921875,1,2.2964324951171875,1,0.1723935306072235,0.3572043776512146,-111.85394287109375,125.288818359375,34.95961380004883,1,0.03670637682080269,0.3992370367050171,-158.64625549316406,117.62702178955078,32.170928955078125,1,3.8879551887512207,30.818756103515625,643.6290893554688,0.49309447407722473,0.44197291135787964,0.4383304715156555,1,-62.4708251953125,33.15758514404297,644.8466796875,0.6313734650611877,0.437154620885849,0.44775909185409546,60971438277,2067635969
1,1,1,2.176666259765625,1,2.2855072021484375,1,0.18522629141807556,0.36183157563209534,-107.42852020263672,124.44535827636719,34.652645111083984,1,0.04850821942090988,0.3796713650226593,-154.5763397216797,121.19346618652344,33.469093322753906,1,3.9243741035461426,30.815946578979492,643.560302734375,0.4930173456668854,0.44196978211402893,0.43818119168281555,1,-62.440643310546875,33.17201232910156,644.9577026367188,0.631285548210144,0.43714019656181335,0.44799473881721497,60971446610,2067644302
1,1,1,2.2102203369140625,1,2.2626495361328125,1,0.19106125831604004,0.36680999398231506,-105.41629791259766,123.53788757324219,34.32231521606445,1,0.041019897907972336,0.37600260972976685,-157.1587371826172,121.86223602294922,33.712459564208984,1,3.95709228515625,30.826034545898438,643.5946655273438,0.4929494857788086,0.4419534504413605,0.43825763463974,1,-62.39735412597656,33.18886947631836,644.9191284179688,0.6312042474746704,0.43709999322891235,0.44790491461753845,60971454943,2067652635
1,1,1,2.1993560791015625,1,2.3014373779296875,1,0.18304595351219177,0.35106512904167175,-108.180419921875,126.40788269042969,35.366943359375,1,0.04850688949227333,0.3822462260723114,-154.57681274414062,120.72412872314453,33.29827880859375,1,4.005676746368408,30.836458206176758,643.7543334960938,0.4928501844406128,0.4419529139995575,0.43860605359077454,1,-62.356910705566406,33.21466827392578,644.9854125976562,0.6311050653457642,0.4370557963848114,0.44804343581199646,60971463277,2067660969
1,1,1,2.199676513671875,1,2.3006591796875,1,0.17255215346813202,0.36684054136276245,-111.79924774169922,123.5323257446289,34.32026672363281,1,0.04349327087402344,0.41314926743507385,-156.30577087402344,115.0910415649414,31.247997283935547,1,4.055172920227051,30.854379653930664,643.8338012695312,0.49274784326553345,0.4419263005256653,0.43878161907196045,1,-62.302703857421875,33.24951171875,644.8081665039062,0.6310324668884277,0.43695905804634094,0.44765451550483704,60971471610,2067669302
1,1,1,2.22613525390625,1,2.2924346923828125,1,0.17484915256500244,0.35993051528930664,-111.00711822509766,124.7918930053711,34.77875518798828,1,0.04401586577296257,0.42326924204826355,-156.12554931640625,113.24637603759766,30.576522827148438,1,4.094653606414795,30.850624084472656,643.6961669921875,0.49266329407691956,0.4419160783290863,0.43848320841789246,1,-62.263694763183594,33.2606201171875,644.6744995117188,0.6309816837310791,0.4369175136089325,0.44735944271087646,60971479942,2067677635
1,1,1,2.1756744384765625,1,2.283966064453125,1,0.18522435426712036,0.3210572600364685,-107.42918395996094,131.87777709960938,37.357818603515625,1,0.02996845170855522,0.4254123568534851,-160.9698486328125,112.85572052001953,30.434335708618164,1,4.119168281555176,30.846660614013672,643.5700073242188,0.4926101565361023,0.44190773367881775,0.43820920586586,1,-62.233001708984375,33.28761291503906,644.6223754882812,0.6309295892715454,0.43685436248779297,0.4472445249557495,60971488275,2067685968
1,1,1,2.189056396484375,1,2.2744293212890625,1,0.1902851164340973,0.332334965467453,-105.6839599609375,129.8220672607422,36.609596252441406,1,0.03928422927856445,0.4006168842315674,-157.7572784423828,117.37548065185547,32.0794563293457,1,4.139125823974609,30.850872039794922,643.5238037109375,0.4925677180290222,0.44189292192459106,0.438109815120697,1,-62.215492248535156,33.3171272277832,644.7302856445312,0.6308686137199402,0.4368082582950592,0.44747817516326904,60971496608,2067694301
1,1,1,2.2069854736328125,1,2.2805938720703125,1,0.1932879537343979,0.3301335573196411,-104.64840698242188,130.22332763671875,36.75564956665039,1,0.04578380659222603,0.3878944218158722,-155.515869140625,119.69456481933594,32.92351150512695,1,4.159021377563477,30.854549407958984,643.48876953125,0.4925256073474884,0.4418807327747345,0.4380345940589905,1,-62.2011604309082,33.327972412109375,644.76904296875,0.6308299899101257,0.43679124116897583,0.44756045937538147,60971504941,2067702634
1,1,1,2.189117431640625,1,2.2556304931640625,1,0.18809086084365845,0.315112829208374,-106.44064331054688,132.9613494873047,37.752193450927734,1,0.05451482906937599,0.36938169598579407,-152.5049285888672,123.06910705566406,34.1517219543457,1,4.184225559234619,30.878578186035156,643.637451171875,0.49247512221336365,0.441850483417511,0.43836086988449097,1,-62.19308853149414,33.34645080566406,644.8400268554688,0.6307970285415649,0.43676280975341797,0.44771477580070496,60971513275,2067710968
1,1,1,2.1985015869140625,1,2.2581939697265625,1,0.18872679769992828,0.32964375615119934,-106.2213363647461,130.31260681152344,36.78813934326172,1,0.0548027902841568,0.3819340169429779,-152.40562438964844,120.7810287475586,33.31895446777344,1,4.211841583251953,30.88266944885254,643.6603393554688,0.49241769313812256,0.4418450891971588,0.4384114146232605,1,-62.179203033447266,33.34659194946289,644.8307495117188,0.6307703256607056,0.4367612898349762,0.447691947221756,60971521608,2067719301
1,1,1,2.2220611572265625,1,2.290924072265625,1,0.20616818964481354,0.38517075777053833,-100.20661926269531,120.19105529785156,33.10417556762695,1,0.04601597413420677,0.42178505659103394,-155.43580627441406,113.51690673828125,30.675020217895508,1,4.327688217163086,30.845584869384766,643.556396484375,0.4921739995479584,0.4419085681438446,0.43818241357803345,1,-62.066551208496094,33.32713317871094,644.700439453125,0.6305657029151917,0.43678364157676697,0.4473845064640045,60971529941,2067727634
1,1,1,2.213531494140625,1,2.2635345458984375,1,0.28917941451072693,0.4541335701942444,-71.579833984375,107.62035369873047,28.528831481933594,1,0.10783137381076813,0.5033724904060364,-134.11849975585938,98.64496612548828,25.262136459350586,1,4.541086673736572,30.72863006591797,643.555419921875,0.4917280077934265,0.4421515166759491,0.43816739320755005,1,-61.898136138916016,33.245548248291016,644.6044921875,0.6302376389503479,0.4369397461414337,0.44713082909584045,60971538275,2067735968
1,1,1,2.2026824951171875,1,2.295684814453125,1,0.37518811225891113,0.5953279733657837,-41.91936111450195,81.88312530517578,19.161300659179688,1,0.16180071234703064,0.5397750735282898,-115.50691986083984,92.00943756103516,22.846908569335938,1,4.783129692077637,30.60204315185547,643.4044189453125,0.49121952056884766,0.442394882440567,0.43782612681388855,1,-61.62337875366211,33.09998321533203,644.2017822265625,0.6297574043273926,0.43718618154525757,0.44618383049964905,60971546606,2067744299
1,1,1,2.1945037841796875,1,2.2708740234375,1,0.4392496645450592,0.6174964308738708,-19.82743263244629,77.84222412109375,17.690488815307617,1,0.22185733914375305,0.6012620329856873,-94.79613494873047,80.80147552490234,18.767547607421875,1,5.008408546447754,30.45690155029297,643.357666015625,0.4907477796077728,0.4426904618740082,0.4377085864543915,1,-61.42243957519531,33.07865905761719,644.20458984375,0.6293388605117798,0.4372312128543854,0.4461458921432495,60971554941,2067752634
1,1,1,2.1818084716796875,1,2.3000335693359375,1,0.48389023542404175,0.6443719267845154,-4.432945251464844,72.94330596923828,15.907398223876953,1,0.2442570924758911,0.6124165058135986,-87.07148742675781,78.76821899414062,18.027498245239258,1,5.142596244812012,30.42511749267578,643.618896484375,0.4904719889163971,0.4427907466888428,0.438273161649704,1,-61.31288146972656,33.02931213378906,644.0150146484375,0.6291534900665283,0.43730753660202026,0.4457071125507355,60971563275,2067760968
1,1,1,2.12945556640625,1,2.308624267578125,1,0.4908371567726135,0.6309232115745544,-2.037278413772583,75.394775390625,16.79966926574707,1,0.2321905642747879,0.6000379323959351,-91.23268127441406,81.02462768554688,18.84869384765625,1,5.177634239196777,30.412094116210938,643.4808349609375,0.4903961420059204,0.4427998661994934,0.4379724860191345,1,-61.297203063964844,33.00627136230469,643.8778076171875,0.6291516423225403,0.4373363256454468,0.44540417194366455,60971571606,2067769299
1,1,1,2.2252349853515625,1,2.2754364013671875,1,0.4819604754447937,0.6425172686576843,-5.098438262939453,73.28135681152344,16.03049659729004,1,0.25447797775268555,0.6010029315948486,-83.54678344726562,80.84870147705078,18.784748077392578,1,5.189962863922119,30.41210174560547,643.424072265625,0.4903692901134491,0.4427924156188965,0.43784961104393005,1,-61.33180618286133,33.00751876831055,643.9061279296875,0.6292173862457275,0.43733760714530945,0.4454726576805115,60971579939,2067777632
1,1,1,2.2022552490234375,1,2.3146209716796875,1,0.45444348454475403,0.6325536370277405,-14.58780574798584,75.09757995605469,16.691482543945312,1,0.25118836760520935,0.6016401052474976,-84.68120574951172,80.73255157470703,18.742454528808594,1,5.202140808105469,30.405227661132812,643.3666381835938,0.49034276604652405,0.44279927015304565,0.437724232673645,1,-61.34926986694336,32.97129821777344,643.9737548828125,0.6292387247085571,0.43742212653160095,0.44561702013015747,60971588273,2067785966
1,1,1,2.1937713623046875,1,2.2815704345703125,1,0.46860483288764954,0.6336606740951538,-9.70418643951416,74.89578247070312,16.61805534362793,1,0.249345064163208,0.6314995884895325,-85.31688690185547,75.28971862792969,16.76143455505371,1,5.215660095214844,30.405000686645508,643.286376953125,0.49031299352645874,0.4427892565727234,0.43755027651786804,1,-61.35206604003906,32.97309112548828,643.8558349609375,0.6292709708213806,0.43740206956863403,0.44536319375038147,60971596606,2067794299
1,1,1,2.17779541015625,1,2.33135986328125,1,0.4707317054271698,0.617915153503418,-8.970724105834961,77.76589965820312,17.6627197265625,1,0.2393721640110016,0.6406624913215637,-88.75608825683594,73.61949157714844,16.15346908569336,1,5.226166725158691,30.411001205444336,643.2978515625,0.49029117822647095,0.4427783489227295,0.43757617473602295,1,-61.355743408203125,32.965110778808594,643.7266235351562,0.6293076276779175,0.4374006986618042,0.44508373737335205,60971604939,2067802632
1,1,1,2.18243408203125,1,2.292205810546875,1,0.4696477949619293,0.6116917133331299,-9.344520568847656,78.90032958984375,18.075599670410156,1,0.24410109221935272,0.6206778287887573,-87.12528228759766,77.26231384277344,17.479402542114258,1,5.230911731719971,30.421302795410156,643.2516479492188,0.490280419588089,0.4427509605884552,0.4374774396419525,1,-61.36316680908203,32.97549819946289,643.69140625,0.6293309330940247,0.43737420439720154,0.44501063227653503,60971613276,2067810969
1,1,1,2.161651611328125,1,2.305908203125,1,0.46453946828842163,0.595924437046051,-11.106146812438965,81.7744140625,19.12168312072754,1,0.25303778052330017,0.6352459192276001,-84.04342651367188,74.60680389404297,16.512876510620117,1,5.235341548919678,30.423519134521484,643.18310546875,0.49026986956596375,0.4427374005317688,0.43732911348342896,1,-61.36644744873047,32.96986389160156,643.6209716796875,0.6293536424636841,0.43737614154815674,0.44485846161842346,60971621609,2067819302
1,1,1,2.2050323486328125,1,2.284271240234375,1,0.48465123772621155,0.6217262148857117,-4.1705217361450195,77.07122039794922,17.40986442565918,1,0.2399791181087494,0.6095245480537415,-88.54676818847656,79.29537200927734,18.219362258911133,1,5.238955020904541,30.431549072265625,643.16015625,0.49026185274124146,0.4427177309989929,0.437280535697937,1,-61.37103271484375,32.97585678100586,643.5732421875,0.6293737888336182,0.4373570680618286,0.4447570741176605,60971629941,2067827635
1,1,1,2.1846771240234375,1,2.30438232421875,1,0.4650728106498718,0.639307975769043,-10.922221183776855,73.86636352539062,16.243383407592773,1,0.24685212969779968,0.6306034326553345,-86.17657470703125,75.45304870605469,16.820907592773438,1,5.240015983581543,30.438505172729492,643.1373291015625,0.49025917053222656,0.4427002966403961,0.43723198771476746,1,-61.375587463378906,32.9805908203125,643.537109375,0.6293913125991821,0.43734219670295715,0.444680780172348,60971638275,2067835969
1,1,1,2.1446685791015625,1,2.3193511962890625,1,0.46253612637519836,0.5778414011001587,-11.797018051147461,85.07064056396484,20.32139778137207,1,0.24618227779865265,0.6503975987434387,-86.40757751464844,71.84493255615234,15.507645606994629,1,5.238091945648193,30.430950164794922,643.1258544921875,0.4902629852294922,0.44271451234817505,0.437205970287323,1,-61.38298797607422,32.96949005126953,643.477783203125,0.6294201612472534,0.43735700845718384,0.444552481174469,60971646608,2067844302
1,1,1,2.1976318359375,1,2.282379150390625,1,0.4729933440685272,0.6325782537460327,-8.190801620483398,75.09309387207031,16.68988609313965,1,0.25270432233810425,0.6349523067474365,-84.15843200683594,74.66033172607422,16.53240394592285,1,5.230759143829346,30.426918029785156,643.0690307617188,0.4902772605419159,0.44271543622016907,0.43708205223083496,1,-61.39734649658203,32.96709442138672,643.4629516601562,0.6294534802436829,0.43735986948013306,0.44452303647994995,60971654941,2067852635
1,1,1,2.168121337890625,1,2.3114471435546875,1,0.45903894305229187,0.6057298183441162,-13.00302791595459,79.987060546875,18.471155166625977,1,0.2675134539604187,0.6400163769721985,-79.05142974853516,73.73725128173828,16.19637107849121,1,5.221990585327148,30.411056518554688,643.04638671875,0.4902952015399933,0.4427454173564911,0.437030553817749,1,-61.4157600402832,32.94797897338867,643.4251708984375,0.6295003294944763,0.43739429116249084,0.444442480802536,60971663275,2067860969
1,1,1,2.20355224609375,1,2.34014892578125,1,0.466072678565979,0.623333215713501,-10.577414512634277,76.77828979492188,17.303207397460938,1,0.25399020314216614,0.6251400113105774,-83.7149887084961,76.44892883300781,17.18338966369629,1,5.208370208740234,30.393997192382812,642.98974609375,0.49032264947891235,0.4427734315395355,0.436905175447464,1,-61.439796447753906,32.923583984375,643.44384765625,0.6295463442802429,0.43744751811027527,0.444484144449234,60971671610,2067869304
1,1,1,2.17578125,1,2.3115081787109375,1,0.46228349208831787,0.6166507005691528,-11.884126663208008,77.99637603759766,17.74662971496582,1,0.26187920570373535,0.6235551834106445,-80.99442291259766,76.73782348632812,17.288515090942383,1,5.193686485290527,30.39168930053711,642.9554443359375,0.4903527796268463,0.4427736699581146,0.43683019280433655,1,-61.48339080810547,32.92438507080078,643.6686401367188,0.6295866370201111,0.4374769330024719,0.44497865438461304,60971679941,2067877635
1,1,1,2.1944427490234375,1,2.296539306640625,1,0.46701565384864807,0.6003585457801819,-10.252218246459961,80.96615600585938,18.827489852905273,1,0.24071642756462097,0.5698631405830383,-88.2925033569336,86.52493286132812,20.8507022857666,1,5.170792579650879,30.40298843383789,642.9671020507812,0.49040088057518005,0.4427517056465149,0.43685659766197205,1,-61.490943908691406,32.94237518310547,643.66796875,0.6296024322509766,0.4374394416809082,0.44498130679130554,60971688275,2067885969
1,1,1,2.2189178466796875,1,2.285919189453125,1,0.48725301027297974,0.602814257144928,-3.2732813358306885,80.51852416992188,18.664587020874023,1,0.2404569834470749,0.5514376759529114,-88.38197326660156,89.8835678100586,22.073177337646484,1,5.138341903686523,30.418338775634766,642.9444580078125,0.4904683828353882,0.4427168071269989,0.4368089735507965,1,-61.51611328125,32.95420837402344,643.7093505859375,0.6296454668045044,0.4374206066131592,0.445077508687973,60971696608,2067894302
1,1,1,2.2188720703125,1,2.3099212646484375,1,0.4902266263961792,0.615867555141449,-2.2478339672088623,78.13916015625,17.798538208007812,1,0.24601544439792633,0.5558237433433533,-86.4651107788086,89.08406829833984,21.78215789794922,1,5.11100435256958,30.426799774169922,643.024658203125,0.49052709341049194,0.44270965456962585,0.436983585357666,1,-61.54113006591797,32.943641662597656,643.6351318359375,0.62971431016922,0.4374321699142456,0.44492095708847046,60971704941,2067902635
1,1,1,2.1641845703125,1,2.3386688232421875,1,0.4950588643550873,0.6193992495536804,-0.5814005136489868,77.49537658691406,17.56421661376953,1,0.2679271996021271,0.5933611989021301,-78.90874481201172,82.24163818359375,19.291793823242188,1,5.086618423461914,30.42824935913086,642.9907836914062,0.49057745933532715,0.44270214438438416,0.436909943819046,1,-61.57752227783203,32.924644470214844,643.5577392578125,0.6298075914382935,0.4374607801437378,0.44475841522216797,60971713275,2067910969
1,1,1,2.1869659423828125,1,2.30023193359375,1,0.4835166037082672,0.5724121332168579,-4.561803817749023,86.06028747558594,20.681596755981445,1,0.25306370854377747,0.5800224542617798,-84.03448486328125,84.67305755615234,20.17670249938965,1,5.056036949157715,30.429241180419922,642.9571533203125,0.4906408190727234,0.442695677280426,0.4368365705013275,1,-61.62908172607422,32.916412353515625,643.618408203125,0.6299013495445251,0.4374862015247345,0.444898784160614,60971721608,2067919302
1,1,1,2.194000244140625,1,2.301788330078125,1,0.4741385281085968,0.5994977951049805,-7.795865535736084,81.1230697631836,18.88458251953125,1,0.25533270835876465,0.589401364326477,-83.25201416015625,82.96344757080078,19.55448341369629,1,5.028853893280029,30.453750610351562,643.0258178710938,0.4906989336013794,0.44265368580818176,0.43698850274086,1,-61.66115188598633,32.914085388183594,643.6109008789062,0.6299698948860168,0.43748992681503296,0.4448888301849365,60971729943,2067927637
1,1,1,2.1799774169921875,1,2.3277435302734375,1,0.47168830037117004,0.6119446158409119,-8.640838623046875,78.8542251586914,18.05885124206543,1,0.26414987444877625,0.5730341076850891,-80.21138000488281,85.94688415527344,20.64040184020996,1,5.00454044342041,30.487503051757812,643.0143432617188,0.4907495975494385,0.44258201122283936,0.43696779012680054,1,-61.687808990478516,32.915550231933594,643.5955200195312,0.6300288438796997,0.4374847412109375,0.4448612332344055,60971738277,2067935971
1,1,1,2.197906494140625,1,2.377838134765625,1,0.4717516005039215,0.6118922233581543,-8.619014739990234,78.86378479003906,18.062265396118164,1,0.26058706641197205,0.6110203266143799,-81.44001007080078,79.02271270751953,18.120119094848633,1,4.975831031799316,30.502063751220703,642.9346923828125,0.4908081889152527,0.44254133105278015,0.43679651618003845,1,-61.71415710449219,32.9113883972168,643.579345703125,0.6300874352455139,0.4374910295009613,0.44483113288879395,60971746613,2067944307
1,1,1,2.1876220703125,1,2.3273468017578125,1,0.4780654311180115,0.6321215629577637,-6.441662788391113,75.17631530761719,16.720197677612305,1,0.26518571376800537,0.5940964221954346,-79.85415649414062,82.1076431274414,19.242902755737305,1,4.941082954406738,30.529205322265625,642.8775634765625,0.4908798635005951,0.44247740507125854,0.43667563796043396,1,-61.73142623901367,32.91023635864258,643.4939575195312,0.6301426291465759,0.4374815821647644,0.44465014338493347,60971754946,2067952640
1,1,1,2.1941375732421875,1,2.3069305419921875,1,0.48797905445098877,0.6384458541870117,-3.022907018661499,74.02351379394531,16.300554275512695,1,0.2579687535762787,0.5737061500549316,-82.34297180175781,85.82440185546875,20.595783233642578,1,4.915301322937012,30.559131622314453,642.9237060546875,0.4909345805644989,0.44242122769355774,0.43677952885627747,1,-61.75634765625,32.922027587890625,643.442138671875,0.6302062273025513,0.4374498724937439,0.44454506039619446,60971763280,2067960974
1,1,1,2.19158935546875,1,2.3295440673828125,1,0.4725552797317505,0.6323944330215454,-8.3418550491333,75.1265869140625,16.702075958251953,1,0.26175349950790405,0.5919033288955688,-81.03777313232422,82.50738525390625,19.38850212097168,1,4.887362957000732,30.563398361206055,642.9691162109375,0.4909939169883728,0.44241827726364136,0.43687811493873596,1,-61.78641891479492,32.91902160644531,643.4833984375,0.6302595138549805,0.4374617636203766,0.4446399211883545,60971771613,2067969307
1,1,1,2.142730712890625,1,2.2865142822265625,1,0.4722273051738739,0.607460081577301,-8.454970359802246,79.67169189453125,18.356332778930664,1,0.2575931251049042,0.5785222053527832,-82.47250366210938,84.94654846191406,20.276247024536133,1,4.8687896728515625,30.568796157836914,642.9464111328125,0.4910323917865753,0.4424040615558624,0.43682941794395447,1,-61.81278991699219,32.91964340209961,643.490234375,0.630312979221344,0.43746134638786316,0.44466009736061096,60971779945,2067977640
1,1,1,2.2093048095703125,1,2.314178466796875,1,0.49318668246269226,0.6348358988761902,-1.2270246744155884,74.6815414428711,16.54009437561035,1,0.26482439041137695,0.5915003418922424,-79.978759765625,82.58085632324219,19.41520881652832,1,4.841983795166016,30.571552276611328,642.935791015625,0.49108824133872986,0.442396879196167,0.43680620193481445,1,-61.842506408691406,32.908470153808594,643.520263671875,0.6303680539131165,0.4374886751174927,0.4447294771671295,60971788279,2067985974
1,1,1,2.165069580078125,1,2.315460205078125,1,0.4871208369731903,0.6264256834983826,-3.318854331970215,76.21456909179688,17.09807586669922,1,0.26584649085998535,0.57967609167099,-79.62628173828125,84.7362060546875,20.199716567993164,1,4.824434280395508,30.566444396972656,642.9359130859375,0.4911250174045563,0.4424074590206146,0.43680551648139954,1,-61.86256408691406,32.892913818359375,643.5271606445312,0.6304084062576294,0.43752190470695496,0.444746196269989,60971796612,2067994307
1,1,1,2.22857666015625,1,2.3047943115234375,1,0.4758475422859192,0.6382375359535217,-7.206514835357666,74.0615005493164,16.31438446044922,1,0.2713965177536011,0.6012711524963379,-77.71233367919922,80.79981231689453,18.7669620513916,1,4.806748390197754,30.5769100189209,643.015625,0.4911634027957916,0.4423961639404297,0.43697962164878845,1,-61.8839111328125,32.897613525390625,643.5930786132812,0.630437970161438,0.43752121925354004,0.44489359855651855,60971804945,2068002640
1,1,1,2.2092132568359375,1,2.2808837890625,1,0.4713957607746124,0.6318666338920593,-8.741713523864746,75.2227783203125,16.737085342407227,1,0.25852882862091064,0.5749956369400024,-82.1498031616211,85.58936309814453,20.510189056396484,1,4.798816680908203,30.570398330688477,643.0503540039062,0.49118056893348694,0.44241419434547424,0.437053918838501,1,-61.89997100830078,32.88104248046875,643.5894775390625,0.6304722428321838,0.43755510449409485,0.44488683342933655,60971813279,2068010974
1,1,1,2.2073974609375,1,2.2938690185546875,1,0.4682423770427704,0.6240183711051941,-9.829191207885742,76.65339660644531,17.25779151916504,1,0.267120897769928,0.5825992226600647,-79.18681335449219,84.20333862304688,20.005815505981445,1,4.7891998291015625,30.575279235839844,643.0957641601562,0.4912015199661255,0.44241002202033997,0.4371528923511505,1,-61.90718078613281,32.881614685058594,643.588623046875,0.6304874420166016,0.4375537931919098,0.44488659501075745,60971821612,2068019307
1,1,1,2.2091064453125,1,2.262054443359375,1,0.4833076298236847,0.6248428821563721,-4.633877277374268,76.50312805175781,17.203048706054688,1,0.2612335681915283,0.5643888711929321,-81.21709442138672,87.52278900146484,21.213895797729492,1,4.783586502075195,30.570396423339844,643.10693359375,0.49121347069740295,0.4424215853214264,0.437176376581192,1,-61.9203987121582,32.876319885253906,643.6446533203125,0.6305023431777954,0.4375724792480469,0.4450094401836395,60971829945,2068027640
1,1,1,2.2347259521484375,1,2.3062286376953125,1,0.4753316342830658,0.6377695798873901,-7.384416103363037,74.14680480957031,16.34543800354004,1,0.26385101675987244,0.5700558423995972,-80.31444549560547,86.48980712890625,20.837942123413086,1,4.777530670166016,30.570606231689453,643.1298828125,0.49122655391693115,0.44242414832115173,0.43722614645957947,1,-61.931583404541016,32.88037872314453,643.736083984375,0.6305049061775208,0.43757668137550354,0.445209801197052,60971838278,2068035973
1,1,1,2.201080322265625,1,2.3153228759765625,1,0.47562074661254883,0.6324363946914673,-7.284726619720459,75.11894989013672,16.699254989624023,1,0.27343857288360596,0.5841751098632812,-77.00813293457031,83.9161148071289,19.901195526123047,1,4.771074295043945,30.580032348632812,643.1070556640625,0.49123960733413696,0.44240155816078186,0.437177836894989,1,-61.93095397949219,32.890140533447266,643.723876953125,0.6305063366889954,0.4375547468662262,0.44518473744392395,60971846612,2068044307
1,1,1,2.2046051025390625,1,2.3023834228515625,1,0.47292670607566833,0.6307748556137085,-8.213765144348145,75.42182159423828,16.809494018554688,1,0.26348671317100525,0.5849984288215637,-80.44005584716797,83.76599884033203,19.84663200378418,1,4.77180814743042,30.576732635498047,643.11865234375,0.4912382662296295,0.4424099624156952,0.437202513217926,1,-61.93730163574219,32.88600158691406,643.7578125,0.6305118799209595,0.4375680387020111,0.44525861740112305,60971854945,2068052640
1,1,1,2.1995697021484375,1,2.3121337890625,1,0.4700510799884796,0.6404261589050293,-9.205450057983398,73.66254425048828,16.169204711914062,1,0.2835804224014282,0.5616869926452637,-73.51065826416016,88.01527404785156,21.39318084716797,1,4.764609336853027,30.58917999267578,643.0846557617188,0.49125275015830994,0.4423796236515045,0.437130331993103,1,-61.93113708496094,32.9062614440918,643.6646728515625,0.6305201053619385,0.4375130534172058,0.445059210062027,60971863278,2068060973
1,1,1,2.176513671875,1,2.2734832763671875,1,0.4656672179698944,0.6346784830093384,-10.717241287231445,74.71024322509766,16.55052947998047,1,0.26151204109191895,0.5652000904083252,-81.12104797363281,87.37492370605469,21.160114288330078,1,4.759735107421875,30.591876983642578,643.1076049804688,0.49126335978507996,0.4423770308494568,0.4371804893016815,1,-61.92876434326172,32.90434646606445,643.6080322265625,0.630527913570404,0.4375092387199402,0.444936066865921,60971871612,2068069307
1,1,1,2.21728515625,1,2.281036376953125,1,0.48366978764533997,0.6235238909721375,-4.508974552154541,76.74351501464844,17.290624618530273,1,0.2768915593624115,0.5839428901672363,-75.81733703613281,83.95845794677734,19.916522979736328,1,4.796566009521484,30.591386795043945,643.0728759765625,0.4911856949329376,0.4423735737800598,0.43710553646087646,1,-61.91666793823242,32.950469970703125,643.7849731445312,0.6304624676704407,0.4374380111694336,0.4453224539756775,60971879947,2068077642
1,1,1,2.1982879638671875,1,2.275787353515625,1,0.5575969219207764,0.6099255084991455,20.985126495361328,79.2222671508789,18.192787170410156,1,0.31910425424575806,0.5849642753601074,-61.26010513305664,83.77226257324219,19.848854064941406,1,4.9069037437438965,30.6074161529541,643.1626586914062,0.4909563660621643,0.442352294921875,0.43730428814888,1,-61.81753921508789,33.01722717285156,643.8148803710938,0.6302490830421448,0.4373037815093994,0.44537630677223206,60971888280,2068085975
1,1,1,2.172576904296875,1,2.31878662109375,1,0.5350373387336731,0.5884827971458435,13.205350875854492,83.13089752197266,19.6153507232666,1,0.35790643095970154,0.6015084981918335,-47.87901306152344,80.75653076171875,18.751266479492188,1,4.956321716308594,30.606998443603516,643.138916015625,0.4908525049686432,0.4423501193523407,0.43725359439849854,1,-61.76918029785156,33.037715911865234,643.7302856445312,0.6301673650741577,0.43724963068962097,0.445186585187912,60971896614,2068094309
1,1,1,2.1766815185546875,1,2.2731170654296875,1,0.5364176034927368,0.5988477468490601,13.681329727172852,81.24153137207031,18.927764892578125,1,0.3271445631980896,0.5794500708580017,-58.48738479614258,84.77738952636719,20.214712142944336,1,4.956315994262695,30.611080169677734,643.1396484375,0.4908525049686432,0.44234174489974976,0.43725574016571045,1,-61.775245666503906,33.05690383911133,643.728515625,0.630180299282074,0.43720948696136475,0.4451868534088135,60971904947,2068102642
1,1,1,2.1663665771484375,1,2.314453125,1,0.5446963310241699,0.5965682864189148,16.53628158569336,81.65704345703125,19.079004287719727,1,0.32998165488243103,0.585230827331543,-57.509010314941406,83.72367095947266,19.83116912841797,1,4.940367698669434,30.60733413696289,643.0826416015625,0.49088484048843384,0.44234201312065125,0.43713125586509705,1,-61.789939880371094,33.05086898803711,643.6334228515625,0.6302324533462524,0.43720880150794983,0.444983571767807,60971913280,2068110975
1,1,1,2.16412353515625,1,2.3348388671875,1,0.536800742149353,0.5852344036102295,13.813475608825684,83.72301483154297,19.8309268951416,1,0.32272574305534363,0.5964740514755249,-60.011234283447266,81.67422485351562,19.085220336914062,1,4.929733753204346,30.609107971191406,643.0713500976562,0.49090689420700073,0.4423368573188782,0.43710699677467346,1,-61.78755569458008,33.03862380981445,643.482666015625,0.6302616000175476,0.437213271856308,0.4446558356285095,60971921614,2068119309
1,1,1,2.140380859375,1,2.309600830078125,1,0.5375398993492126,0.5748630166053772,14.068370819091797,85.61353302001953,20.519010543823242,1,0.3315941095352173,0.5790947675704956,-56.95293045043945,84.84219360351562,20.238224029541016,1,4.923515796661377,30.607067108154297,643.0709228515625,0.49091991782188416,0.44234099984169006,0.43710553646087646,1,-61.793609619140625,33.03187561035156,643.4466552734375,0.6302824020385742,0.4372222423553467,0.4445783495903015,60971929944,2068127640
1,1,1,2.14215087890625,1,2.2861785888671875,1,0.5498272776603699,0.5985599160194397,18.305742263793945,81.29401397705078,18.946834564208984,1,0.3323236405849457,0.6136711239814758,-56.70135498046875,78.53950500488281,17.944316864013672,1,4.9127092361450195,30.6016845703125,643.0372924804688,0.49094197154045105,0.4423477351665497,0.43703174591064453,1,-61.80170440673828,33.021812438964844,643.4331665039062,0.6303023099899292,0.4372412860393524,0.44454944133758545,60971938279,2068135975
1,1,1,2.1672515869140625,1,2.3098297119140625,1,0.5538454651832581,0.5828796029090881,19.6914005279541,84.15225982666016,19.98715591430664,1,0.33318907022476196,0.5992160439491272,-56.40291213989258,81.17440795898438,18.90326499938965,1,4.895790100097656,30.60094451904297,643.0255126953125,0.4909771978855133,0.4423477053642273,0.43700575828552246,1,-61.81926345825195,33.018333435058594,643.44140625,0.6303370594978333,0.4372496008872986,0.44457027316093445,60971946613,2068144309
1,1,1,2.1640777587890625,1,2.2763519287109375,1,0.5487704873085022,0.6022542715072632,17.941274642944336,80.62062072753906,18.701688766479492,1,0.31998687982559204,0.6028608083724976,-60.95574188232422,80.51004791259766,18.6615047454834,1,4.880295753479004,30.589977264404297,642.9351806640625,0.4910079836845398,0.4423586428165436,0.4368080496788025,1,-61.83570098876953,33.00817108154297,643.4849243164062,0.6303614974021912,0.4372767210006714,0.44466617703437805,60971954946,2068152642
1,1,1,2.1732635498046875,1,2.3104248046875,1,0.5602092742919922,0.6092066168785095,21.886005401611328,79.35330200195312,18.24050521850586,1,0.340412437915802,0.6249169111251831,-53.91189193725586,76.48960876464844,17.198162078857422,1,4.866065979003906,30.586750030517578,642.92333984375,0.49103760719299316,0.4423637092113495,0.43678176403045654,1,-61.85222244262695,32.996768951416016,643.4937133789062,0.630393922328949,0.4373016059398651,0.4446868896484375,60971963279,2068160975
1,1,1,2.1876220703125,1,2.268218994140625,1,0.5515255928039551,0.6270682215690613,18.891382217407227,76.09747314453125,17.055408477783203,1,0.328657329082489,0.5810138583183289,-57.9656982421875,84.4923324584961,20.110965728759766,1,4.854165077209473,30.57388687133789,642.88916015625,0.4910619854927063,0.4423859417438507,0.436705619096756,1,-61.87843322753906,32.96955108642578,643.5585327148438,0.6304340362548828,0.4373670518398285,0.4448283314704895,60971971613,2068169309
1,1,1,2.148162841796875,1,2.2916259765625,1,0.537110447883606,0.6203751564025879,13.920279502868652,77.3174819946289,17.499483108520508,1,0.35857900977134705,0.5772064924240112,-47.647071838378906,85.18635559082031,20.363567352294922,1,4.842526435852051,30.562158584594727,642.8212890625,0.4910851716995239,0.44240137934684753,0.43655648827552795,1,-61.89439392089844,32.942291259765625,643.555419921875,0.6304681301116943,0.4374231696128845,0.44482091069221497,60971979946,2068177642
1,1,1,2.159515380859375,1,2.2740020751953125,1,0.5472002625465393,0.6227513551712036,17.3997745513916,76.88436126708984,17.34182357788086,1,0.34190744161605835,0.5918782949447632,-53.396324157714844,82.51197814941406,19.39006996154785,1,4.832394599914551,30.55437469482422,642.7987060546875,0.4911060333251953,0.4424145519733429,0.43650633096694946,1,-61.90262222290039,32.92771530151367,643.5184326171875,0.630493700504303,0.43744832277297974,0.4447406232357025,60971988279,2068185975
1,1,1,2.1199188232421875,1,2.289947509765625,1,0.5278553366661072,0.6117104887962341,10.72859001159668,78.89688873291016,18.074386596679688,1,0.3386111557483673,0.5755420327186584,-54.5330810546875,85.48976135253906,20.47396469116211,1,4.823769569396973,30.54732894897461,642.8444213867188,0.49112480878829956,0.44243520498275757,0.436604380607605,1,-61.913970947265625,32.91664505004883,643.5291137695312,0.630514919757843,0.43747273087501526,0.4447643756866455,60971996613,2068194309
1,1,1,2.1830596923828125,1,2.2946319580078125,1,0.5424566268920898,0.6328991651535034,15.763931274414062,75.03459930419922,16.668550491333008,1,0.34253033995628357,0.600019633769989,-53.1815299987793,81.02790832519531,18.850061416625977,1,4.812448501586914,30.54625129699707,642.8446044921875,0.49114859104156494,0.44243738055229187,0.436604380607605,1,-61.920677185058594,32.91545867919922,643.5161743164062,0.6305317878723145,0.4374734163284302,0.4447377026081085,60972004946,2068202642
1,1,1,2.156890869140625,1,2.2574005126953125,1,0.5370003581047058,0.633380115032196,13.882309913635254,74.94689178466797,16.636686325073242,1,0.3332505226135254,0.5844264626502991,-56.38172149658203,83.87030029296875,19.884496688842773,1,4.80333137512207,30.555845260620117,642.8785400390625,0.49116817116737366,0.44242188334465027,0.4366792142391205,1,-61.933082580566406,32.92951965332031,643.5242919921875,0.6305558085441589,0.4374453127384186,0.44475987553596497,60972013281,2068210977
1,1,1,2.13580322265625,1,2.2664947509765625,1,0.5423707962036133,0.6285600662231445,15.734317779541016,75.8255386352539,16.956464767456055,1,0.3306125998497009,0.5778033137321472,-57.29141616821289,85.07759094238281,20.323888778686523,1,4.79641056060791,30.552833557128906,642.8898315429688,0.4911828935146332,0.44242963194847107,0.43670323491096497,1,-61.935546875,32.92396545410156,643.4666137695312,0.6305739879608154,0.4374488294124603,0.4446350038051605,60972021615,2068219311
1,1,1,2.1693115234375,1,2.252655029296875,1,0.5447691679000854,0.6253878474235535,16.561391830444336,76.40377807617188,17.166912078857422,1,0.32730093598365784,0.5717945098876953,-58.4334602355957,86.17286682128906,20.72260856628418,1,4.787426948547363,30.56161117553711,642.844482421875,0.49120089411735535,0.44240543246269226,0.436605840921402,1,-61.944602966308594,32.9451904296875,643.4769897460938,0.6305903792381287,0.4374062120914459,0.44466233253479004,60972029948,2068227644
1,1,1,2.1778411865234375,1,2.2552642822265625,1,0.5353463292121887,0.6413912773132324,13.31191635131836,73.48661804199219,16.10516929626465,1,0.32983502745628357,0.5843750834465027,-57.55956268310547,83.8796615600586,19.887920379638672,1,4.775793075561523,30.570755004882812,642.822021484375,0.49122485518455505,0.4423834979534149,0.43655818700790405,1,-61.947715759277344,32.9659309387207,643.4058837890625,0.6306129097938538,0.437353253364563,0.44451239705085754,60972038281,2068235977
1,1,1,2.178863525390625,1,2.244873046875,1,0.5389670133590698,0.6406837105751038,14.56052303314209,73.6156234741211,16.152076721191406,1,0.32388707995414734,0.5761193037033081,-59.61072540283203,85.38453674316406,20.435659408569336,1,4.762609481811523,30.576522827148438,642.8568115234375,0.4912530183792114,0.4423760771751404,0.43663424253463745,1,-61.959068298339844,32.98613739013672,643.4036254882812,0.630636990070343,0.43731093406677246,0.44451281428337097,60972046615,2068244311
1,1,1,2.1838531494140625,1,2.275634765625,1,0.5395580530166626,0.6206911206245422,14.76432991027832,77.25990295410156,17.478506088256836,1,0.34828516840934753,0.5593267679214478,-51.19695281982422,88.44548797607422,21.549829483032227,1,4.7510504722595215,30.58079719543457,642.8333740234375,0.4912768602371216,0.44236406683921814,0.43658381700515747,1,-61.96281433105469,32.9969596862793,643.3096313476562,0.6306661367416382,0.43727537989616394,0.444312185049057,60972054948,2068252644
1,1,1,2.170074462890625,1,2.2783355712890625,1,0.5376743674278259,0.6086068749427795,14.114745140075684,79.46261596679688,18.28030014038086,1,0.32344552874565125,0.578498125076294,-59.763023376464844,84.9509048461914,20.27785873413086,1,4.740877151489258,30.579071044921875,642.8109130859375,0.49129772186279297,0.44236472249031067,0.43653470277786255,1,-61.973114013671875,32.99892807006836,643.2269897460938,0.630706250667572,0.43725982308387756,0.4441361129283905,60972063281,2068260977
1,1,1,2.1344451904296875,1,2.2555694580078125,1,0.5392439961433411,0.599151611328125,14.656025886535645,81.18614196777344,18.90760612487793,1,0.31657078862190247,0.5902819633483887,-62.13380432128906,82.80293273925781,19.496042251586914,1,4.680103778839111,30.571483612060547,642.6632080078125,0.49142247438430786,0.44236093759536743,0.43621230125427246,1,-62.04603576660156,33.02334213256836,643.36376953125,0.6308270692825317,0.4372279644012451,0.4444500505924225,60972071615,2068269311
1,1,1,2.14892578125,1,2.324554443359375,1,0.478329062461853,0.6179071664810181,-6.35075044631958,77.76736450195312,17.663211822509766,1,0.24050644040107727,0.6228162050247192,-88.36491394042969,76.87252807617188,17.337526321411133,1,4.456688404083252,30.571752548217773,642.688720703125,0.4918908178806305,0.44236335158348083,0.436264306306839,1,-62.219207763671875,33.01128005981445,643.2716064453125,0.6312090158462524,0.4372398555278778,0.44428497552871704,60972079947,2068277644
1,1,1,2.1669769287109375,1,2.284027099609375,1,0.34486258029937744,0.6032201647758484,-52.37725067138672,80.44453430175781,18.637630462646484,1,0.12301851063966751,0.6145228147506714,-128.88113403320312,78.38428497314453,17.887718200683594,1,4.10666036605835,30.580326080322266,642.8406372070312,0.49262604117393494,0.44236478209495544,0.4365900456905365,1,-62.532188415527344,33.02112579345703,643.8778076171875,0.6317225098609924,0.43730294704437256,0.44566014409065247,60972088280,2068285977
1,1,1,2.1712646484375,1,2.303466796875,1,0.2529868185520172,0.6037967801094055,-84.06100463867188,80.33942413330078,18.599382400512695,1,0.07602378726005554,0.6192184686660767,-145.0874786376953,77.52831268310547,17.576250076293945,1,3.708925247192383,30.581445693969727,642.901123046875,0.493459552526474,0.4423695504665375,0.436716228723526,1,-62.835086822509766,33.00400161743164,644.34375,0.6322462558746338,0.43740248680114746,0.44672664999961853,60972096614,2068294311
1,1,1,2.16119384765625,1,2.3089599609375,1,0.17044836282730103,0.5786823034286499,-112.52474975585938,84.9173583984375,20.26559829711914,1,-0.0036018486134707928,0.5970141291618347,-172.54672241210938,81.57579803466797,19.04936408996582,1,3.3536040782928467,30.56133270263672,642.7554931640625,0.4942016899585724,0.4423915445804596,0.43639326095581055,1,-63.09270477294922,33.00082015991211,644.857666015625,0.632663905620575,0.4374796748161316,0.44788965582847595,60972104947,2068302644
1,1,1,2.175628662109375,1,2.3011627197265625,1,0.1285707652568817,0.5973526835441589,-126.96642303466797,81.51409149169922,19.026887893676758,1,-0.02536030299961567,0.5966929793357849,-180.0502166748047,81.63433074951172,19.07065200805664,1,3.094395637512207,30.57708168029785,642.8934326171875,0.4947459101676941,0.44237643480300903,0.43669193983078003,1,-63.268795013427734,33.020347595214844,645.8336181640625,0.632805347442627,0.43757376074790955,0.45003634691238403,60972113280,2068310977
1,1,1,2.195526123046875,1,2.2970733642578125,1,0.09500852972269058,0.6025042533874512,-138.54051208496094,80.5750503540039,18.68510627746582,1,-0.07119252532720566,0.6068438291549683,-195.85565185546875,79.78400421142578,18.39716339111328,1,2.9860706329345703,30.566993713378906,642.8265991210938,0.49497199058532715,0.4423883855342865,0.43654438853263855,1,-63.33732604980469,33.02513122558594,645.6679077148438,0.632985532283783,0.43754082918167114,0.44969362020492554,60972121614,2068319311
1,1,1,2.255157470703125,1,2.2897186279296875,1,0.09136306494474411,0.6053774356842041,-139.7976531982422,80.05130004882812,18.49452018737793,1,-0.052593257278203964,0.600237250328064,-189.44161987304688,80.98828125,18.83553695678711,1,2.9608075618743896,30.57176971435547,642.769287109375,0.49502429366111755,0.4423708915710449,0.4364204704761505,1,-63.39038848876953,33.03938293457031,645.9515380859375,0.6330304145812988,0.4375503659248352,0.4503191113471985,60972129947,2068327644
1,1,1,2.2383575439453125,1,2.3661346435546875,1,0.09555316716432571,0.6069631576538086,-138.35267639160156,79.76225280761719,18.389299392700195,1,-0.033900801092386246,0.610159158706665,-182.99545288085938,79.17967987060547,18.17727279663086,1,2.9496383666992188,30.578262329101562,642.7467651367188,0.4950474500656128,0.4423544406890869,0.43637242913246155,1,-63.413822174072266,33.029090881347656,645.9114990234375,0.6330881714820862,0.4375660717487335,0.45023617148399353,60972138284,2068335981
1,1,1,2.1995849609375,1,2.303985595703125,1,0.09513596445322037,0.5776603817939758,-138.49655151367188,85.1036376953125,20.333406448364258,1,-0.04160572588443756,0.6110559701919556,-185.6525421142578,79.01622772216797,18.117752075195312,1,2.93638277053833,30.582199096679688,642.769775390625,0.49507540464401245,0.44234928488731384,0.436422735452652,1,-63.409812927246094,32.981201171875,645.3475952148438,0.6332098841667175,0.4375874400138855,0.449010968208313,60972146618,2068344315
1,1,1,2.1955718994140625,1,2.2628021240234375,1,0.09181125462055206,0.5718064904212952,-139.6431121826172,86.17068481445312,20.721797943115234,1,-0.055339910089969635,0.6045726537704468,-190.38882446289062,80.197998046875,18.547941207885742,1,2.9103145599365234,30.594959259033203,642.7701416015625,0.4951300024986267,0.4423227310180664,0.43642497062683105,1,-63.4361572265625,32.977394104003906,645.365966796875,0.6332603693008423,0.43759778141975403,0.44905567169189453,60972154951,2068352648
1,1,1,2.2146759033203125,1,2.2813262939453125,1,0.113693468272686,0.5735809803009033,-132.096923828125,85.84723663330078,20.60406494140625,1,-0.0440610907971859,0.6197741627693176,-186.49925231933594,77.42703247070312,17.539377212524414,1,2.899118185043335,30.61672592163086,642.8616943359375,0.49515435099601746,0.4422895014286041,0.43662652373313904,1,-63.48011779785156,32.99303436279297,645.6398315429688,0.6332884430885315,0.43760308623313904,0.4496583342552185,60972163284,2068360981
1,1,1,2.218414306640625,1,2.324981689453125,1,0.10162234306335449,0.5618924498558044,-136.2596893310547,87.97783660888672,21.379545211791992,1,-0.03931424394249916,0.606869637966156,-184.8623046875,79.77930450439453,18.39553451538086,1,2.884763717651367,30.657567977905273,642.9183959960938,0.49518489837646484,0.4422121047973633,0.43675497174263,1,-63.5153694152832,33.009071350097656,645.855712890625,0.6333116888999939,0.43759962916374207,0.45013415813446045,60972171618,2068369315
1,1,1,2.1907196044921875,1,2.29376220703125,1,0.1070793941617012,0.5909469127655029,-134.3778076171875,82.68174743652344,19.45189094543457,1,-0.04560764133930206,0.6051987409591675,-187.03262329101562,80.08387756347656,18.506406784057617,1,2.870380163192749,30.710350036621094,642.9061279296875,0.4952147603034973,0.44210085272789,0.43673548102378845,1,-63.53569793701172,33.02894592285156,645.76904296875,0.6333737969398499,0.4375465214252472,0.449954092502594,60972179951,2068377648
1,1,1,2.20672607421875,1,2.329254150390625,1,0.10582084953784943,0.5888144373893738,-134.81182861328125,83.0704574584961,19.593387603759766,1,-0.018488245084881783,0.6469089388847351,-177.68035888671875,72.4808349609375,15.739152908325195,1,2.858217239379883,30.729238510131836,642.8488159179688,0.49523961544036865,0.44205403327941895,0.43661364912986755,1,-63.54143524169922,33.02116012573242,645.44970703125,0.6334593892097473,0.43751850724220276,0.449264794588089,60972188284,2068385981
1,1,1,2.254913330078125,1,2.2801666259765625,1,0.11311405152082443,0.6231433749198914,-132.2967529296875,76.8128890991211,17.315868377685547,1,-0.04086381569504738,0.6247955560684204,-185.39666748046875,76.51174926757812,17.206172943115234,1,2.849226713180542,30.773681640625,642.9281005859375,0.495259165763855,0.44197210669517517,0.43679171800613403,1,-63.55966567993164,33.04336166381836,645.4817504882812,0.6334897875785828,0.4374769330024719,0.4493410885334015,60972196618,2068394315
1,1,1,2.1944122314453125,1,2.2477874755859375,1,0.10765327513217926,0.6227363348007202,-134.17991638183594,76.88709259033203,17.342849731445312,1,-0.04001308232545853,0.6185733675956726,-185.10328674316406,77.64591979980469,17.619050979614258,1,2.843512535095215,30.78607177734375,642.8934326171875,0.4952707588672638,0.44194185733795166,0.436718225479126,1,-63.565711975097656,33.04955291748047,645.4810180664062,0.6335023641586304,0.43746399879455566,0.44934162497520447,60972204951,2068402648
1,1,1,2.19635009765625,1,2.3117523193359375,1,0.11635956168174744,0.5968607068061829,-131.17750549316406,81.60375213623047,19.059574127197266,1,-0.03371264785528183,0.6306099891662598,-182.93057250976562,75.45185852050781,16.820480346679688,1,2.8429675102233887,30.798124313354492,642.951171875,0.4952724575996399,0.44192439317703247,0.436845064163208,1,-63.567039489746094,33.05198287963867,645.3982543945312,0.6335242986679077,0.4374474883079529,0.449163556098938,60972213284,2068410981
1,1,1,2.2057647705078125,1,2.29425048828125,1,0.10748559981584549,0.6012489795684814,-134.23773193359375,80.8038558959961,18.76838493347168,1,-0.03326589986681938,0.6521385312080383,-182.77650451660156,71.52759552001953,15.392156600952148,1,2.838900089263916,30.792434692382812,642.9053955078125,0.49528050422668457,0.44193020462989807,0.4367450177669525,1,-63.56575012207031,33.04045867919922,645.3397216796875,0.6335351467132568,0.43746328353881836,0.44903525710105896,60972221618,2068419315
1,1,1,2.2161865234375,1,2.2957916259765625,1,0.10923266410827637,0.6077794432640076,-133.63525390625,79.61344909667969,18.335203170776367,1,-0.03178301081061363,0.6325831413269043,-182.26510620117188,75.09215545654297,16.689577102661133,1,2.8390045166015625,30.794654846191406,642.9283447265625,0.4952804744243622,0.4419286251068115,0.43679505586624146,1,-63.5572395324707,33.0315055847168,645.2239990234375,0.6335442662239075,0.4374658465385437,0.448782354593277,60972229950,2068427648
1,1,1,2.16522216796875,1,2.30108642578125,1,0.12694710493087769,0.6185401082038879,-127.52635955810547,77.6519775390625,17.621248245239258,1,-0.022129643708467484,0.6166132688522339,-178.93612670898438,78.00322723388672,17.749019622802734,1,2.8407881259918213,30.788532257080078,642.870849609375,0.49527618288993835,0.4419337809085846,0.4366695284843445,1,-63.54928207397461,33.023006439208984,645.1546630859375,0.6335437893867493,0.4374738931655884,0.448629766702652,60972238283,2068435981
1,1,1,2.20391845703125,1,2.24993896484375,1,0.12475153058767319,0.6334571838378906,-128.28350830078125,74.9328842163086,16.63153839111328,1,-0.0356290377676487,0.6197624802589417,-183.59144592285156,77.42916107177734,17.540142059326172,1,2.8439135551452637,30.778005599975586,642.837158203125,0.4952693581581116,0.441951185464859,0.43659496307373047,1,-63.543235778808594,33.00953674316406,645.09716796875,0.6335446238517761,0.43749386072158813,0.4485025107860565,60972246616,2068444314
1,1,1,2.21142578125,1,2.2848968505859375,1,0.11058549582958221,0.6131768822669983,-133.16871643066406,78.6296157836914,17.977046966552734,1,-0.030065305531024933,0.6247966289520264,-181.67276000976562,76.51152801513672,17.20616340637207,1,2.8513340950012207,30.76506805419922,642.814208984375,0.49525362253189087,0.44197502732276917,0.43654346466064453,1,-63.52410888671875,32.99095153808594,644.99609375,0.6335282921791077,0.4375184178352356,0.44827747344970703,60972254950,2068452648
1,1,1,2.2128753662109375,1,2.269622802734375,1,0.10246185213327408,0.5955546498298645,-135.97019958496094,81.84182739257812,19.146242141723633,1,-0.04602288454771042,0.6030434370040894,-187.17579650878906,80.47671508789062,18.64943504333496,1,2.8489253520965576,30.767545700073242,642.8140869140625,0.495258629322052,0.4419698715209961,0.43654346466064453,1,-63.556915283203125,33.042869567871094,645.7892456054688,0.6334130764007568,0.4375203847885132,0.4500042498111725,60972263283,2068460981
1,1,1,2.1900482177734375,1,2.275970458984375,1,0.11872061342000961,0.5999755263328552,-130.36328125,81.03598022460938,18.8528995513916,1,-0.03546015918254852,0.5879959464073181,-183.533203125,83.21963500976562,19.6477108001709,1,2.8381917476654053,30.7802677154541,642.8483276367188,0.4952814280986786,0.44194793701171875,0.43661949038505554,1,-63.53848648071289,33.07100296020508,645.74609375,0.6333847641944885,0.43745627999305725,0.4499112367630005,60972271619,2068469317
1,1,1,2.179046630859375,1,2.3212738037109375,1,0.11507696658372879,0.5928578972816467,-131.61981201171875,82.33338165283203,19.32515525817871,1,-0.033767350018024445,0.6208434700965881,-182.9494171142578,77.23211669921875,17.468412399291992,1,2.834491729736328,30.77370262145996,642.8255615234375,0.4952889382839203,0.44195854663848877,0.43656909465789795,1,-63.51556396484375,33.05310821533203,645.491943359375,0.633395791053772,0.43745821714401245,0.4493551552295685,60972279952,2068477650
1,1,1,2.1915740966796875,1,2.3155364990234375,1,0.09084028005599976,0.5868518948554993,-139.9779510498047,83.42818450927734,19.723621368408203,1,-0.026366891339421272,0.6085886359214783,-180.3973388671875,79.46597290039062,18.28143882751465,1,2.8394670486450195,30.772781372070312,642.82568359375,0.495278537273407,0.44196048378944397,0.43656933307647705,1,-63.49299240112305,33.044918060302734,645.33154296875,0.6333860158920288,0.4374530613422394,0.4490030109882355,60972288285,2068485983
1,1,1,2.2005157470703125,1,2.30926513671875,1,0.10356242209672928,0.587273359298706,-135.59066772460938,83.35135650634766,19.695655822753906,1,-0.025749944150447845,0.590227484703064,-180.18458557128906,82.8128890991211,19.49962043762207,1,2.8596863746643066,30.773090362548828,642.8477783203125,0.49523642659187317,0.4419628083705902,0.43661752343177795,1,-63.48664855957031,33.0489501953125,645.5087890625,0.6333319544792175,0.4374692142009735,0.449384868144989,60972296619,2068494317
1,1,1,2.1822357177734375,1,2.34912109375,1,0.09035331010818481,0.5916745066642761,-140.14588928222656,82.54911041259766,19.40363883972168,1,-0.016324466094374657,0.6174289584159851,-176.93417358398438,77.85452270507812,17.695005416870117,1,2.886782169342041,30.756839752197266,642.7113037109375,0.49517834186553955,0.44197866320610046,0.436319500207901,1,-63.466495513916016,33.05065155029297,645.4782104492188,0.6332972049713135,0.4374615550041199,0.44931480288505554,60972304952,2068502650
1,1,1,2.2082672119140625,1,2.303436279296875,1,0.08541196584701538,0.5931180715560913,-141.84991455078125,82.28594970703125,19.30790138244629,1,-0.02252284251153469,0.6066713333129883,-179.0717010498047,79.81544494628906,18.4086971282959,1,2.9151723384857178,30.744571685791016,642.573974609375,0.49511751532554626,0.4419861137866974,0.436020165681839,1,-63.440086364746094,33.059906005859375,645.4720458984375,0.63324373960495,0.4374415874481201,0.4492974281311035,60972313285,2068510983
1,1,1,2.2489166259765625,1,2.3141021728515625,1,0.07576457411050797,0.6110589504241943,-145.17686462402344,79.0156478881836,18.117626190185547,1,-0.021457169204950333,0.6213902235031128,-178.70420837402344,77.13245391845703,17.432113647460938,1,2.939025402069092,30.742263793945312,642.540283203125,0.49506711959838867,0.4419865012168884,0.43594691157341003,1,-63.42333984375,33.069984436035156,645.5692138671875,0.6331865787506104,0.43743419647216797,0.449505090713501,60972321619,2068519317
1,1,1,2.2397003173828125,1,2.3165283203125,1,0.07827600091695786,0.5996063947677612,-144.310791015625,81.1032485961914,18.87743377685547,1,-0.029726065695285797,0.6184973120689392,-181.55575561523438,77.65977478027344,17.624120712280273,1,2.972940444946289,30.74484634399414,642.517578125,0.4949958622455597,0.44197818636894226,0.4358983635902405,1,-63.39938735961914,33.08818054199219,645.67919921875,0.6331114172935486,0.43741175532341003,0.44974008202552795,60972329952,2068527650
1,1,1,2.20782470703125,1,2.31500244140625,1,0.09427516907453537,0.5978970527648926,-138.7934112548828,81.41484069824219,18.99081039428711,1,-0.028050651773810387,0.6130172610282898,-180.97799682617188,78.65870666503906,17.987661361694336,1,3.0001144409179688,30.744796752929688,642.5632934570312,0.4949394464492798,0.4419843852519989,0.43599772453308105,1,-63.35747146606445,33.077919006347656,645.4404907226562,0.6330794095993042,0.43740010261535645,0.44921451807022095,60972338285,2068535983
1,1,1,2.19464111328125,1,2.312835693359375,1,0.093500055372715,0.5840897560119629,-139.0607147216797,83.931640625,19.906904220581055,1,-0.030868902802467346,0.6267229914665222,-181.9498748779297,76.16039276123047,17.07834243774414,1,3.029170274734497,30.7342586517334,642.6885375976562,0.49487996101379395,0.44202283024787903,0.43626827001571655,1,-63.33584976196289,33.076560974121094,645.443359375,0.6330338716506958,0.4374033212661743,0.44921597838401794,60972346619,2068544317
1,1,1,2.1936187744140625,1,2.3024139404296875,1,0.09270656108856201,0.5706275105476379,-139.3343505859375,86.38558959960938,20.79999542236328,1,-0.03588470444083214,0.6252762079238892,-183.6796112060547,76.42414093017578,17.174304962158203,1,3.056612968444824,30.72616195678711,642.6882934570312,0.4948224723339081,0.44203969836235046,0.4362669587135315,1,-63.296077728271484,33.074127197265625,645.3461303710938,0.6329737305641174,0.43739500641822815,0.448997437953949,60972354952,2068552650
1,1,1,2.2135467529296875,1,2.3090362548828125,1,0.09747742861509323,0.5932550430297852,-137.68910217285156,82.2610092163086,19.298768997192383,1,-0.03553580865263939,0.6017088294029236,-183.55931091308594,80.72003173828125,18.7379150390625,1,3.085155487060547,30.688457489013672,642.6883544921875,0.4947627782821655,0.4421180784702301,0.43626219034194946,1,-63.25714111328125,33.05083084106445,645.4014892578125,0.6328802108764648,0.43745097517967224,0.44910529255867004,60972363285,2068560983
1,1,1,2.22540283203125,1,2.2866363525390625,1,0.08931148797273636,0.5690798759460449,-140.50515747070312,86.66768646240234,20.90266227722168,1,-0.04164369776844978,0.5867970585823059,-185.66563415527344,83.43816375732422,19.72722816467285,1,3.1167991161346436,30.651092529296875,642.5860595703125,0.4946954846382141,0.442182332277298,0.4360354244709015,1,-63.22725296020508,33.03874969482422,645.407470703125,0.6328168511390686,0.43747687339782715,0.449110209941864,60972371619,2068569317
1,1,1,2.1779632568359375,1,2.3354034423828125,1,0.10658666491508484,0.5664088726043701,-134.5477294921875,87.1545639038086,21.079931259155273,1,-0.03124980255961418,0.599541962146759,-182.0812530517578,81.114990234375,18.881675720214844,1,3.141158103942871,30.611896514892578,642.5745849609375,0.4946444034576416,0.44226235151290894,0.43600544333457947,1,-63.194114685058594,33.01604080200195,645.3921508789062,0.6327517032623291,0.43752187490463257,0.44906696677207947,60972379951,2068577650
1,1,1,2.255157470703125,1,2.344818115234375,1,0.09323026239871979,0.5645338892936707,-139.1537322998047,87.49635314941406,21.20430564880371,1,-0.025638939812779427,0.5841605067253113,-180.14630126953125,83.91878509521484,19.902156829833984,1,3.177124500274658,30.57105255126953,642.4144287109375,0.49456727504730225,0.44232627749443054,0.4356527626514435,1,-63.21989440917969,33.0601921081543,646.7000122070312,0.6325053572654724,0.4376108646392822,0.45190244913101196,60972388284,2068585983
1,1,1,2.1828155517578125,1,2.3166656494140625,1,0.10290708392858505,0.5633610486984253,-135.816650390625,87.71013641357422,21.282119750976562,1,-0.03134353458881378,0.590954601764679,-182.1135711669922,82.68031311035156,19.451452255249023,1,3.2088871002197266,30.569381713867188,642.4593505859375,0.4945012629032135,0.44233566522598267,0.43575042486190796,1,-63.189674377441406,32.9141845703125,643.8663330078125,0.6330941319465637,0.43752196431159973,0.445757120847702,60972396617,2068594316
1,1,1,2.2083740234375,1,2.2649993896484375,1,0.08247686177492142,0.5452667474746704,-142.8621063232422,91.00841522216797,22.482572555541992,1,-0.04235634207725525,0.561164379119873,-185.911376953125,88.11054992675781,21.427854537963867,1,3.2382736206054688,30.573379516601562,642.6876831054688,0.494442343711853,0.4423574209213257,0.43624651432037354,1,-63.17431640625,32.907501220703125,643.96240234375,0.6330400109291077,0.4375491440296173,0.4459604024887085,60972404954,2068602653
1,1,1,2.2126617431640625,1,2.2975006103515625,1,0.08920343965291977,0.5781527757644653,-140.54241943359375,85.01387786865234,20.300748825073242,1,-0.029953885823488235,0.5810886025428772,-181.63433837890625,84.47869110107422,20.106035232543945,1,3.259143352508545,30.57699966430664,642.8018188476562,0.4943999648094177,0.4423648416996002,0.436494916677475,1,-63.111839294433594,32.996788024902344,645.8306274414062,0.6324805021286011,0.43762239813804626,0.44999364018440247,60972413287,2068610986
1,1,1,2.203033447265625,1,2.287567138671875,1,0.09070780128240585,0.5894313454627991,-140.0236358642578,82.9579849243164,19.5524959564209,1,-0.043097224086523056,0.579029381275177,-186.1668701171875,84.85408782958984,20.242595672607422,1,3.280031204223633,30.5788631439209,642.8240356445312,0.49435651302337646,0.442363977432251,0.43654361367225647,1,-63.077247619628906,32.99855041503906,645.7069091796875,0.6324371099472046,0.4376017451286316,0.44971963763237,60972421620,2068619319
1,1,1,2.234283447265625,1,2.2886810302734375,1,0.08773550391197205,0.5859249830245972,-141.04864501953125,83.59713745117188,19.785099029541016,1,-0.050322748720645905,0.5883182287216187,-188.65863037109375,83.16087341308594,19.626323699951172,1,3.2918338775634766,30.569753646850586,642.721435546875,0.49433058500289917,0.4423694610595703,0.43631988763809204,1,-63.05713653564453,32.98884963989258,645.6998901367188,0.6323969960212708,0.4376209080219269,0.449698805809021,60972429954,2068627653
1,1,1,2.227447509765625,1,2.31585693359375,1,0.09297502785921097,0.5729477405548096,-139.24176025390625,85.96263885498047,20.646089553833008,1,-0.04316745698451996,0.6006683111190796,-186.1911163330078,80.90970611572266,18.80696678161621,1,3.3038582801818848,30.572185516357422,642.6640625,0.4943047761917114,0.4423569142818451,0.43619585037231445,1,-63.029754638671875,33.005775451660156,645.5181274414062,0.6323817372322083,0.4375608265399933,0.44930315017700195,60972438287,2068635986
1,1,1,2.2136688232421875,1,2.286376953125,1,0.11537783592939377,0.5845776796340942,-131.51605224609375,83.84272766113281,19.87445831298828,1,-0.046198081225156784,0.5954416394233704,-187.23622131347656,81.86241912841797,19.15373992919922,1,3.3128910064697266,30.567930221557617,642.5621337890625,0.49428460001945496,0.44235238432884216,0.43597424030303955,1,-63.017822265625,33.0097770690918,645.3786010742188,0.6323888301849365,0.43753331899642944,0.44899994134902954,60972446620,2068644319
1,1,1,2.206695556640625,1,2.3499298095703125,1,0.09436885267496109,0.5558450222015381,-138.76109313964844,89.08016967773438,21.780786514282227,1,-0.033446844667196274,0.5891014933586121,-182.83889770507812,83.01811218261719,19.574352264404297,1,3.318033456802368,30.567089080810547,642.4823608398438,0.4942728877067566,0.44234368205070496,0.43580108880996704,1,-63.012359619140625,33.01714324951172,645.2735595703125,0.6324015259742737,0.43750354647636414,0.44877320528030396,60972454954,2068652653
1,1,1,2.2124786376953125,1,2.3139495849609375,1,0.08111264556646347,0.5567063093185425,-143.3325653076172,88.92318725585938,21.723604202270508,1,-0.02249527908861637,0.5986695885658264,-179.06219482421875,81.27404022216797,18.939550399780273,1,3.3242783546447754,30.575908660888672,642.425537109375,0.4942590594291687,0.442317932844162,0.435679167509079,1,-62.99610137939453,33.0197639465332,644.7714233398438,0.6324828863143921,0.43742871284484863,0.44768595695495605,60972463287,2068660986
1,1,1,2.22589111328125,1,2.3540191650390625,1,0.09108935296535492,0.5641965270042419,-139.8920440673828,87.55785369873047,21.226673126220703,1,-0.026126693934202194,0.5955749154090881,-180.3145294189453,81.83814239501953,19.144847869873047,1,3.3221940994262695,30.57547378540039,642.3916015625,0.49426305294036865,0.44231435656547546,0.43560537695884705,1,-63.001380920410156,33.022804260253906,644.781982421875,0.632491409778595,0.43742385506629944,0.447710245847702,60972471620,2068669319
1,1,1,2.19140625,1,2.3795318603515625,1,0.09980100393295288,0.5733428001403809,-136.88780212402344,85.89064025878906,20.61989402770996,1,-0.001719983876682818,0.6200740933418274,-171.8977508544922,77.37234497070312,17.519556045532227,1,3.317819595336914,30.597122192382812,642.3682861328125,0.4942719340324402,0.4422662556171417,0.4355577528476715,1,-63.01061248779297,33.06009292602539,644.8026733398438,0.6325057148933411,0.437349408864975,0.44776225090026855,60972479954,2068677653
1,1,1,2.2368316650390625,1,2.3174591064453125,1,0.08044512569904327,0.5690222382545471,-143.56275939941406,86.67820739746094,20.906518936157227,1,-0.030794315040111542,0.6157873868942261,-181.92416381835938,78.15376281738281,17.803876876831055,1,3.310187816619873,30.61073875427246,642.345703125,0.4942876398563385,0.44223499298095703,0.435510516166687,1,-63.027931213378906,33.07129669189453,644.8587036132812,0.6325287222862244,0.4373339116573334,0.44788846373558044,60972488287,2068685986
1,1,1,2.2254791259765625,1,2.346923828125,1,0.09268727898597717,0.556559681892395,-139.3409881591797,88.94989013671875,21.733381271362305,1,-0.02988595701754093,0.6071059107780457,-181.61090087890625,79.7362289428711,18.379840850830078,1,3.2953293323516846,30.630634307861328,642.3684692382812,0.49431896209716797,0.4421966075897217,0.435562402009964,1,-63.05260467529297,33.087486267089844,644.9356079101562,0.6325623393058777,0.43731096386909485,0.448062002658844,60972496620,2068694319
1,1,1,2.1924591064453125,1,2.295867919921875,1,0.09588328748941422,0.5806745290756226,-138.2388458251953,84.55419158935547,20.133445739746094,1,-0.02889881655573845,0.5998929738998413,-181.27047729492188,81.05105590820312,18.85832405090332,1,3.319924831390381,30.660491943359375,642.2766723632812,0.4942663013935089,0.4421224892139435,0.43536776304244995,1,-63.058921813964844,33.09762954711914,644.875,0.6325892806053162,0.4372815787792206,0.44793397188186646,60972504954,2068702653
1,1,1,2.1856842041015625,1,2.31304931640625,1,0.16054187715053558,0.5787742733955383,-115.94103240966797,84.90058898925781,20.25950813293457,1,0.00035684986505657434,0.5811107158660889,-171.18154907226562,84.47470092773438,20.104503631591797,1,3.40777325630188,30.673782348632812,642.1732788085938,0.49408090114593506,0.44208139181137085,0.43514615297317505,1,-62.953834533691406,33.08382797241211,644.1580200195312,0.632535457611084,0.43721088767051697,0.44636204838752747,60972513287,2068710986
1,1,1,2.20538330078125,1,2.3291473388671875,1,0.15240587294101715,0.579373300075531,-118.74678039550781,84.79138946533203,20.219751358032227,1,-0.0053029474802315235,0.5568355321884155,-173.13336181640625,88.89962768554688,21.715055465698242,1,3.44171142578125,30.69931411743164,642.2069091796875,0.49401015043258667,0.4420328140258789,0.43522313237190247,1,-62.93919372558594,33.078033447265625,643.9503173828125,0.6325528025627136,0.4371940791606903,0.445909708738327,60972521620,2068719319
1,1,1,2.1966094970703125,1,2.2842864990234375,1,0.15847133100032806,0.5762189030647278,-116.65507507324219,85.36637878417969,20.429054260253906,1,-0.012909521348774433,0.5783961415290833,-175.7565155029297,84.96954345703125,20.284555435180664,1,3.432318925857544,30.680837631225586,642.1500244140625,0.49402916431427,0.44206371903419495,0.4350970685482025,1,-62.983924865722656,33.08388900756836,644.0823974609375,0.6326154470443726,0.4372001886367798,0.4462050795555115,60972529958,2068727658
1,1,1,2.219696044921875,1,2.343017578125,1,0.1532726287841797,0.5676494836807251,-118.4478759765625,86.92842864990234,20.997568130493164,1,0.015827104449272156,0.5919790863990784,-165.84657287597656,82.49356079101562,19.383512496948242,1,3.3958287239074707,30.651933670043945,642.0140991210938,0.4941040277481079,0.44210585951805115,0.4347977340221405,1,-63.0264778137207,33.06617736816406,644.0872192382812,0.6327030062675476,0.43723753094673157,0.44622179865837097,60972538291,2068735991
1,1,1,2.205718994140625,1,2.29351806640625,1,0.15081772208213806,0.5625393390655518,-119.2944564819336,87.85994720458984,21.336580276489258,1,-0.0082735326141119,0.5906022191047668,-174.15777587890625,82.74457550048828,19.474773406982422,1,3.3682734966278076,30.66422462463379,642.071044921875,0.49416249990463257,0.44208773970603943,0.43492260575294495,1,-63.05508804321289,33.053768157958984,644.0220947265625,0.6327775120735168,0.4372541606426239,0.4460853934288025,60972546624,2068744324
1,1,1,2.228118896484375,1,2.2804718017578125,1,0.14542517066001892,0.5785138607025146,-121.15411376953125,84.94806671142578,20.276762008666992,1,0.013148875907063484,0.5875208973884583,-166.7701416015625,83.30624389648438,19.67919158935547,1,3.340891122817993,30.64583969116211,642.12841796875,0.4942206144332886,0.44213348627090454,0.4350442588329315,1,-63.08228302001953,33.02757263183594,643.9576416015625,0.6328490972518921,0.437299519777298,0.44594806432724,60972554956,2068752656
1,1,1,2.1975250244140625,1,2.2911529541015625,1,0.15352828800678253,0.5843456387519836,-118.35970306396484,83.88501739501953,19.88986587524414,1,0.009891481138765812,0.5998791456222534,-167.8934783935547,81.05352783203125,18.859344482421875,1,3.3169305324554443,30.64354133605957,642.0599365234375,0.494269996881485,0.4421291947364807,0.4348951280117035,1,-63.10871887207031,33.014495849609375,643.9411010742188,0.6329079866409302,0.43732431530952454,0.445916086435318,60972563291,2068760991
1,1,1,2.1868743896484375,1,2.3240509033203125,1,0.154376819729805,0.5718884468078613,-118.06710052490234,86.15576171875,20.71630096435547,1,0.011497778818011284,0.6061664819717407,-167.33953857421875,79.90747833251953,18.442184448242188,1,3.2882373332977295,30.627859115600586,642.0374755859375,0.49432992935180664,0.4421587884426117,0.43484389781951904,1,-63.13059997558594,32.98399353027344,643.9361572265625,0.6329547762870789,0.4373868703842163,0.445905476808548,60972571624,2068769324
1,1,1,2.214019775390625,1,2.2959442138671875,1,0.15873342752456665,0.5463860034942627,-116.564697265625,90.80438232421875,22.408323287963867,1,0.009607978165149689,0.5961340069770813,-167.9912567138672,81.7362289428711,19.10778045654297,1,3.2564027309417725,30.630123138427734,641.9921875,0.4943961203098297,0.4421480596065521,0.43474557995796204,1,-63.14898681640625,32.96000289916992,643.8163452148438,0.6330207586288452,0.4374200105667114,0.445647269487381,60972579958,2068777658
1,1,1,2.1784515380859375,1,2.3032073974609375,1,0.1650550365447998,0.5619282722473145,-114.38465881347656,87.97129821777344,21.377178192138672,1,0.019520170986652374,0.5682724714279175,-164.572998046875,86.81486511230469,20.956260681152344,1,3.227180004119873,30.639266967773438,641.9013671875,0.49445632100105286,0.44211700558662415,0.434549480676651,1,-63.17695617675781,32.949684143066406,643.7179565429688,0.633101761341095,0.43742772936820984,0.4454392194747925,60972588291,2068785991
1,1,1,2.229644775390625,1,2.2961273193359375,1,0.15528395771980286,0.5722653865814209,-117.75425720214844,86.08704376220703,20.69133186340332,1,0.012047909200191498,0.6021409630775452,-167.1498260498047,80.6412353515625,18.709299087524414,1,3.207693576812744,30.63301658630371,641.822021484375,0.49449634552001953,0.4421195089817047,0.4343763291835785,1,-63.212364196777344,32.94024658203125,643.7694091796875,0.6331636309623718,0.4374544024467468,0.4455563724040985,60972596624,2068794324
1,1,1,2.2245941162109375,1,2.3272857666015625,1,0.15537121891975403,0.5803839564323425,-117.72417449951172,84.60717010498047,20.1527099609375,1,0.020896906033158302,0.6032543778419495,-164.0982208251953,80.43828582763672,18.635406494140625,1,3.18505859375,30.65334701538086,641.75390625,0.4945429861545563,0.4420681893825531,0.434231162071228,1,-63.232322692871094,32.945247650146484,643.77685546875,0.633203387260437,0.4374450147151947,0.44557735323905945,60972604958,2068802658
1,1,1,2.2440643310546875,1,2.3069915771484375,1,0.14913935959339142,0.5859254002571106,-119.87324523925781,83.59707641601562,19.785045623779297,1,0.003611347172409296,0.5950729250907898,-170.05923461914062,81.92964935302734,19.17816162109375,1,3.167984962463379,30.646339416503906,641.6969604492188,0.49457812309265137,0.44207528233528137,0.4341064393520355,1,-63.26011276245117,32.93373107910156,643.8187255859375,0.6332516074180603,0.43747469782829285,0.445671945810318,60972613291,2068810991
1,1,1,2.223419189453125,1,2.2962493896484375,1,0.1469617486000061,0.5836735367774963,-120.62422180175781,84.00753784179688,19.934467315673828,1,-0.00019790198712144047,0.5845233201980591,-171.37286376953125,83.85261535644531,19.878154754638672,1,3.147737741470337,30.659645080566406,641.6060180664062,0.49461960792541504,0.4420355558395386,0.4339107275009155,1,-63.28031921386719,32.932369232177734,643.7327880859375,0.6333135366439819,0.4374655485153198,0.44549041986465454,60972621624,2068819324
1,1,1,2.255157470703125,1,2.3060760498046875,1,0.1453959047794342,0.6022638082504272,-121.16419982910156,80.61888122558594,18.701086044311523,1,0.017825854942202568,0.5954727530479431,-165.15728759765625,81.85675048828125,19.15162467956543,1,3.1273744106292725,30.67656707763672,641.5943603515625,0.4946621358394623,0.44199874997138977,0.4338875114917755,1,-63.30342102050781,32.933135986328125,643.6578369140625,0.6333790421485901,0.4374534785747528,0.4453336000442505,60972629958,2068827658
1,1,1,2.2361297607421875,1,2.2963104248046875,1,0.14377368986606598,0.5930376052856445,-121.72362518310547,82.30062103271484,19.313230514526367,1,0.016151063144207,0.5961849689483643,-165.73484802246094,81.7269058227539,19.10443878173828,1,3.1030702590942383,30.685863494873047,641.5942993164062,0.49471309781074524,0.4419793486595154,0.43388843536376953,1,-63.32456970214844,32.92854309082031,643.607421875,0.6334347724914551,0.43745601177215576,0.4452285170555115,60972638291,2068835991
1,1,1,2.2358551025390625,1,2.297760009765625,1,0.14350782334804535,0.5870605707168579,-121.81529998779297,83.39014434814453,19.709728240966797,1,0.01036600861698389,0.6026231646537781,-167.72982788085938,80.55335998535156,18.677221298217773,1,3.0782310962677,30.690353393554688,641.5941162109375,0.4947652220726013,0.4419699013233185,0.43388843536376953,1,-63.347129821777344,32.9281005859375,643.5096435546875,0.633504331111908,0.4374433159828186,0.4450220465660095,60972646624,2068844324
1,1,1,2.22332763671875,1,2.3145599365234375,1,0.14365296065807343,0.5693720579147339,-121.76526641845703,86.61445617675781,20.883268356323242,1,0.00019143143435940146,0.5879603028297424,-171.2386016845703,83.22611236572266,19.65009117126465,1,3.040958881378174,30.6911563873291,641.5380859375,0.4948427975177765,0.44196075201034546,0.43376651406288147,1,-63.375404357910156,32.91766357421875,643.4577026367188,0.6335753798484802,0.43745771050453186,0.44491443037986755,60972654958,2068852658
1,1,1,2.2202301025390625,1,2.3064422607421875,1,0.15479683876037598,0.5870453715324402,-117.92224884033203,83.39291381835938,19.710763931274414,1,0.011400786228477955,0.5913344621658325,-167.37301635742188,82.61107635498047,19.426204681396484,1,3.002431869506836,30.695737838745117,641.458740234375,0.49492278695106506,0.44194069504737854,0.433594673871994,1,-63.41345977783203,32.91800308227539,643.50927734375,0.6336426138877869,0.4374641180038452,0.44503384828567505,60972663293,2068860993
1,1,1,2.20770263671875,1,2.3169708251953125,1,0.15658439695835114,0.5682452917098999,-117.30579376220703,86.81983184814453,20.958066940307617,1,0.028765687718987465,0.6138437390327454,-161.38462829589844,78.50802612304688,17.932857513427734,1,2.969541072845459,30.695068359375,641.3673095703125,0.49499082565307617,0.4419299364089966,0.4333959221839905,1,-63.454742431640625,32.91387176513672,643.5827026367188,0.633711576461792,0.4374827742576599,0.44520050287246704,60972671626,2068869326
1,1,1,2.236053466796875,1,2.30029296875,1,0.15567387640476227,0.5904455780982971,-117.61980438232422,82.77312469482422,19.485166549682617,1,0.013334390707314014,0.5872871279716492,-166.70619201660156,83.34886169433594,19.694700241088867,1,2.950011968612671,30.69674301147461,641.3106689453125,0.4950312077999115,0.4419189393520355,0.433273047208786,1,-63.490333557128906,32.90514373779297,643.5635986328125,0.6337901949882507,0.43749821186065674,0.4451654851436615,60972679959,2068877660
1,1,1,2.20263671875,1,2.2660369873046875,1,0.14425845444202423,0.5707083940505981,-121.55644989013672,86.370849609375,20.794666290283203,1,0.015138278715312481,0.5891197323799133,-166.08412170410156,83.01480102539062,19.5731258392334,1,2.9319334030151367,30.69915771484375,641.35595703125,0.49506962299346924,0.44191983342170715,0.43337151408195496,1,-63.50702667236328,32.88241958618164,643.3387451171875,0.6338772773742676,0.43751418590545654,0.444680392742157,60972688292,2068885993
1,1,1,2.1835174560546875,1,2.2812347412109375,1,0.1469513177871704,0.5821992754936218,-120.6278076171875,84.27627563476562,20.032251358032227,1,-0.00038833386497572064,0.5909364223480225,-171.4385223388672,82.68363952636719,19.45260238647461,1,2.9063658714294434,30.695009231567383,641.322265625,0.4951229989528656,0.44192397594451904,0.43329760432243347,1,-63.53343963623047,32.863616943359375,643.2755737304688,0.6339470744132996,0.43754446506500244,0.44454678893089294,60972696625,2068894326
1,1,1,2.2257232666015625,1,2.284576416015625,1,0.13457012176513672,0.5694084763526917,-124.89751434326172,86.60780334472656,20.880870819091797,1,-0.0033347802236676216,0.5859091877937317,-172.4546356201172,83.60000610351562,19.786178588867188,1,2.8696799278259277,30.690759658813477,641.2427978515625,0.49519920349121094,0.44192224740982056,0.4331241846084595,1,-63.56963348388672,32.85696792602539,643.3038330078125,0.6340159177780151,0.43756207823753357,0.444614440202713,60972704959,2068902660
1,1,1,2.2160491943359375,1,2.296966552734375,1,0.14366495609283447,0.5682424902915955,-121.76111602783203,86.82034301757812,20.958215713500977,1,0.007480636704713106,0.583209753036499,-168.72486877441406,84.0920639038086,19.96527099609375,1,2.821167469024658,30.694660186767578,641.2211303710938,0.495300829410553,0.44191116094589233,0.433077335357666,1,-63.608375549316406,32.85957336425781,643.3780517578125,0.6340793371200562,0.437566876411438,0.44478321075439453,60972713292,2068910993
1,1,1,2.2229766845703125,1,2.2901611328125,1,0.147542804479599,0.5600317716598511,-120.423828125,88.3170166015625,21.50298309326172,1,0.006952106487005949,0.5985890626907349,-168.9071502685547,81.28870391845703,18.944889068603516,1,2.784414291381836,30.69504737854004,641.2098388671875,0.49537786841392517,0.4419088363647461,0.4330523908138275,1,-63.640708923339844,32.85511779785156,643.38330078125,0.6341454982757568,0.4375767707824707,0.4448007345199585,60972721625,2068919326
1,1,1,2.1748046875,1,2.28875732421875,1,0.17526279389858246,0.5661716461181641,-110.86446380615234,87.19780731201172,21.09564208984375,1,0.009690136648714542,0.5802888870239258,-167.96292114257812,84.62451934814453,20.15898895263672,1,2.7587132453918457,30.707077026367188,641.2213134765625,0.49543192982673645,0.44188523292541504,0.433078795671463,1,-63.66267395019531,32.866554260253906,643.3095703125,0.6342083811759949,0.43754276633262634,0.444647878408432,60972729959,2068927660
1,1,1,2.1797332763671875,1,2.276458740234375,1,0.16484488546848297,0.554153561592102,-114.45713806152344,89.38851165771484,21.89296531677246,1,0.008920826017856598,0.5861355662345886,-168.2282257080078,83.5587387084961,19.771127700805664,1,2.7412314414978027,30.711864471435547,641.1990356445312,0.4954683780670166,0.4418722987174988,0.433030903339386,1,-63.69123840332031,32.86867141723633,643.2432250976562,0.6342833042144775,0.4375290870666504,0.44451093673706055,60972738292,2068935993
1,1,1,2.21722412109375,1,2.315826416015625,1,0.15537185966968536,0.5317506790161133,-117.72395324707031,93.47217559814453,23.37928581237793,1,0.021783728152513504,0.5991399884223938,-163.79238891601562,81.18828582763672,18.90834617614746,1,2.723137617111206,30.729379653930664,641.1651611328125,0.49550604820251465,0.4418312609195709,0.43295979499816895,1,-63.70465850830078,32.86968994140625,643.06689453125,0.6343523859977722,0.43750253319740295,0.44413334131240845,60972746625,2068944326
1,1,1,2.2270355224609375,1,2.2817230224609375,1,0.13803653419017792,0.5647283792495728,-123.70210266113281,87.46090698242188,21.191356658935547,1,0.015168184414505959,0.5982611775398254,-166.07382202148438,81.34847259521484,18.966651916503906,1,2.6949362754821777,30.7686767578125,641.1085815429688,0.49556460976600647,0.4417418837547302,0.43284207582473755,1,-63.734352111816406,32.886863708496094,643.0263061523438,0.6344237327575684,0.43746116757392883,0.444054514169693,60972754959,2068952660
1,1,1,2.208709716796875,1,2.3419952392578125,1,0.16932883858680725,0.5990333557128906,-112.91081237792969,81.20773315429688,18.91534996032715,1,0.0298064723610878,0.5997451543807983,-161.0257110595703,81.07796478271484,18.868181228637695,1,2.664358377456665,30.788665771484375,641.07470703125,0.4956284761428833,0.4416956901550293,0.43277111649513245,1,-63.76655197143555,32.892539978027344,643.031982421875,0.6344894170761108,0.4374500513076782,0.444074422121048,60972763292,2068960993
1,1,1,2.1874237060546875,1,2.2975616455078125,1,0.1572251319885254,0.5833663940429688,-117.0848388671875,84.06351470947266,19.954885482788086,1,0.019270408898591995,0.6310680508613586,-164.65911865234375,75.36837005615234,16.790056228637695,1,2.629582643508911,30.842525482177734,641.028076171875,0.49570098519325256,0.441577285528183,0.43267714977264404,1,-63.813899993896484,32.94316101074219,643.1276245117188,0.6345656514167786,0.4373580515384674,0.44429811835289,60972771625,2068969326
1,1,1,2.2017059326171875,1,2.292724609375,1,0.14927196502685547,0.5758829116821289,-119.82752227783203,85.4276123046875,20.451345443725586,1,0.004601225256919861,0.613516092300415,-169.7178497314453,78.56774139404297,17.9545955657959,1,2.584663152694702,30.858322143554688,640.9940185546875,0.49579495191574097,0.4415397644042969,0.43260496854782104,1,-63.855918884277344,32.956417083740234,643.1885986328125,0.6346389055252075,0.4373389184474945,0.444440633058548,60972779959,2068977660
1,1,1,2.23114013671875,1,2.311920166015625,1,0.10730715841054916,0.537280261516571,-134.2992706298828,92.46418762207031,23.01246452331543,1,-0.032656509429216385,0.5927755236625671,-182.5663604736328,82.3484115600586,19.33058738708496,1,2.4805748462677,30.894569396972656,641.09619140625,0.49601444602012634,0.44147759675979614,0.432830810546875,1,-63.94196701049805,33.01430892944336,643.837890625,0.6346661448478699,0.437308669090271,0.4458688497543335,60972788292,2068985993
1,1,1,2.22808837890625,1,2.3081817626953125,1,0.0954802930355072,0.5307126641273499,-138.3778076171875,93.66133880615234,23.448183059692383,1,-0.057644668966531754,0.5602505207061768,-191.1836395263672,88.27714538574219,21.488510131835938,1,2.304485559463501,30.91189193725586,641.2216796875,0.49638521671295166,0.4414578676223755,0.43310412764549255,1,-64.05754089355469,33.079185485839844,644.3575439453125,0.6347849369049072,0.4372459352016449,0.44702452421188354,60972796627,2068994328
1,1,1,2.2036895751953125,1,2.3043060302734375,1,0.06703728437423706,0.5124724507331848,-148.18650817871094,96.9862060546875,24.658336639404297,1,-0.059143710881471634,0.5652759671211243,-191.70059204101562,87.361083984375,21.15506935119629,1,2.205491065979004,30.922740936279297,641.1193237304688,0.496592253446579,0.4414214789867401,0.43288281559944153,1,-64.1214370727539,33.080440521240234,644.0260009765625,0.6349953413009644,0.43719714879989624,0.44632261991500854,60972804961,2069002662
1,1,1,2.22674560546875,1,2.3081512451171875,1,0.0977175310254097,0.5180336236953735,-137.6062774658203,95.97250366210938,24.28938102722168,1,-0.041918523609638214,0.5543081760406494,-185.7603759765625,89.36029815673828,21.882726669311523,1,2.1424660682678223,30.941200256347656,641.1658325195312,0.4967248737812042,0.4413890838623047,0.432985782623291,1,-64.1810531616211,33.10609436035156,644.26953125,0.6350622177124023,0.4371776878833771,0.4468647837638855,60972813294,2069010995
1,1,1,2.243408203125,1,2.2964935302734375,1,0.07519356161355972,0.5124919414520264,-145.37379455566406,96.98270416259766,24.656991958618164,1,-0.05010839179158211,0.5872336030006409,-188.584716796875,83.35858917236328,19.698314666748047,1,2.119386672973633,30.929872512817383,641.177490234375,0.49677345156669617,0.4414141774177551,0.43300941586494446,1,-64.21853637695312,33.081974029541016,644.3809204101562,0.6351142525672913,0.43724310398101807,0.447109580039978,60972821627,2069019328
1,1,1,2.2465972900390625,1,2.316009521484375,1,0.08644598722457886,0.5201242566108704,-141.49334716796875,95.59143829345703,24.150665283203125,1,-0.052362073212862015,0.5968973636627197,-189.3618927001953,81.59706115722656,19.057161331176758,1,2.094486951828003,30.918493270874023,641.13232421875,0.4968254566192627,0.44143179059028625,0.4329094886779785,1,-64.23225402832031,33.04206085205078,644.0863647460938,0.6352119445800781,0.437284916639328,0.4464709758758545,60972829961,2069027662
1,1,1,2.18939208984375,1,2.3091278076171875,1,0.07884307950735092,0.4869222640991211,-144.115234375,101.64356231689453,26.353469848632812,1,-0.06136466562747955,0.6053385138511658,-192.46649169921875,80.05838775634766,18.497114181518555,1,2.073408365249634,30.919429779052734,641.1543579101562,0.49686986207962036,0.44143277406692505,0.43295738101005554,1,-64.26586151123047,33.00755310058594,643.8695068359375,0.6353327631950378,0.43732643127441406,0.4460049867630005,60972838293,2069035995
1,1,1,2.2307281494140625,1,2.3294525146484375,1,0.07445645332336426,0.5141756534576416,-145.6279754638672,96.67577362060547,24.5452823638916,1,-0.059593476355075836,0.6128738522529602,-191.8556671142578,78.68482971191406,17.997180938720703,1,2.041022300720215,30.90921401977539,641.0521850585938,0.4969371259212494,0.4414404034614563,0.43273407220840454,1,-64.31620788574219,32.99642562866211,643.97705078125,0.635412335395813,0.4373643100261688,0.44624632596969604,60972846626,2069044328
1,1,1,2.2389678955078125,1,2.3314666748046875,1,0.05576609820127487,0.4956466257572174,-152.0734100341797,100.05327606201172,25.77463150024414,1,-0.055228326469659805,0.5910976529121399,-190.350341796875,82.65425109863281,19.44192886352539,1,1.9876307249069214,30.905540466308594,640.9166870117188,0.49704837799072266,0.4414299428462982,0.43243926763534546,1,-64.35752868652344,32.962196350097656,643.78076171875,0.6355446577072144,0.4374080300331116,0.44582653045654297,60972854960,2069052662
1,1,1,2.23223876953125,1,2.31439208984375,1,0.08164342492818832,0.511935293674469,-143.14952087402344,97.08414459228516,24.69393539428711,1,-0.04948268458247185,0.5986989736557007,-188.36892700195312,81.2686538696289,18.937625885009766,1,1.9297871589660645,30.89842414855957,640.9165649414062,0.4971698820590973,0.44144463539123535,0.432437539100647,1,-64.40655517578125,32.94976043701172,643.9017333984375,0.635618269443512,0.4374505281448364,0.446096271276474,60972863293,2069060995
1,1,1,2.2297821044921875,1,2.3022308349609375,1,0.08179669827222824,0.5242365598678589,-143.09666442871094,94.84183502197266,23.877830505371094,1,-0.06112072989344597,0.5783360600471497,-192.38235473632812,84.98047637939453,20.28856658935547,1,1.8898104429244995,30.902944564819336,641.0867919921875,0.49725499749183655,0.44145774841308594,0.43280720710754395,1,-64.45643615722656,32.9380989074707,643.9151611328125,0.6357190012931824,0.4374764859676361,0.44613420963287354,60972871626,2069069328
1,1,1,2.246429443359375,1,2.304779052734375,1,0.0863572284579277,0.5372635126113892,-141.52395629882812,92.46726989746094,23.013511657714844,1,-0.05784698948264122,0.5854954719543457,-191.25340270996094,83.67544555664062,19.813589096069336,1,1.867762565612793,30.907745361328125,641.1888427734375,0.49730193614959717,0.4414612650871277,0.4330291748046875,1,-64.51099395751953,32.91825866699219,643.94921875,0.6358245611190796,0.4375223219394684,0.4462166130542755,60972879960,2069077662
1,1,1,2.1981048583984375,1,2.335540771484375,1,0.08416353911161423,0.5279667973518372,-142.28045654296875,94.1618881225586,23.630340576171875,1,-0.05098465085029602,0.5671027302742004,-188.8868865966797,87.0280990600586,21.033878326416016,1,1.8370740413665771,30.895751953125,640.9615478515625,0.49736493825912476,0.4414559602737427,0.43253424763679504,1,-64.57029724121094,32.90224838256836,644.0314331054688,0.6359286308288574,0.43756672739982605,0.44640448689460754,60972888293,2069085995
1,1,1,2.205352783203125,1,2.31610107421875,1,0.06407144665718079,0.5007237195968628,-149.2093048095703,99.12779998779297,25.43782615661621,1,-0.04069482535123825,0.579659640789032,-185.33840942382812,84.73917388916016,20.200809478759766,1,1.784855842590332,30.882492065429688,640.7581787109375,0.4974733591079712,0.44145646691322327,0.4320908188819885,1,-64.59712982177734,32.896873474121094,644.0509033203125,0.6359798908233643,0.43758052587509155,0.44645145535469055,60972896626,2069094328
1,1,1,2.241729736328125,1,2.2925872802734375,1,0.0867619514465332,0.5335450768470764,-141.38436889648438,93.14506530761719,23.260238647460938,1,-0.06239591911435127,0.5658270120620728,-192.82211303710938,87.2606430053711,21.118499755859375,1,1.7204391956329346,30.893516540527344,640.79248046875,0.49760890007019043,0.4414379298686981,0.4321664571762085,1,-64.61216735839844,32.88287353515625,643.8381958007812,0.636061429977417,0.4375801384449005,0.445993572473526,60972904960,2069102662
1,1,1,2.22705078125,1,2.3125457763671875,1,0.08692368119955063,0.5188827514648438,-141.32859802246094,95.8177490234375,24.233028411865234,1,-0.03523693606257439,0.5761550068855286,-183.4562225341797,85.37804412841797,20.433271408081055,1,1.6781716346740723,30.903152465820312,641.031005859375,0.497699111700058,0.44144949316978455,0.432684987783432,1,-64.6697998046875,32.88135528564453,643.920654296875,0.6361618638038635,0.43759456276893616,0.4461837112903595,60972913293,2069110995
1,1,1,2.243408203125,1,2.3052520751953125,1,0.08987793326377869,0.5343449115753174,-140.309814453125,92.99925231933594,23.207195281982422,1,-0.05071411281824112,0.576683521270752,-188.79360961914062,85.2817153930664,20.398218154907227,1,1.6543195247650146,30.91036605834961,641.0760498046875,0.4977494478225708,0.4414404034614563,0.43278369307518005,1,-64.74172973632812,32.89561462402344,644.1515502929688,0.6362569332122803,0.43759676814079285,0.4466995894908905,60972921626,2069119328
1,1,1,2.248779296875,1,2.3269805908203125,1,0.06765899807214737,0.49924662709236145,-147.97210693359375,99.39705657958984,25.53580093383789,1,-0.05114476755261421,0.590144693851471,-188.94212341308594,82.8279800415039,19.505107879638672,1,1.6237982511520386,30.907501220703125,640.9849853515625,0.49781301617622375,0.44143420457839966,0.4325854778289795,1,-64.80789947509766,32.90562057495117,644.4072875976562,0.6363341212272644,0.43761125206947327,0.44726720452308655,60972929961,2069127663
1,1,1,2.229644775390625,1,2.3045501708984375,1,0.07146307080984116,0.5023837089538574,-146.66026306152344,98.82522583007812,25.327669143676758,1,-0.06246289610862732,0.5770390033721924,-192.84521484375,85.21690368652344,20.374622344970703,1,1.572359561920166,30.923137664794922,640.8828125,0.4979204833507538,0.44138795137405396,0.432365745306015,1,-64.81082916259766,32.89159393310547,644.0435791015625,0.6364262104034424,0.4375900626182556,0.44648078083992004,60972938295,2069135997
1,1,1,2.2162017822265625,1,2.3116302490234375,1,0.07014954090118408,0.4969627261161804,-147.1132354736328,99.81338500976562,25.687314987182617,1,-0.059713177382946014,0.578148365020752,-191.89694213867188,85.01468658447266,20.301023483276367,1,1.5269248485565186,30.914751052856445,640.83837890625,0.49801573157310486,0.44139939546585083,0.432267963886261,1,-64.81507873535156,32.86935043334961,643.8189697265625,0.6364883184432983,0.4376051127910614,0.44599369168281555,60972946628,2069144330
1,1,1,2.22845458984375,1,2.31298828125,1,0.07395418733358383,0.5204731225967407,-145.8011932373047,95.5278549194336,24.127527236938477,1,-0.06072857975959778,0.5890021920204163,-192.24713134765625,83.03621673583984,19.580963134765625,1,1.4892685413360596,30.91715431213379,640.9632568359375,0.49809548258781433,0.44141092896461487,0.43253904581069946,1,-64.85002136230469,32.870079040527344,643.8604125976562,0.6365512013435364,0.4376092553138733,0.4460906982421875,60972954961,2069152663
1,1,1,2.2450103759765625,1,2.3035125732421875,1,0.0872059091925621,0.5224716663360596,-141.23126220703125,95.1635513305664,23.994937896728516,1,-0.05357733741402626,0.5732629895210266,-189.78099060058594,85.90518188476562,20.625167846679688,1,1.4594333171844482,30.920488357543945,641.0543212890625,0.49815860390663147,0.44141605496406555,0.432736873626709,1,-64.91017150878906,32.88152313232422,644.083984375,0.6366233825683594,0.4376163184642792,0.44658786058425903,60972963295,2069160997
1,1,1,2.2351531982421875,1,2.2940216064453125,1,0.07794494926929474,0.5011099576950073,-144.42494201660156,99.05738067626953,25.41222381591797,1,-0.041417498141527176,0.5568147897720337,-185.58763122558594,88.9034194946289,21.716411590576172,1,1.44029700756073,30.91405487060547,641.133056640625,0.4981991946697235,0.4414398670196533,0.43290671706199646,1,-64.95869445800781,32.868507385253906,644.2254638671875,0.6366908550262451,0.437662810087204,0.446901798248291,60972971628,2069169330
1,1,1,2.201171875,1,2.307769775390625,1,0.08448149263858795,0.4902174472808838,-142.17079162597656,101.04290771484375,26.134828567504883,1,-0.04337827116250992,0.5687188506126404,-186.26380920410156,86.73350524902344,20.926660537719727,1,1.424581527709961,30.916154861450195,641.1442260742188,0.49823227524757385,0.4414369463920593,0.432931125164032,1,-65.00167083740234,32.87897491455078,644.3805541992188,0.636743426322937,0.4376624524593353,0.44724732637405396,60972979961,2069177663
1,1,1,2.14996337890625,1,2.3429718017578125,1,0.07051272690296173,0.4698947072029114,-146.9879913330078,104.74737548828125,27.48316764831543,1,-0.030977757647633553,0.5788045525550842,-181.9874267578125,84.89506530761719,20.257495880126953,1,1.4069321155548096,30.907039642333984,641.0763549804688,0.4982690215110779,0.44144687056541443,0.43278250098228455,1,-65.01185607910156,32.867286682128906,644.2721557617188,0.63679039478302,0.4376716613769531,0.447013795375824,60972988294,2069185997
1,1,1,2.230743408203125,1,2.308013916015625,1,0.07036247849464417,0.521512508392334,-147.03981018066406,95.33837127685547,24.058568954467773,1,-0.06040727347135544,0.579631507396698,-192.13632202148438,84.74430084228516,20.202678680419922,1,1.3891017436981201,30.906085968017578,641.0418701171875,0.4983062744140625,0.4414442479610443,0.4327075481414795,1,-65.01246643066406,32.86151123046875,644.1427001953125,0.6368222832679749,0.43766576051712036,0.44673383235931396,60972996627,2069194330
1,1,1,2.20892333984375,1,2.30181884765625,1,0.10833597928285599,0.4882139563560486,-133.94447326660156,101.40811157226562,26.267810821533203,1,-0.03463687375187874,0.56414395570755,-183.24928283691406,87.56741333007812,21.230213165283203,1,1.4297704696655273,30.916473388671875,641.21240234375,0.49822166562080383,0.44144538044929504,0.4330790638923645,1,-65.0284652709961,32.881988525390625,644.6192016601562,0.6367425322532654,0.43768906593322754,0.4477686285972595,60973004960,2069202663
1,1,1,2.2335662841796875,1,2.30218505859375,1,0.14050737023353577,0.5058902502059937,-122.85003662109375,98.18605041503906,25.095016479492188,1,-0.016731977462768555,0.5261313319206238,-177.07470703125,94.49647521972656,23.75208854675293,1,1.468400478363037,30.917734146118164,641.1446533203125,0.49814024567604065,0.4414338171482086,0.43293243646621704,1,-65.04660034179688,32.954429626464844,645.8355712890625,0.6364924311637878,0.4377068281173706,0.450408399105072,60973013294,2069210997
1,1,1,2.1967010498046875,1,2.2852630615234375,1,0.13794413208961487,0.5017507672309875,-123.73397827148438,98.94058990478516,25.369672775268555,1,-0.031322941184043884,0.5312700271606445,-182.10646057128906,93.55976867675781,23.411163330078125,1,1.49635910987854,30.92679214477539,641.0878295898438,0.49808117747306824,0.4414074420928955,0.43281063437461853,1,-64.98193359375,32.915863037109375,644.6822509765625,0.6366307735443115,0.4376276731491089,0.44789958000183105,60973021627,2069219330
1,1,1,2.225799560546875,1,2.298492431640625,1,0.14006610214710236,0.5185130834579468,-123.002197265625,95.8851089477539,24.25756072998047,1,-0.017456017434597015,0.5362393856048584,-177.3243865966797,92.65394592285156,23.08146095275879,1,1.4789509773254395,30.922592163085938,641.133544921875,0.49811801314353943,0.4414221942424774,0.4329091012477875,1,-65.10079956054688,33.048118591308594,647.043212890625,0.6363199353218079,0.4376792311668396,0.453040212392807,60973029960,2069227663
1,1,1,2.2066802978515625,1,2.2962799072265625,1,0.1411125808954239,0.49269023537635803,-122.64131927490234,100.59217834472656,25.970745086669922,1,-0.017406689003109932,0.5478816032409668,-177.30738830566406,90.53175354003906,22.309127807617188,1,1.4580249786376953,30.928482055664062,641.2015380859375,0.49816229939460754,0.44141897559165955,0.43305742740631104,1,-64.95489501953125,32.835914611816406,643.1348266601562,0.6369419097900391,0.43757954239845276,0.44454225897789,60973038294,2069235997
1,1,1,2.233367919921875,1,2.2899169921875,1,0.14113086462020874,0.5048620104789734,-122.63502502441406,98.37346649169922,25.163251876831055,1,-0.016492489725351334,0.5550022125244141,-176.99212646484375,89.23379516601562,21.83669662475586,1,1.4437243938446045,30.929237365722656,641.2134399414062,0.4981923997402191,0.44141894578933716,0.433083176612854,1,-64.96199035644531,32.8231201171875,643.0640869140625,0.6369736194610596,0.43759632110595703,0.444389283657074,60973046627,2069244330
1,1,1,2.2116546630859375,1,2.260406494140625,1,0.1427353322505951,0.4788740873336792,-122.08171081542969,103.11060333251953,26.887418746948242,1,-0.021374188363552094,0.5595735907554626,-178.6755828857422,88.40052795410156,21.533344268798828,1,1.431856632232666,30.93460464477539,641.224609375,0.4982173442840576,0.44140926003456116,0.4331081211566925,1,-64.98169708251953,32.82952117919922,643.1414794921875,0.6369962096214294,0.4375936686992645,0.44456151127815247,60973054963,2069252666
1,1,1,2.22747802734375,1,2.2787017822265625,1,0.13368627429008484,0.48208338022232056,-125.20231628417969,102.52558135986328,26.674541473388672,1,-0.018084771931171417,0.5360919237136841,-177.54122924804688,92.68082427978516,23.091270446777344,1,1.4138200283050537,30.941572189331055,641.1906127929688,0.49825501441955566,0.44139015674591064,0.433035284280777,1,-65.0206527709961,32.839603424072266,643.2738647460938,0.6370458602905273,0.43759098649024963,0.444857120513916,60973063297,2069261000
1,1,1,2.2253570556640625,1,2.2949066162109375,1,0.13532297313213348,0.4944816529750824,-124.63790130615234,100.265625,25.851940155029297,1,-0.01428635511547327,0.5547309517860413,-176.23130798339844,89.28325653076172,21.854658126831055,1,1.3879156112670898,30.94478988647461,641.2579956054688,0.4983097016811371,0.44139236211776733,0.4331817626953125,1,-65.04507446289062,32.831512451171875,643.2924194335938,0.6370922923088074,0.43761035799980164,0.44490131735801697,60973071630,2069269333
1,1,1,2.220672607421875,1,2.272796630859375,1,0.1385597586631775,0.5048603415489197,-123.52168273925781,98.37376403808594,25.16337013244629,1,-0.016600200906395912,0.5463610887527466,-177.02926635742188,90.80892181396484,22.409976959228516,1,1.3587921857833862,30.957468032836914,641.2696533203125,0.4983709156513214,0.441367506980896,0.433208703994751,1,-65.0729751586914,32.83422088623047,643.3212890625,0.6371435523033142,0.43760865926742554,0.444970041513443,60973079963,2069277666
1,1,1,2.20648193359375,1,2.29827880859375,1,0.13357657194137573,0.4889363646507263,-125.24014282226562,101.27641296386719,26.219890594482422,1,-0.02379513904452324,0.5563196539878845,-179.51046752929688,88.9936752319336,21.749238967895508,1,1.3309677839279175,30.943666458129883,641.2353515625,0.49842917919158936,0.44139155745506287,0.43313226103782654,1,-65.10385131835938,32.82794189453125,643.408935546875,0.6371870040893555,0.437633752822876,0.4451649487018585,60973088297,2069286000
1,1,1,2.192718505859375,1,2.27471923828125,1,0.13617460429668427,0.49316418170928955,-124.34420776367188,100.50577545166016,25.9393367767334,1,-0.01995163969695568,0.546908438205719,-178.18502807617188,90.70914459228516,22.373706817626953,1,1.3005385398864746,30.932662963867188,641.1790771484375,0.4984928369522095,0.4414069652557373,0.43300846219062805,1,-65.13380432128906,32.820152282714844,643.4507446289062,0.6372394561767578,0.43765565752983093,0.44526049494743347,60973096630,2069294333
1,1,1,2.161956787109375,1,2.3054656982421875,1,0.14248986542224884,0.49069589376449585,-122.16636657714844,100.95570373535156,26.10308265686035,1,0.001664589624851942,0.5543825626373291,-170.73056030273438,89.34676361083984,21.877771377563477,1,1.2680795192718506,30.919363021850586,641.1793212890625,0.4985610246658325,0.4414346516132355,0.43300700187683105,1,-65.15196990966797,32.801513671875,643.3646850585938,0.6372979283332825,0.43768247961997986,0.445076048374176,60973104963,2069302666
1,1,1,2.226531982421875,1,2.2899322509765625,1,0.14825734496116638,0.5304028987884521,-120.17742156982422,93.71782684326172,23.46870994567871,1,-0.004824732430279255,0.5509873628616333,-172.96844482421875,89.96562194824219,22.103071212768555,1,1.2427210807800293,30.911653518676758,641.2354736328125,0.4986145496368408,0.4414580762386322,0.43312764167785645,1,-65.1609115600586,32.77515411376953,643.2347412109375,0.6373475193977356,0.4377192258834839,0.444793701171875,60973113297,2069311000
1,1,1,2.22998046875,1,2.278594970703125,1,0.14752884209156036,0.5244688391685486,-120.42864227294922,94.79949188232422,23.86238670349121,1,-0.003681701375171542,0.575373113155365,-172.5742645263672,85.52056121826172,20.48515510559082,1,1.232090950012207,30.9139347076416,641.3150634765625,0.49863719940185547,0.4414638876914978,0.433300644159317,1,-65.19058227539062,32.76502227783203,643.2643432617188,0.6374024152755737,0.43774425983428955,0.44486257433891296,60973121630,2069319333
1,1,1,2.196929931640625,1,2.2969207763671875,1,0.1430692821741104,0.5241787433624268,-121.96654510498047,94.8523941040039,23.881610870361328,1,-0.0072697922587394714,0.5736791491508484,-173.8116455078125,85.82933044433594,20.597579956054688,1,1.2187204360961914,30.90580177307129,641.2578735351562,0.4986650049686432,0.44147318601608276,0.43317538499832153,1,-65.20964813232422,32.73106384277344,643.249267578125,0.6374458074569702,0.4378127157688141,0.4448292553424835,60973129963,2069327666
1,1,1,2.218231201171875,1,2.2733917236328125,1,0.13835641741752625,0.5474349856376648,-123.59180450439453,90.61317443847656,22.33873176574707,1,-0.007892439141869545,0.5844534635543823,-174.02635192871094,83.86536407470703,19.882776260375977,1,1.1993815898895264,30.89437484741211,641.1561279296875,0.4987052083015442,0.4414834678173065,0.432952880859375,1,-65.23682403564453,32.71915817260742,643.2430419921875,0.6375039219856262,0.43783655762672424,0.44481998682022095,60973138296,2069336000
1,1,1,2.19293212890625,1,2.3003997802734375,1,0.13587349653244019,0.5426318645477295,-124.44803619384766,91.48868560791016,22.657411575317383,1,0.005032965913414955,0.5880735516548157,-169.5689697265625,83.20548248291016,19.6425838470459,1,1.1707745790481567,30.871368408203125,641.0208129882812,0.49876484274864197,0.441513329744339,0.43265604972839355,1,-65.26422119140625,32.69938659667969,643.2496337890625,0.6375595927238464,0.43787848949432373,0.444837361574173,60973146629,2069344333
1,1,1,2.194580078125,1,2.30364990234375,1,0.13125482201576233,0.5377999544143677,-126.04082489013672,92.36947631835938,22.97797203063965,1,-0.006544547155499458,0.5571984052658081,-173.56153869628906,88.83348846435547,21.69097900390625,1,1.1372873783111572,30.856351852416992,640.9525146484375,0.49883487820625305,0.44153547286987305,0.43250572681427,1,-65.29273986816406,32.68769836425781,643.279052734375,0.6376120448112488,0.43790674209594727,0.44490543007850647,60973154962,2069352666
1,1,1,2.1961669921875,1,2.275054931640625,1,0.1410154104232788,0.5329451560974121,-122.6748275756836,93.25440216064453,23.300079345703125,1,0.00032862331136129797,0.5731289386749268,-171.1912841796875,85.92964935302734,20.63404655456543,1,1.108048915863037,30.85417938232422,640.952392578125,0.4988963305950165,0.4415399432182312,0.4325050711631775,1,-65.32527160644531,32.682861328125,643.295654296875,0.6376758217811584,0.437919020652771,0.44494763016700745,60973163296,2069361000
1,1,1,2.2327880859375,1,2.3187713623046875,1,0.13254490494728088,0.5437663197517395,-125.59591674804688,91.28191375732422,22.58212661743164,1,0.006752377841621637,0.567125678062439,-168.97601318359375,87.02388763427734,21.032381057739258,1,1.0820871591567993,30.850727081298828,640.9976806640625,0.4989510476589203,0.44155311584472656,0.43260273337364197,1,-65.35458374023438,32.670021057128906,643.3478393554688,0.6377243995666504,0.43795281648635864,0.44506463408470154,60973171629,2069369333
1,1,1,2.208953857421875,1,2.285552978515625,1,0.13719601929187775,0.5305749773979187,-123.99197387695312,93.68647766113281,23.457263946533203,1,0.0038756486028432846,0.5597728490829468,-169.9680938720703,88.36421203613281,21.52016830444336,1,1.0528675317764282,30.873628616333008,641.099609375,0.49901270866394043,0.4415188431739807,0.43282681703567505,1,-65.39370727539062,32.68223571777344,643.4456176757812,0.6377825736999512,0.4379408657550812,0.44528597593307495,60973179962,2069377666
1,1,1,2.199005126953125,1,2.2959747314453125,1,0.15309253334999084,0.5300111174583435,-118.5099868774414,93.78922271728516,23.494749069213867,1,0.005861979443579912,0.5566152334213257,-169.28309631347656,88.93978881835938,21.729637145996094,1,1.0282483100891113,30.879661560058594,641.0654296875,0.4990643262863159,0.4415017366409302,0.43275344371795654,1,-65.41691589355469,32.681663513183594,643.408203125,0.6378397941589355,0.4379368722438812,0.44521018862724304,60973188299,2069386003
1,1,1,2.2224578857421875,1,2.2700347900390625,1,0.1417142003774643,0.5346261262893677,-122.43385314941406,92.947998046875,23.188560485839844,1,0.0013356279814615846,0.5663840770721436,-170.84402465820312,87.15910339355469,21.0815372467041,1,1.006925106048584,30.885286331176758,641.0880126953125,0.4991091191768646,0.4414929449558258,0.432803213596344,1,-65.42770385742188,32.677001953125,643.2626953125,0.6378970742225647,0.43792644143104553,0.44489786028862,60973196632,2069394336
1,1,1,2.1981353759765625,1,2.2650909423828125,1,0.13253998756408691,0.524334192276001,-125.59761810302734,94.82402801513672,23.871368408203125,1,-0.0024397228844463825,0.5530074834823608,-172.14596557617188,89.59738159179688,21.969051361083984,1,0.9852989315986633,30.879642486572266,640.9749755859375,0.4991541802883148,0.44148963689804077,0.432557076215744,1,-65.44180297851562,32.66789245605469,643.0851440429688,0.6379690170288086,0.43792086839675903,0.4445163905620575,60973204965,2069402669
1,1,1,2.2719268798828125,1,2.2468414306640625,1,0.13326406478881836,0.5558730363845825,-125.3479232788086,89.07506561279297,21.778915405273438,1,-0.008923537097871304,0.5465139746665955,-174.38192749023438,90.78107452392578,22.399755477905273,1,0.9603167772293091,30.864486694335938,640.7710571289062,0.499206006526947,0.44149407744407654,0.43211257457733154,1,-65.47135162353516,32.66156005859375,643.0551147460938,0.6380378007888794,0.43792977929115295,0.444457083940506,60973213299,2069411003
1,1,1,2.199554443359375,1,2.2897186279296875,1,0.1564326137304306,0.519194483757019,-117.35814666748047,95.76090240478516,24.212364196777344,1,0.003884690348058939,0.5432105660438538,-169.96495056152344,91.38320922851562,22.618995666503906,1,0.9891388416290283,30.889690399169922,641.0428466796875,0.49914634227752686,0.4414777457714081,0.43270570039749146,1,-65.45932006835938,32.666725158691406,642.918701171875,0.6380454301834106,0.43790024518966675,0.4441607892513275,60973221632,2069419336
1,1,1,2.204010009765625,1,2.2518463134765625,1,0.1954553872346878,0.5269135236740112,-103.90096282958984,94.35386657714844,23.700233459472656,1,0.037616319954395294,0.5336868762969971,-158.33245849609375,93.11923217773438,23.250810623168945,1,1.0443748235702515,30.884929656982422,640.8955078125,0.4990297853946686,0.441468209028244,0.43238565325737,1,-65.42103576660156,32.67810821533203,642.8900146484375,0.6379724740982056,0.4378727078437805,0.44409218430519104,60973229965,2069427669
1,1,1,2.1899566650390625,1,2.275238037109375,1,0.19510799646377563,0.504627525806427,-104.02076721191406,98.41621398925781,25.17879867553711,1,0.04599056392908096,0.5433587431907654,-155.44456481933594,91.35620880126953,22.60919952392578,1,1.0599749088287354,30.881887435913086,640.816162109375,0.4989967346191406,0.44146400690078735,0.43221315741539,1,-65.41080474853516,32.69172668457031,642.75341796875,0.6379837989807129,0.4378255307674408,0.44379711151123047,60973238299,2069436003
1,1,1,2.1806793212890625,1,2.323486328125,1,0.19567424058914185,0.5130799412727356,-103.82549285888672,96.87548065185547,24.618013381958008,1,0.04084145277738571,0.5483601093292236,-157.22027587890625,90.4445571899414,22.277284622192383,1,1.0394636392593384,30.886211395263672,640.91796875,0.4990401864051819,0.4414685070514679,0.432434618473053,1,-65.44347381591797,32.69078063964844,642.8746337890625,0.6380228400230408,0.4378441572189331,0.444065660238266,60973246632,2069444336
1,1,1,2.2178955078125,1,2.28375244140625,1,0.19182807207107544,0.5322480201721191,-105.15185546875,93.38147735595703,23.346328735351562,1,0.03102951869368553,0.5146605372428894,-160.6039581298828,96.58735656738281,24.513174057006836,1,1.017087459564209,30.89250373840332,641.0653076171875,0.49908772110939026,0.44147491455078125,0.43275490403175354,1,-65.46995544433594,32.65660858154297,642.7294921875,0.6381130218505859,0.43789514899253845,0.44375333189964294,60973254965,2069452669
1,1,1,2.199920654296875,1,2.287841796875,1,0.1989816129207611,0.515495240688324,-102.6849365234375,96.43522644042969,24.4577693939209,1,0.030786382034420967,0.5256955027580261,-160.68777465820312,94.57589721679688,23.78103256225586,1,0.9956813454627991,30.887557983398438,640.9632568359375,0.49913233518600464,0.4414716064929962,0.43253278732299805,1,-65.49937438964844,32.636695861816406,642.677490234375,0.6381869316101074,0.43792927265167236,0.44364452362060547,60973263299,2069461003
1,1,1,2.168670654296875,1,2.276031494140625,1,0.19316734373569489,0.5225949287414551,-104.69001007080078,95.14105987548828,23.986766815185547,1,0.024690993130207062,0.5470942258834839,-162.78982543945312,90.6753158569336,22.361286163330078,1,0.9722651839256287,30.87065887451172,640.7708129882812,0.4991809129714966,0.44148117303848267,0.43211284279823303,1,-65.5218276977539,32.61244201660156,642.603759765625,0.6382516026496887,0.43796947598457336,0.44348689913749695,60973271632,2069469336
1,1,1,2.198486328125,1,2.28009033203125,1,0.1912451833486557,0.5218826532363892,-105.3528823852539,95.27091217041016,24.034027099609375,1,0.029962554574012756,0.5329976081848145,-160.97189331054688,93.2448501586914,23.29661750793457,1,0.9469220638275146,30.859718322753906,640.623291015625,0.4992337226867676,0.44148433208465576,0.431791216135025,1,-65.53752136230469,32.595340728759766,642.4600830078125,0.6383188962936401,0.4379851818084717,0.443177729845047,60973279965,2069477669
1,1,1,2.2100677490234375,1,2.2408294677734375,1,0.19095510244369507,0.5162389874458313,-105.45291137695312,96.29965209960938,24.4084529876709,1,0.033933427184820175,0.5307289958000183,-159.60252380371094,93.65835571289062,23.447134017944336,1,0.9149251580238342,30.850147247314453,640.4194946289062,0.4993003308773041,0.4414771497249603,0.4313477873802185,1,-65.56135559082031,32.597328186035156,642.513671875,0.6383556723594666,0.43798840045928955,0.443298876285553,60973288297,2069486002
1,1,1,2.1990814208984375,1,2.2566375732421875,1,0.18088388442993164,0.5071290731430054,-108.92601013183594,97.96021270751953,25.012828826904297,1,0.03517536446452141,0.5359624624252319,-159.17422485351562,92.70442962646484,23.099842071533203,1,0.8907647728919983,30.846267700195312,640.3511962890625,0.49935096502304077,0.44147607684135437,0.43119892477989197,1,-65.60310363769531,32.60026550292969,642.6917724609375,0.6383998990058899,0.43800678849220276,0.44369280338287354,60973296631,2069494336
1,1,1,2.195892333984375,1,2.2797698974609375,1,0.1889045536518097,0.49949464201927185,-106.1600570678711,99.35184478759766,25.519372940063477,1,0.03333691507577896,0.534123420715332,-159.80824279785156,93.03965759277344,23.221864700317383,1,0.8658614158630371,30.856082916259766,640.4080200195312,0.4994034469127655,0.4414631426334381,0.43132349848747253,1,-65.6399917602539,32.606224060058594,642.8006591796875,0.6384506225585938,0.4380093514919281,0.44393667578697205,60973304964,2069502669
1,1,1,2.199310302734375,1,2.3145599365234375,1,0.19280369579792023,0.523374080657959,-104.81541442871094,94.9990463256836,23.935041427612305,1,0.06427406519651413,0.5435179471969604,-149.13943481445312,91.32718658447266,22.59859275817871,1,0.8452503085136414,30.870708465576172,640.5671997070312,0.499447226524353,0.4414537847042084,0.43167075514793396,1,-65.65016174316406,32.59800720214844,642.6810913085938,0.6385006308555603,0.43800991773605347,0.44367969036102295,60973313298,2069511003
1,1,1,2.1831512451171875,1,2.249267578125,1,0.19745221734046936,0.48655179142951965,-103.21234130859375,101.71107482910156,26.378049850463867,1,0.034736622124910355,0.5350779294967651,-159.3255157470703,92.86563110351562,23.15858268737793,1,0.8334643244743347,30.883289337158203,640.691650390625,0.4994722902774811,0.4414440989494324,0.43194249272346497,1,-65.66036987304688,32.59661865234375,642.5873413085938,0.638544499874115,0.4379998445510864,0.4434793293476105,60973321634,2069519339
1,1,1,2.184783935546875,1,2.266937255859375,1,0.20140735805034637,0.4845696985721588,-101.84839630126953,102.0723876953125,26.509519577026367,1,0.03733888640999794,0.5254244804382324,-158.42813110351562,94.62527465820312,23.799068450927734,1,0.8198873996734619,30.896717071533203,640.7032470703125,0.4995008707046509,0.4414176046848297,0.431969553232193,1,-65.66337585449219,32.61225128173828,642.4927978515625,0.6385734677314758,0.43795424699783325,0.44327816367149353,60973329967,2069527672
1,1,1,2.220611572265625,1,2.2967071533203125,1,0.19614258408546448,0.49628910422325134,-103.66397857666016,99.9361572265625,25.732013702392578,1,0.05088043585419655,0.5401228070259094,-153.75827026367188,91.94606018066406,22.8238525390625,1,0.810204267501831,30.911428451538086,640.6913452148438,0.4995211064815521,0.4413853585720062,0.43194568157196045,1,-65.67869567871094,32.62897491455078,642.4781494140625,0.6386088132858276,0.43791744112968445,0.44325244426727295,60973338300,2069536005
1,1,1,2.1955718994140625,1,2.3769378662109375,1,0.19491805136203766,0.4874544143676758,-104.08627319335938,101.54656219482422,26.31814193725586,1,0.07028071582317352,0.580137312412262,-147.0679931640625,84.65211486816406,20.1690731048584,1,0.8027163147926331,30.943645477294922,640.6458740234375,0.4995366930961609,0.44131210446357727,0.43185147643089294,1,-65.69231414794922,32.66681671142578,642.510498046875,0.6386292576789856,0.4378431439399719,0.4433305859565735,60973346634,2069544339
1,1,1,2.2047576904296875,1,2.3285369873046875,1,0.1998319774866104,0.5038228034973145,-102.39167785644531,98.56289672851562,25.232202529907227,1,0.059368785470724106,0.5651590824127197,-150.83102416992188,87.38239288330078,21.16277503967285,1,0.7983449697494507,30.970157623291016,640.588623046875,0.49954572319984436,0.44124922156333923,0.4317309856414795,1,-65.69206237792969,32.68719482421875,642.4755859375,0.6386371850967407,0.4377959072589874,0.443258136510849,60973354967,2069552672
1,1,1,2.2177581787109375,1,2.2643585205078125,1,0.19795216619968414,0.528838574886322,-103.0399398803711,94.00296020507812,23.572555541992188,1,0.03444606065750122,0.5724648237228394,-159.4257354736328,86.05071258544922,20.67804718017578,1,0.7965327501296997,31.009267807006836,640.600341796875,0.4995494484901428,0.44116929173469543,0.431761771440506,1,-65.6927490234375,32.71669006347656,642.4633178710938,0.638641357421875,0.43773290514945984,0.44323596358299255,60973363301,2069561006
1,1,1,2.2095794677734375,1,2.2776641845703125,1,0.19875085353851318,0.5320239663124084,-102.76451873779297,93.42233276367188,23.361169815063477,1,0.03995712846517563,0.5701507329940796,-157.5252227783203,86.47250366210938,20.831636428833008,1,0.7959522008895874,31.047998428344727,640.6326904296875,0.4995506703853607,0.441092848777771,0.43183740973472595,1,-65.68894958496094,32.74021530151367,642.44140625,0.6386386156082153,0.4376809597015381,0.443191260099411,60973371634,2069569339
1,1,1,2.1866302490234375,1,2.27386474609375,1,0.19465447962284088,0.5373601317405701,-104.17716217041016,92.44963836669922,23.00714683532715,1,0.03220164030790329,0.5694529414176941,-160.1997528076172,86.59970092773438,20.877946853637695,1,0.7996335029602051,31.063060760498047,640.6554565429688,0.4995429515838623,0.4410645067691803,0.43188875913619995,1,-65.68069458007812,32.743858337402344,642.3489990234375,0.6386436820030212,0.4376605451107025,0.44299063086509705,60973379967,2069577672
1,1,1,2.19415283203125,1,2.280853271484375,1,0.19050408899784088,0.5252839922904968,-105.60844421386719,94.65090942382812,23.80830955505371,1,0.03800370916724205,0.5569109320640564,-158.19886779785156,88.88587951660156,21.710046768188477,1,0.8092361688613892,31.075660705566406,640.7120361328125,0.499522864818573,0.4410458207130432,0.4320133328437805,1,-65.67304229736328,32.75018310546875,642.29248046875,0.638641357421875,0.4376395642757416,0.44286778569221497,60973388301,2069586006
1,1,1,2.1956329345703125,1,2.2877960205078125,1,0.1930132657289505,0.5349425077438354,-104.74314880371094,92.89034271240234,23.167512893676758,1,0.03995564952492714,0.5623604655265808,-157.52572631835938,87.89254760742188,21.348453521728516,1,0.8181726932525635,31.069740295410156,640.6436767578125,0.4995039403438568,0.44104906916618347,0.4318642020225525,1,-65.6647720336914,32.7500114440918,642.271484375,0.638629138469696,0.4376370310783386,0.44282066822052,60973396634,2069594339
1,1,1,2.2102203369140625,1,2.3086395263671875,1,0.20061831176280975,0.5438038110733032,-102.12051391601562,91.27506256103516,22.579654693603516,1,0.06553404033184052,0.5591923594474792,-148.7049102783203,88.46998596191406,21.5587215423584,1,0.8300284147262573,31.061735153198242,640.518798828125,0.49947869777679443,0.44104906916618347,0.43159231543540955,1,-65.66527557373047,32.75263977050781,642.30615234375,0.6386217474937439,0.4376364052295685,0.4428960382938385,60973404967,2069602672
1,1,1,2.18060302734375,1,2.2576141357421875,1,0.19048018753528595,0.5290690660476685,-105.61668395996094,93.9609603881836,23.557186126708984,1,0.04428144171833992,0.5467014908790588,-156.03395080566406,90.74689483642578,22.387361526489258,1,0.8450895547866821,31.057279586791992,640.4058227539062,0.49944671988487244,0.44104325771331787,0.431346595287323,1,-65.65994262695312,32.761661529541016,642.3419799804688,0.6386020183563232,0.437622606754303,0.44297340512275696,60973413301,2069611006
1,1,1,2.233489990234375,1,2.2884368896484375,1,0.18911771476268768,0.546284019947052,-106.08653259277344,90.8229751586914,22.415077209472656,1,0.05187378451228142,0.5667625069618225,-153.41571044921875,87.090087890625,21.056480407714844,1,0.8643364906311035,31.037900924682617,640.269775390625,0.4994058907032013,0.44106557965278625,0.43104884028434753,1,-65.64778137207031,32.759422302246094,642.368896484375,0.6385701298713684,0.4376310408115387,0.44302859902381897,60973421634,2069619339
1,1,1,2.173553466796875,1,2.31787109375,1,0.19573134183883667,0.5368313193321228,-103.8058090209961,92.54603576660156,23.04226303100586,1,0.0764719620347023,0.5641539692878723,-144.93292236328125,87.56561279296875,21.229494094848633,1,0.8801603317260742,31.036706924438477,640.1570434570312,0.49937230348587036,0.44105297327041626,0.43080416321754456,1,-65.64366149902344,32.77339172363281,642.4603271484375,0.6385394930839539,0.43761464953422546,0.44322696328163147,60973429968,2069627672
1,1,1,2.173248291015625,1,2.262542724609375,1,0.19011621177196503,0.536516547203064,-105.7422103881836,92.60340118408203,23.06312370300293,1,0.049772877246141434,0.5601688623428345,-154.14022827148438,88.29203033447266,21.49390411376953,1,0.9026113152503967,31.02318000793457,640.1463012695312,0.4993250072002411,0.4410797953605652,0.43077898025512695,1,-65.62483215332031,32.77362823486328,642.4756469726562,0.6384965181350708,0.4376162886619568,0.4432560205459595,60973438301,2069636006
1,1,1,2.1848907470703125,1,2.2537994384765625,1,0.19776318967342377,0.5461674332618713,-103.10511016845703,90.84422302246094,22.422821044921875,1,0.048530202358961105,0.5444201827049255,-154.56874084472656,91.16270446777344,22.538789749145508,1,0.9346553683280945,31.02460289001465,640.1806640625,0.49925780296325684,0.4410814940929413,0.43085381388664246,1,-65.59220123291016,32.7803840637207,642.435546875,0.6384380459785461,0.43759676814079285,0.44316327571868896,60973446634,2069644339
1,1,1,2.2145233154296875,1,2.279754638671875,1,0.21976062655448914,0.5435112714767456,-95.51920318603516,91.32838439941406,22.599069595336914,1,0.0706571713089943,0.5395023226737976,-146.93817138671875,92.05915832519531,22.864986419677734,1,1.0223362445831299,31.061813354492188,640.5763549804688,0.49907463788986206,0.4410569667816162,0.43171772360801697,1,-65.51470947265625,32.780059814453125,642.2320556640625,0.6383253931999207,0.43756937980651855,0.44270724058151245,60973454970,2069652675
1,1,1,2.194915771484375,1,2.3007049560546875,1,0.23463431000709534,0.5163513422012329,-90.38994598388672,96.27916717529297,24.40097427368164,1,0.08680965006351471,0.5546764135360718,-141.367919921875,89.293212890625,21.858230590820312,1,1.1119344234466553,31.0324764251709,640.1233520507812,0.4988846480846405,0.4410577714443207,0.4307312071323395,1,-65.40962982177734,32.786773681640625,641.9161376953125,0.6381819844245911,0.43751177191734314,0.442003458738327,60973463304,2069661009
1,1,1,2.1923675537109375,1,2.3178558349609375,1,0.2303723245859146,0.5334654450416565,-91.85970306396484,93.15957641601562,23.265539169311523,1,0.09170015901327133,0.5648569464683533,-139.68141174316406,87.43746185302734,21.182899475097656,1,1.1566243171691895,31.0472354888916,640.2598876953125,0.4987911581993103,0.441045343875885,0.43102961778640747,1,-65.37269592285156,32.83011245727539,642.0008544921875,0.638084352016449,0.4374334216117859,0.44218456745147705,60973471637,2069669342
1,1,1,2.1281585693359375,1,2.3268280029296875,1,0.22986575961112976,0.4913613498210907,-92.03440856933594,100.83440399169922,26.058944702148438,1,0.09719796478748322,0.5602388381958008,-137.78546142578125,88.27925109863281,21.489273071289062,1,1.181164026260376,31.055227279663086,640.4522705078125,0.4987403154373169,0.44105446338653564,0.43144822120666504,1,-65.35870361328125,32.83282470703125,642.0414428710938,0.6380453705787659,0.4374333918094635,0.442269504070282,60973479970,2069677675
1,1,1,2.1740875244140625,1,2.299835205078125,1,0.23698697984218597,0.5127792358398438,-89.57862091064453,96.93029022216797,24.637998580932617,1,0.07476123422384262,0.5577685832977295,-145.5228729248047,88.72955322265625,21.65315818786621,1,1.2015981674194336,31.068389892578125,640.5879516601562,0.4986979067325592,0.4410451650619507,0.4317445158958435,1,-65.34156799316406,32.844425201416016,642.0435180664062,0.6380090117454529,0.43740957975387573,0.442271888256073,60973488304,2069686008
1,1,1,2.1771087646484375,1,2.2928009033203125,1,0.23458999395370483,0.5190044045448303,-90.40522766113281,95.7955551147461,24.224943161010742,1,0.0867791473865509,0.5442008376121521,-141.37844848632812,91.20269775390625,22.553329467773438,1,1.2261872291564941,31.081613540649414,640.7003173828125,0.49864664673805237,0.44103264808654785,0.43199023604393005,1,-65.3216552734375,32.85128402709961,642.0140380859375,0.6379745006561279,0.4373912513256073,0.44220489263534546,60973496638,2069694342
1,1,1,2.177276611328125,1,2.282073974609375,1,0.2425464242696762,0.5247699618339539,-87.66142272949219,94.7446060180664,23.842451095581055,1,0.0902043953537941,0.5475759506225586,-140.19723510742188,90.58748626708984,22.329334259033203,1,1.247344970703125,31.07868003845215,640.6666870117188,0.498602032661438,0.44103431701660156,0.43191686272621155,1,-65.29043579101562,32.84809112548828,641.927001953125,0.6379302144050598,0.4373858571052551,0.442009836435318,60973504971,2069702675
1,1,1,2.210052490234375,1,2.285552978515625,1,0.2376689314842224,0.5369299054145813,-89.34344482421875,92.528076171875,23.03567886352539,1,0.08363665640354156,0.5670048594474792,-142.46214294433594,87.0458984375,21.040395736694336,1,1.2673617601394653,31.070960998535156,640.553466796875,0.49855944514274597,0.44103533029556274,0.431670218706131,1,-65.25890350341797,32.85466003417969,641.8070678710938,0.6378931999206543,0.43735557794570923,0.4417451322078705,60973513304,2069711008
1,1,1,2.1848907470703125,1,2.241851806640625,1,0.23056697845458984,0.5121110677719116,-91.7925796508789,97.05209350585938,24.682296752929688,1,0.07807468622922897,0.5590680837631226,-144.38023376464844,88.49266052246094,21.566993713378906,1,1.2921233177185059,31.046497344970703,640.3381958007812,0.4985065460205078,0.44105762243270874,0.43119996786117554,1,-65.24058532714844,32.839210510253906,641.8566284179688,0.6378430724143982,0.4373946189880371,0.4418458342552185,60973521638,2069719342
1,1,1,2.1621551513671875,1,2.2400054931640625,1,0.2294793576002121,0.5076888799667358,-92.16765594482422,97.85816955566406,24.975704193115234,1,0.07812786102294922,0.5635790228843689,-144.36187744140625,87.67041015625,21.267658233642578,1,1.3139225244522095,31.037128448486328,640.2935180664062,0.4984605014324188,0.44107121229171753,0.43110191822052,1,-65.22123718261719,32.838768005371094,641.9410400390625,0.6377824544906616,0.43740734457969666,0.44202375411987305,60973529971,2069727675
1,1,1,2.1934356689453125,1,2.292327880859375,1,0.23535151779651642,0.5349025130271912,-90.14261627197266,92.89762115478516,23.170211791992188,1,0.08365180343389511,0.546323835849762,-142.45692443847656,90.81571960449219,22.412443161010742,1,1.3328231573104858,31.023406982421875,640.3279418945312,0.49842092394828796,0.4411044418811798,0.43117475509643555,1,-65.20172119140625,32.823204040527344,641.9450073242188,0.6377408504486084,0.43744033575057983,0.442025750875473,60973538304,2069736008
1,1,1,2.148101806640625,1,2.2470703125,1,0.23553721606731415,0.5158668160438538,-90.07857513427734,96.36749267578125,24.433128356933594,1,0.07904624938964844,0.5502108931541443,-144.045166015625,90.10716247558594,22.154565811157227,1,1.3523387908935547,30.996646881103516,640.3737182617188,0.4983801543712616,0.4411664307117462,0.43127042055130005,1,-65.1734390258789,32.795562744140625,641.8814086914062,0.6376971006393433,0.4374891519546509,0.44187846779823303,60973546639,2069744342
1,1,1,2.2087249755859375,1,2.252593994140625,1,0.23261336982250214,0.5392001271247864,-91.08687591552734,92.1142349243164,22.885066986083984,1,0.09278828650712967,0.5346412658691406,-139.30615234375,92.94522857666016,23.187545776367188,1,1.3708624839782715,30.969507217407227,640.4644775390625,0.49834170937538147,0.44123515486717224,0.4314636290073395,1,-65.15235900878906,32.7784423828125,641.931884765625,0.6376410722732544,0.43753179907798767,0.44198039174079895,60973554972,2069752675
1,1,1,2.1833038330078125,1,2.265228271484375,1,0.22838659584522247,0.5040299296379089,-92.54450225830078,98.52513122558594,25.21849822998047,1,0.09071294218301773,0.5329756736755371,-140.0218505859375,93.24886322021484,23.298017501831055,1,1.3876498937606812,30.923404693603516,640.4981689453125,0.49830666184425354,0.4413357973098755,0.4315303564071655,1,-65.13473510742188,32.75489807128906,641.9808959960938,0.6375927329063416,0.4375876486301422,0.44207897782325745,60973563305,2069761008
1,1,1,2.16119384765625,1,2.301544189453125,1,0.22575610876083374,0.491280198097229,-93.45162963867188,100.84918975830078,26.0643310546875,1,0.09469763934612274,0.5376759171485901,-138.64773559570312,92.39207458496094,22.986225128173828,1,1.400189757347107,30.907665252685547,640.588623046875,0.49828076362609863,0.44138067960739136,0.431724488735199,1,-65.11112976074219,32.741329193115234,641.9515380859375,0.6375504732131958,0.4376119077205658,0.44200849533081055,60973571639,2069769342
1,1,1,2.2189788818359375,1,2.2982330322265625,1,0.23959985375404358,0.4984758794307709,-88.67755889892578,99.53754425048828,25.586933135986328,1,0.10282599925994873,0.5242154002189636,-135.84461975097656,94.84569549560547,23.87923240661621,1,1.4114526510238647,30.894969940185547,640.7242431640625,0.49825775623321533,0.4414251744747162,0.432017058134079,1,-65.10162353515625,32.72801971435547,641.9654541015625,0.637527346611023,0.43764156103134155,0.442034512758255,60973579970,2069777673
1,1,1,2.1541900634765625,1,2.2747955322265625,1,0.2364809811115265,0.4789249300956726,-89.75311279296875,103.10132598876953,26.88405418395996,1,0.08570151031017303,0.5381049513816833,-141.7500762939453,92.31388854980469,22.95769500732422,1,1.420320749282837,30.893844604492188,640.8378295898438,0.4982396960258484,0.44144269824028015,0.4322633147239685,1,-65.09564971923828,32.72056198120117,642.0023193359375,0.6375061273574829,0.4376622140407562,0.4421117305755615,60973588302,2069786006
1,1,1,2.184051513671875,1,2.28179931640625,1,0.23144981265068054,0.5003666877746582,-91.48812866210938,99.19288635253906,25.46147918701172,1,0.0931401327252388,0.5430095195770264,-139.18482971191406,91.41984558105469,22.632341384887695,1,1.4261865615844727,30.89514923095703,640.8947143554688,0.49822765588760376,0.44144752621650696,0.43238696455955505,1,-65.09112548828125,32.72043991088867,642.0354614257812,0.6374886631965637,0.4376670718193054,0.442182332277298,60973596636,2069794340
1,1,1,2.208770751953125,1,2.267974853515625,1,0.23648938536643982,0.5314849019050598,-89.75021362304688,93.52059936523438,23.396957397460938,1,0.09236959367990494,0.5326703190803528,-139.45054626464844,93.30452728271484,23.318275451660156,1,1.4326251745224,30.89293098449707,640.9401245117188,0.49821436405181885,0.44145816564559937,0.4324851632118225,1,-65.08229064941406,32.7155876159668,642.0277709960938,0.6374721527099609,0.4376760721206665,0.4421630799770355,60973604970,2069802673
1,1,1,2.1731719970703125,1,2.2455291748046875,1,0.24298585951328278,0.5007811784744263,-87.50987243652344,99.11731719970703,25.43401527404785,1,0.08542715013027191,0.5354896783828735,-141.8446807861328,92.79057312011719,23.131277084350586,1,1.4384582042694092,30.89289665222168,640.9517822265625,0.4982021450996399,0.4414598345756531,0.43251049518585205,1,-65.07717895507812,32.718685150146484,642.0745849609375,0.6374502182006836,0.43767616152763367,0.4422633945941925,60973613303,2069811006
1,1,1,2.1618804931640625,1,2.2882232666015625,1,0.24171967804431915,0.5029822587966919,-87.94651794433594,98.71610260009766,25.2879638671875,1,0.09812060743570328,0.5549090504646301,-137.46728515625,89.25076293945312,21.8428955078125,1,1.4424831867218018,30.896400451660156,640.9970092773438,0.4981939494609833,0.4414585828781128,0.43260908126831055,1,-65.0796890258789,32.72144317626953,642.1791381835938,0.6374304890632629,0.43768492341041565,0.44249001145362854,60973621637,2069819340
1,1,1,2.1708526611328125,1,2.3417816162109375,1,0.24026985466480255,0.5086581707000732,-88.44649505615234,97.6814956665039,24.911375045776367,1,0.11591659486293793,0.5863152742385864,-131.3302764892578,83.5260009765625,19.759218215942383,1,1.4458239078521729,30.89947509765625,641.0306396484375,0.4981870949268341,0.4414566457271576,0.43268245458602905,1,-65.07403564453125,32.723045349121094,642.2150268554688,0.6374101042747498,0.4376865327358246,0.442566454410553,60973629970,2069827673
1,1,1,2.197998046875,1,2.2810516357421875,1,0.24442827701568604,0.5116246938705444,-87.01244354248047,97.1407470703125,24.714599609375,1,0.09389059990644455,0.5541816353797913,-138.926025390625,89.38338470458984,21.891145706176758,1,1.4536123275756836,30.90005874633789,641.0083618164062,0.4981705844402313,0.4414524734020233,0.43263429403305054,1,-65.06341552734375,32.72905731201172,642.228515625,0.6373846530914307,0.43767592310905457,0.44259417057037354,60973638303,2069836006
1,1,1,2.2009124755859375,1,2.2714996337890625,1,0.2599048912525177,0.5227311849594116,-81.67527770996094,95.1162338256836,23.977733612060547,1,0.09069011360406876,0.5261034965515137,-140.02972412109375,94.50152587890625,23.753986358642578,1,1.4892579317092896,30.8948917388916,640.7816772460938,0.4980946183204651,0.4414331912994385,0.43214190006256104,1,-65.0297622680664,32.73960494995117,642.2239990234375,0.6373155117034912,0.43765342235565186,0.4425787925720215,60973646637,2069844340
1,1,1,2.201568603515625,1,2.276519775390625,1,0.2577672600746155,0.4928778111934662,-82.41244506835938,100.55797576904297,25.95832633972168,1,0.11679231375455856,0.5333919525146484,-131.0282745361328,93.17298126220703,23.270423889160156,1,1.5484145879745483,30.917680740356445,640.8723754882812,0.4979707598686218,0.44139787554740906,0.4323422610759735,1,-65.02535247802734,32.770118713378906,642.46875,0.6372477412223816,0.43762391805648804,0.44311031699180603,60973654970,2069852673
1,1,1,2.174774169921875,1,2.26519775390625,1,0.24633075296878815,0.4771491587162018,-86.35637664794922,103.4250259399414,27.00186538696289,1,0.11133358627557755,0.48766979575157166,-132.91073608398438,101.50727844238281,26.30390167236328,1,1.5728919506072998,30.919301986694336,640.9173583984375,0.49791955947875977,0.44140052795410156,0.43244004249572754,1,-64.99491119384766,32.77295684814453,642.462646484375,0.6371856331825256,0.4376172423362732,0.44309109449386597,60973663304,2069861006
1,1,1,2.1833953857421875,1,2.268768310546875,1,0.25767701864242554,0.4736166000366211,-82.44356536865234,104.06893920898438,27.236236572265625,1,0.10803224891424179,0.5036706328392029,-134.04920959472656,98.59064483642578,25.24226951599121,1,1.5804457664489746,30.92017936706543,640.9627075195312,0.4979039430618286,0.4414047300815582,0.43253862857818604,1,-64.98577880859375,32.772125244140625,642.4523315429688,0.6371690630912781,0.43761754035949707,0.44306668639183044,60973671638,2069869340
1,1,1,2.1512451171875,1,2.261444091796875,1,0.2512034773826599,0.4786263704299927,-84.67599487304688,103.15576171875,26.90384864807129,1,0.09455718100070953,0.5059348344802856,-138.6961669921875,98.17792510986328,25.0920352935791,1,1.586089849472046,30.91563606262207,640.9739990234375,0.4978921711444855,0.4414157271385193,0.43256253004074097,1,-64.97471618652344,32.76185607910156,642.398193359375,0.637158989906311,0.43763139843940735,0.44294604659080505,60973679971,2069877673
1,1,1,2.1861724853515625,1,2.2744140625,1,0.2536916136741638,0.4823136329650879,-83.81795501708984,102.483642578125,26.659194946289062,1,0.09640465676784515,0.5081602931022644,-138.05905151367188,97.77225494384766,24.944414138793945,1,1.599726915359497,30.91150665283203,640.99658203125,0.49786368012428284,0.4414273202419281,0.4326110780239105,1,-64.95982360839844,32.760677337646484,642.4012451171875,0.637127161026001,0.43763428926467896,0.442949116230011,60973688304,2069886006
1,1,1,2.1953582763671875,1,2.2822723388671875,1,0.2566954493522644,0.4958282709121704,-82.78207397460938,100.02015686035156,25.762598037719727,1,0.10696275532245636,0.499476820230484,-134.4180450439453,99.35508728027344,25.52053451538086,1,1.6116294860839844,30.914352416992188,641.0534057617188,0.49783897399902344,0.4414290189743042,0.432734876871109,1,-64.95455932617188,32.76447296142578,642.4491577148438,0.6371046900749207,0.43763306736946106,0.44305193424224854,60973696638,2069894340
1,1,1,2.1920928955078125,1,2.2638397216796875,1,0.2550831437110901,0.4880937337875366,-83.33808135986328,101.43002319335938,26.275754928588867,1,0.10212688893079758,0.519747257232666,-136.085693359375,95.66014099121094,24.175691604614258,1,1.6247029304504395,30.912647247314453,641.0875244140625,0.4978117048740387,0.44143712520599365,0.43280863761901855,1,-64.94160461425781,32.763221740722656,642.463134765625,0.6370744109153748,0.4376376271247864,0.4430791437625885,60973704971,2069902673
1,1,1,2.21209716796875,1,2.3013153076171875,1,0.2619425654411316,0.5040388703346252,-80.97257232666016,98.52352142333984,25.21784210205078,1,0.11461440473794937,0.5210652351379395,-131.77932739257812,95.41991424560547,24.08824348449707,1,1.6328989267349243,30.913665771484375,641.0986328125,0.4977945387363434,0.4414364695549011,0.4328329265117645,1,-64.92724609375,32.76246643066406,642.4425048828125,0.6370493769645691,0.4376364052295685,0.44303151965141296,60973713311,2069911013
1,1,1,2.1998748779296875,1,2.297210693359375,1,0.263675719499588,0.4972715675830841,-80.3749008178711,99.757080078125,25.66683006286621,1,0.11973244696855545,0.5208191871643066,-130.0143585205078,95.46478271484375,24.104522705078125,1,1.6431349515914917,30.914854049682617,641.1439819335938,0.49777331948280334,0.44144004583358765,0.432931512594223,1,-64.92674255371094,32.768798828125,642.535400390625,0.6370261907577515,0.4376360774040222,0.44323280453681946,60973721646,2069919347
1,1,1,2.2041473388671875,1,2.27008056640625,1,0.26416006684303284,0.4947775900363922,-80.2078628540039,100.21170043945312,25.832256317138672,1,0.12166711688041687,0.5138481259346008,-129.34718322753906,96.73548126220703,24.567014694213867,1,1.6502087116241455,30.91703987121582,641.17822265625,0.4977586269378662,0.4414401054382324,0.43300607800483704,1,-64.92105102539062,32.77057647705078,642.57177734375,0.637005627155304,0.43763741850852966,0.44331029057502747,60973729979,2069927680
1,1,1,2.1587677001953125,1,2.290802001953125,1,0.2712167501449585,0.4839968681335449,-77.77433776855469,102.17681884765625,26.547515869140625,1,0.11853810399770737,0.5232092142105103,-130.4262237548828,95.02910614013672,23.945993423461914,1,1.6551856994628906,30.915393829345703,641.133056640625,0.49774792790412903,0.4414375126361847,0.4329080283641815,1,-64.92027282714844,32.77508544921875,642.6302490234375,0.6369900703430176,0.4376361668109894,0.44343701004981995,60973738311,2069936013
1,1,1,2.1994476318359375,1,2.2804107666015625,1,0.26371175050735474,0.49228450655937195,-80.36246490478516,100.66613006591797,25.997690200805664,1,0.1143411248922348,0.5247436165809631,-131.87356567382812,94.74942779541016,23.844152450561523,1,1.6625635623931885,30.922317504882812,641.1104736328125,0.4977322816848755,0.4414201080799103,0.43285998702049255,1,-64.91567993164062,32.78038787841797,642.665771484375,0.6369720101356506,0.4376300871372223,0.443513423204422,60973746645,2069944347
1,1,1,2.1942138671875,1,2.2522735595703125,1,0.2691425383090973,0.49267446994781494,-78.48963165283203,100.59503936767578,25.971839904785156,1,0.11907649785280228,0.5025483965873718,-130.24057006835938,98.79519653320312,25.316736221313477,1,1.6698745489120483,30.93356704711914,641.0878295898438,0.4977168142795563,0.4413936734199524,0.43281251192092896,1,-64.90988159179688,32.78830337524414,642.70068359375,0.6369515061378479,0.4376184642314911,0.44358864426612854,60973754978,2069952680
1,1,1,2.184967041015625,1,2.26812744140625,1,0.26239293813705444,0.4926914572715759,-80.8172607421875,100.59194946289062,25.970701217651367,1,0.10371360927820206,0.4976232349872589,-135.53851318359375,99.69297790527344,25.643484115600586,1,1.6804112195968628,30.95334815979004,641.099609375,0.4976947605609894,0.44135406613349915,0.4328407645225525,1,-64.89759826660156,32.789283752441406,642.6455688476562,0.6369391083717346,0.4376088082790375,0.44346725940704346,60973763311,2069961013
1,1,1,2.198211669921875,1,2.2655487060546875,1,0.26576709747314453,0.4914949834346771,-79.6536636352539,100.81004333496094,26.05005645751953,1,0.10921970009803772,0.5094385147094727,-133.6397247314453,97.53929138183594,24.859567642211914,1,1.6909635066986084,30.978347778320312,641.1106567382812,0.49767252802848816,0.4413034915924072,0.4328683614730835,1,-64.88739776611328,32.79734420776367,642.6363525390625,0.6369199752807617,0.4375907778739929,0.4434462785720825,60973771646,2069969347
1,1,1,2.1602630615234375,1,2.296875,1,0.26069146394729614,0.49110203981399536,-81.40402221679688,100.88167572021484,26.076128005981445,1,0.10421458631753922,0.5122475624084473,-135.36575317382812,97.0271987915039,24.673269271850586,1,1.7034510374069214,30.996458053588867,641.064453125,0.4976460337638855,0.44125962257385254,0.432770699262619,1,-64.86918640136719,32.80501174926758,642.5584716796875,0.6369004845619202,0.43756410479545593,0.4432753920555115,60973779979,2069977680
1,1,1,2.210418701171875,1,2.250274658203125,1,0.26176518201828003,0.5173549056053162,-81.03374481201172,96.09623718261719,24.334402084350586,1,0.12328395247459412,0.5259492993354797,-128.78961181640625,94.52963256835938,23.764219284057617,1,1.7189233303070068,31.00490951538086,641.0078735351562,0.4976131319999695,0.4412344992160797,0.432649165391922,1,-64.8484878540039,32.80851745605469,642.4805908203125,0.6368758678436279,0.437546044588089,0.44310328364372253,60973788312,2069986013
1,1,1,2.1850128173828125,1,2.283111572265625,1,0.2646588087081909,0.5174500346183777,-80.0358657836914,96.07888793945312,24.32809829711914,1,0.12172424793243408,0.5341456532478333,-129.32748413085938,93.03557586669922,23.220441818237305,1,1.7331364154815674,31.031234741210938,640.92822265625,0.4975827634334564,0.4411690831184387,0.432480126619339,1,-64.83170318603516,32.830055236816406,642.461669921875,0.6368452310562134,0.43749865889549255,0.44306203722953796,60973796646,2069994347
1,1,1,2.1827850341796875,1,2.2758331298828125,1,0.2607653737068176,0.4814307987689972,-81.37852478027344,102.64456176757812,26.717769622802734,1,0.11302351951599121,0.5122473835945129,-132.3279571533203,97.0272445678711,24.673301696777344,1,1.7481303215026855,30.94842529296875,641.0420532226562,0.49755215644836426,0.4413567781448364,0.43271565437316895,1,-64.7898178100586,32.76230239868164,642.2377319335938,0.636811375617981,0.43760859966278076,0.4425598084926605,60973804979,2070002680
5,1,1,2.1548309326171875,1,2.3013763427734375,1,0.25014060735702515,0.502906858921051,-85.04252624511719,98.72985076904297,25.29296112060547,1,0.11335312575101852,0.5406078696250916,-132.21429443359375,91.85762023925781,22.791698455810547,1,1.766079306602478,31.100372314453125,640.8359375,0.4975128769874573,0.44101274013519287,0.432289719581604,1,-64.77293395996094,32.932586669921875,642.2281494140625,0.6367776989936829,0.4372529685497284,0.442560076713562,60973813312,2070011013
5,1,1,2.1978302001953125,1,2.270416259765625,1,0.2464340627193451,0.5005592703819275,-86.32074737548828,99.15779876708984,25.44869613647461,1,0.10228206217288971,0.5149642825126648,-136.03219604492188,96.53201293945312,24.49300765991211,1,1.7948951721191406,30.907020568847656,640.939208984375,0.49745336174964905,0.4414294362068176,0.43248701095581055,1,-64.74497985839844,32.74193572998047,642.1880493164062,0.6367297172546387,0.43764421343803406,0.442440003156662,60973821646,2070019347
5,1,1,2.1724395751953125,1,2.2970428466796875,1,0.2525586485862732,0.5091103315353394,-84.20865631103516,97.59908294677734,24.881389617919922,1,0.10630305111408234,0.5639058947563171,-134.6455535888672,87.61083221435547,21.245954513549805,1,1.81689453125,31.09636688232422,640.8702392578125,0.49740633368492126,0.44102585315704346,0.432363897562027,1,-64.73063659667969,32.920814514160156,642.1429443359375,0.6367096900939941,0.43726566433906555,0.44236528873443604,60973829980,2070027680
5,1,1,2.1714019775390625,1,2.318817138671875,1,0.26551806926727295,0.4855755865573883,-79.73955535888672,101.88905334472656,26.442771911621094,1,0.11518240720033646,0.49330011010169983,-131.5834503173828,100.48100280761719,25.930294036865234,1,1.8365511894226074,30.943750381469727,640.906005859375,0.4973655641078949,0.4413486421108246,0.43242040276527405,1,-64.71031951904297,32.774681091308594,642.23974609375,0.6366449594497681,0.4375832676887512,0.44254881143569946,60973838313,2070036013
5,1,1,2.15155029296875,1,2.2974090576171875,1,0.26492148637771606,0.47137418389320374,-79.94528198242188,104.47769165039062,27.38500213623047,1,0.1282797008752823,0.5307397842407227,-127.06678771972656,93.6563949584961,23.44639778137207,1,1.8630743026733398,30.913957595825195,641.0191650390625,0.4973106384277344,0.44142574071884155,0.43266189098358154,1,-64.69851684570312,32.7616081237793,642.3372802734375,0.6365971565246582,0.4376240372657776,0.44275498390197754,60973846650,2070044350
5,1,1,2.15631103515625,1,2.27032470703125,1,0.26993507146835327,0.5167579650878906,-78.21632385253906,96.20506286621094,24.373971939086914,1,0.11114463210105896,0.5498876571655273,-132.9759063720703,90.16609191894531,22.176015853881836,1,1.8830821514129639,31.090364456176758,641.0401611328125,0.4972683787345886,0.4410611391067505,0.43273210525512695,1,-64.6728515625,32.91636657714844,642.3274536132812,0.6365453004837036,0.43730074167251587,0.442750483751297,60973854983,2070052683
5,1,1,2.1557769775390625,1,2.2989654541015625,1,0.2727086842060089,0.49449604749679565,-77.25983428955078,100.26300811767578,25.8509464263916,1,0.1236526221036911,0.5254287123680115,-128.66246032714844,94.6245346069336,23.7987060546875,1,1.9053207635879517,30.885961532592773,640.871337890625,0.4972209930419922,0.44146451354026794,0.43233761191368103,1,-64.64958190917969,32.7476806640625,642.3590087890625,0.636489987373352,0.43765610456466675,0.44278934597969055,60973863316,2070061016
5,1,1,2.1722869873046875,1,2.2776031494140625,1,0.2536669373512268,0.49167320132255554,-83.82646179199219,100.77754211425781,26.038272857666016,1,0.09407702833414078,0.5252622365951538,-138.86172485351562,94.6548843383789,23.80976676940918,1,1.893195390701294,30.933147430419922,640.917236328125,0.4972466230392456,0.441372275352478,0.43244364857673645,1,-64.65753173828125,32.81025695800781,642.4024658203125,0.6364960074424744,0.4375319480895996,0.44289377331733704,60973871650,2070069350
5,1,1,2.19451904296875,1,2.310394287109375,1,0.19444240629673004,0.4907388687133789,-104.25028991699219,100.94786071777344,26.10024642944336,1,0.05455048382282257,0.5441024303436279,-152.49264526367188,91.22064971923828,22.55984115600586,1,1.802034854888916,30.891742706298828,640.7577514648438,0.4974372386932373,0.4414371848106384,0.4320913553237915,1,-64.73196411132812,32.80605697631836,642.7262573242188,0.6365744471549988,0.4375854730606079,0.4436081647872925,60973879983,2070077683
5,1,1,2.19384765625,1,2.2759857177734375,1,0.18800494074821472,0.5462263822555542,-106.47028350830078,90.83348846435547,22.418893814086914,1,0.06742928922176361,0.5357187390327454,-148.0513153076172,92.74884033203125,23.116043090820312,1,1.7324424982070923,30.844526290893555,640.7813110351562,0.4975837171077728,0.44153857231140137,0.43213555216789246,1,-64.78459167480469,32.76785659790039,642.8909912109375,0.6366451978683472,0.43768757581710815,0.4439694583415985,60973888316,2070086016
5,1,1,2.1873931884765625,1,2.3295745849609375,1,0.18951734900474548,0.487460732460022,-105.94873046875,101.54542541503906,26.31772232055664,1,0.04924410209059715,0.5255358815193176,-154.32257080078125,94.60496520996094,23.79167938232422,1,1.7405216693878174,30.945568084716797,640.88330078125,0.49756717681884766,0.4413416087627411,0.43237078189849854,1,-64.72164916992188,32.87770462036133,642.657470703125,0.6365689635276794,0.43742698431015015,0.44346776604652405,60973896650,2070094350
5,1,1,2.21356201171875,1,2.332916259765625,1,0.18751545250415802,0.5649417638778687,-106.63909149169922,87.4220199584961,21.177227020263672,1,0.07050725817680359,0.5356619358062744,-146.9898681640625,92.75920104980469,23.11981201171875,1,1.8052666187286377,30.853702545166016,640.6681518554688,0.4974299371242523,0.4415045380592346,0.43189167976379395,1,-64.67008209228516,32.78160095214844,642.64501953125,0.6364647746086121,0.4376251697540283,0.44341591000556946,60973904983,2070102683
5,1,1,2.1816253662109375,1,2.2921142578125,1,0.18715587258338928,0.4870641827583313,-106.76309204101562,101.6176986694336,26.34404182434082,1,0.0679050087928772,0.543504536151886,-147.88726806640625,91.32962036132812,22.599489212036133,1,1.8599205017089844,30.907230377197266,641.0300903320312,0.497317373752594,0.44144123792648315,0.4326847195625305,1,-64.64259338378906,32.869850158691406,642.84765625,0.6363590359687805,0.43746984004974365,0.44386014342308044,60973913316,2070111016
5,1,1,2.181854248046875,1,2.3350982666015625,1,0.19448703527450562,0.5152857899665833,-104.23491668701172,96.4734115600586,24.471651077270508,1,0.07138101011514664,0.5531457662582397,-146.68856811523438,89.57219696044922,21.959821701049805,1,1.893109917640686,30.90616798400879,640.9285888671875,0.49724695086479187,0.4414300322532654,0.432464599609375,1,-64.59494018554688,32.883453369140625,642.774658203125,0.63627690076828,0.4374315142631531,0.44369426369667053,60973921650,2070119350
5,1,1,2.173065185546875,1,2.3090972900390625,1,0.18333746492862701,0.5049214959144592,-108.07988739013672,98.36262512207031,25.159305572509766,1,0.05802610516548157,0.5278781652450562,-151.29405212402344,94.17802429199219,23.636255264282227,1,1.93556809425354,30.876602172851562,640.64453125,0.49715590476989746,0.4414539337158203,0.43184444308280945,1,-64.54235076904297,32.84882354736328,642.7864990234375,0.636164665222168,0.4375052750110626,0.4437035620212555,60973929983,2070127683
5,1,1,2.182861328125,1,2.3645477294921875,1,0.18461978435516357,0.5012817978858948,-107.6376724243164,99.02607727050781,25.400753021240234,1,0.09370697289705276,0.5530217885971069,-138.98934936523438,89.59481048583984,21.968074798583984,1,1.9946439266204834,30.965290069580078,640.802978515625,0.49703270196914673,0.44129031896591187,0.4322008192539215,1,-64.50387573242188,32.955833435058594,642.6068115234375,0.6361263990402222,0.43725791573524475,0.44332289695739746,60973938317,2070136016
5,1,1,2.227020263671875,1,2.31329345703125,1,0.17381975054740906,0.516768753528595,-111.36210632324219,96.20307159423828,24.373281478881836,1,0.06530441343784332,0.5070780515670776,-148.78408813476562,97.9695053100586,25.01624870300293,1,2.0514299869537354,30.898677825927734,640.9161376953125,0.4969142973423004,0.4414442777633667,0.432437539100647,1,-64.45721435546875,32.8924674987793,642.75634765625,0.635994017124176,0.43741053342819214,0.4436264634132385,60973946651,2070144350
5,1,1,2.2125396728515625,1,2.3377532958984375,1,0.19217295944690704,0.4920459985733032,-105.0329360961914,100.70960998535156,26.013525009155273,1,0.06650478392839432,0.5455129742622375,-148.37014770507812,90.96353149414062,22.466218948364258,1,2.08311128616333,30.939435958862305,640.8710327148438,0.49684739112854004,0.441353440284729,0.43234556913375854,1,-64.42733764648438,32.98481750488281,642.890625,0.6358996629714966,0.4372372627258301,0.44392329454421997,60973954984,2070152683
5,1,1,2.1830902099609375,1,2.348785400390625,1,0.19262129068374634,0.49522051215171814,-104.87833404541016,100.13093566894531,25.802959442138672,1,0.07461953908205032,0.5515862107276917,-145.5717315673828,89.8564682006836,22.063331604003906,1,2.1105597019195557,30.92624282836914,640.91650390625,0.4967900216579437,0.44138702750205994,0.4324425756931305,1,-64.3940658569336,32.98692321777344,642.9664916992188,0.6358124017715454,0.4372435212135315,0.44408026337623596,60973963317,2070161016
5,1,1,2.2365570068359375,1,2.3538665771484375,1,0.18820615112781525,0.5125083327293396,-106.4009017944336,96.97966003417969,24.6560001373291,1,0.09308750927448273,0.5417158603668213,-139.20297241210938,91.6556625366211,22.71814727783203,1,2.141179084777832,30.899093627929688,640.7919311523438,0.49672481417655945,0.4414270520210266,0.4321688413619995,1,-64.3510971069336,32.963157653808594,642.8009033203125,0.6357619762420654,0.43726998567581177,0.44371020793914795,60973971654,2070169353
5,1,1,2.1842041015625,1,2.342132568359375,1,0.2047455757856369,0.5053917169570923,-100.69720458984375,98.27690887451172,25.12812042236328,1,0.0967339500784874,0.5322536826133728,-137.94549560546875,93.38043975830078,23.345964431762695,1,2.1764888763427734,30.94830894470215,640.8480224609375,0.4966509938240051,0.441332072019577,0.43229755759239197,1,-64.33003997802734,33.006996154785156,642.8160400390625,0.6357142925262451,0.4371809661388397,0.4437446892261505,60973979987,2070177686
5,1,1,2.2022552490234375,1,2.3786163330078125,1,0.18344780802726746,0.4956072270870209,-108.04183959960938,100.06045532226562,25.777240753173828,1,0.10823874920606613,0.5569020509719849,-133.97799682617188,88.88752746582031,21.710561752319336,1,2.207775592803955,30.88731575012207,640.7117919921875,0.4965842664241791,0.44144105911254883,0.431993693113327,1,-64.29283905029297,32.95545196533203,642.6832885742188,0.6356682181358337,0.43726974725723267,0.443442702293396,60973988320,2070186019
5,1,1,2.2222900390625,1,2.3163604736328125,1,0.17764529585838318,0.5052757263183594,-110.04286193847656,98.29805755615234,25.135791778564453,1,0.07176558673381805,0.5464281439781189,-146.55593872070312,90.79670715332031,22.405506134033203,1,2.232797384262085,30.91131019592285,640.8697509765625,0.4965329170227051,0.44141215085983276,0.43233999609947205,1,-64.25892639160156,32.98576736450195,642.6423950195312,0.6356070637702942,0.4372011125087738,0.44335153698921204,60973996655,2070194353
5,1,1,2.218353271484375,1,2.3238983154296875,1,0.1791905015707016,0.5019322037696838,-109.50997924804688,98.90751647949219,25.357648849487305,1,0.06919145584106445,0.549879789352417,-147.44363403320312,90.16754913330078,22.176490783691406,1,2.253983497619629,30.904495239257812,640.937744140625,0.4964889585971832,0.44143542647361755,0.4324866235256195,1,-64.2532958984375,32.982749938964844,642.7978515625,0.6355586647987366,0.43722906708717346,0.44368550181388855,60974004988,2070202686
5,1,1,2.214263916015625,1,2.297119140625,1,0.1808895319700241,0.5076960325241089,-108.924072265625,97.85686492919922,24.975255966186523,1,0.059250667691230774,0.5496839880943298,-150.87176513671875,90.20323181152344,22.18950080871582,1,2.2689061164855957,30.902944564819336,641.0057983398438,0.49645817279815674,0.44144773483276367,0.432634174823761,1,-64.23432922363281,32.97603988647461,642.7881469726562,0.6355214715003967,0.43724167346954346,0.4436595141887665,60974013321,2070211019
5,1,1,2.2254180908203125,1,2.3363494873046875,1,0.18666966259479523,0.49269962310791016,-106.93077850341797,100.59046173095703,25.970172882080078,1,0.08109956234693527,0.5585712790489197,-143.33706665039062,88.58322143554688,21.59990692138672,1,2.274139642715454,30.908578872680664,641.028564453125,0.49644735455513,0.44143903255462646,0.4326843321323395,1,-64.22224426269531,32.98680114746094,642.7679443359375,0.635500967502594,0.43721649050712585,0.4436149299144745,60974021654,2070219352
5,1,1,2.2424163818359375,1,2.269622802734375,1,0.19525904953479767,0.5027651190757751,-103.96868133544922,98.7557144165039,25.302350997924805,1,0.048740919679403305,0.5439149141311646,-154.49607849121094,91.25482177734375,22.572296142578125,1,2.2750749588012695,30.927932739257812,640.99462890625,0.49644508957862854,0.44139420986175537,0.43261346220970154,1,-64.2293472290039,33.00798034667969,642.8712158203125,0.6354914307594299,0.4371868371963501,0.443842351436615,60974029988,2070227686
5,1,1,2.1917572021484375,1,2.30010986328125,1,0.1882040649652481,0.4984701871871948,-106.40161895751953,99.53858947753906,25.587316513061523,1,0.060866985470056534,0.5427613854408264,-150.3143768310547,91.4651107788086,22.648775100708008,1,2.281615972518921,30.90574836730957,641.0740966796875,0.49643203616142273,0.44145098328590393,0.432782918214798,1,-64.22611236572266,32.98373794555664,642.931640625,0.6354705095291138,0.4372456669807434,0.44396865367889404,60974038320,2070236019
5,1,1,2.195892333984375,1,2.2986297607421875,1,0.18425628542900085,0.47990715503692627,-107.76302337646484,102.92229461669922,26.81886863708496,1,0.06090178340673447,0.5256093740463257,-150.3023681640625,94.59159851074219,23.786781311035156,1,2.277533531188965,30.938642501831055,640.9951782226562,0.4964399039745331,0.44137197732925415,0.43261611461639404,1,-64.23331451416016,33.014610290527344,642.9866333007812,0.6354724764823914,0.43718913197517395,0.44409337639808655,60974046654,2070244352
5,1,1,2.188934326171875,1,2.2965240478515625,1,0.191865473985672,0.4802442491054535,-105.13895416259766,102.86085510253906,26.79651641845703,1,0.04908883571624756,0.5454766750335693,-154.37612915039062,90.97014617919922,22.468685150146484,1,2.2714829444885254,30.953861236572266,641.017822265625,0.49645280838012695,0.4413433074951172,0.4326673448085785,1,-64.23661041259766,33.019874572753906,643.00732421875,0.6354743838310242,0.4371810555458069,0.44413942098617554,60974054988,2070252686
5,1,1,2.219268798828125,1,2.313568115234375,1,0.1787000596523285,0.5043684840202332,-109.67912292480469,98.46343231201172,25.196016311645508,1,0.0658651664853096,0.5311440229415894,-148.59072875976562,93.58274841308594,23.41948699951172,1,2.2727715969085693,30.923978805541992,641.0856323242188,0.49645066261291504,0.44141456484794617,0.43281036615371704,1,-64.23478698730469,32.99760437011719,642.9622192382812,0.6354813575744629,0.43722108006477356,0.444038450717926,60974063321,2070261019
5,1,1,2.2232513427734375,1,2.2918701171875,1,0.18505030870437622,0.541487455368042,-107.48919677734375,91.6972885131836,22.733341217041016,1,0.05625079572200775,0.5551395416259766,-151.9062957763672,89.2087631225586,21.827592849731445,1,2.2655513286590576,31.1043758392334,641.0502319335938,0.49646514654159546,0.44103407859802246,0.432758629322052,1,-64.24545288085938,33.13624954223633,642.949951171875,0.6355058550834656,0.43693113327026367,0.4440343379974365,60974071654,2070269352
5,1,1,2.206817626953125,1,2.3411712646484375,1,0.1830257773399353,0.48135095834732056,-108.18737030029297,102.65910339355469,26.72308921813965,1,0.07854488492012024,0.5466104745864868,-144.2180633544922,90.76346588134766,22.39344024658203,1,2.252891778945923,30.9466495513916,641.0404663085938,0.4964919984340668,0.44136130809783936,0.43271538615226746,1,-64.24264526367188,33.00160598754883,642.9149169921875,0.6355088949203491,0.4372061491012573,0.443938672542572,60974079988,2070277686
5,1,1,2.2250213623046875,1,2.3401336669921875,1,0.18692275881767273,0.5506559610366821,-106.84347534179688,90.02603912353516,22.12503433227539,1,0.07384766638278961,0.5142232775688171,-145.83790588378906,96.66707611083984,24.54216194152832,1,2.2419748306274414,31.062576293945312,640.9605102539062,0.49651408195495605,0.4411091208457947,0.4325578808784485,1,-64.2510986328125,33.048980712890625,642.91259765625,0.6355267763137817,0.4371073246002197,0.4439423978328705,60974088321,2070286019
5,1,1,2.2132568359375,1,2.332672119140625,1,0.1876794695854187,0.5383235216140747,-106.58252716064453,92.27404022216797,22.94322395324707,1,0.06550610065460205,0.5090616941452026,-148.7145538330078,97.60794830322266,24.884611129760742,1,2.2318499088287354,31.051586151123047,641.0402221679688,0.496535986661911,0.44114258885383606,0.43272918462753296,1,-64.25602722167969,33.038211822509766,642.91162109375,0.6355373859405518,0.43712958693504333,0.443939745426178,60974096654,2070294352
5,1,1,2.1996002197265625,1,2.296234130859375,1,0.18709082901477814,0.511063277721405,-106.7855224609375,97.24308013916016,24.7518253326416,1,0.056576646864414215,0.5362608432769775,-151.7938995361328,92.6500015258789,23.080142974853516,1,2.2223634719848633,30.999526977539062,641.1314086914062,0.49655669927597046,0.44126319885253906,0.4329197108745575,1,-64.25553894042969,33.00986862182617,642.865966796875,0.6355472207069397,0.43718212842941284,0.44383689761161804,60974104993,2070302690
5,1,1,2.232696533203125,1,2.307586669921875,1,0.17654886841773987,0.536476731300354,-110.42096710205078,92.61067962646484,23.065736770629883,1,0.05229824408888817,0.5159432291984558,-153.2693328857422,96.35355377197266,24.428062438964844,1,2.2146315574645996,31.072179794311523,641.0621337890625,0.4965723156929016,0.4411025941371918,0.432779461145401,1,-64.26170349121094,33.044944763183594,642.8404541015625,0.6355658769607544,0.43710562586784363,0.44378820061683655,60974113326,2070311023
5,1,1,2.223175048828125,1,2.268798828125,1,0.18193265795707703,0.4964781105518341,-108.56433868408203,99.90169525146484,25.719512939453125,1,0.05768571421504021,0.5346775054931641,-151.41143798828125,92.93864440917969,23.185096740722656,1,2.2103538513183594,30.96885108947754,641.2451171875,0.49658292531967163,0.44134220480918884,0.433162122964859,1,-64.2735824584961,33.00181579589844,643.0248413085938,0.635547399520874,0.4372209310531616,0.44418254494667053,60974121659,2070319356
5,1,1,2.2102813720703125,1,2.29669189453125,1,0.17496301233768463,0.5134164690971375,-110.96784973144531,96.81414031982422,24.595701217651367,1,0.06660096347332001,0.5088651180267334,-148.3369598388672,97.64376831054688,24.897655487060547,1,2.208684206008911,30.98246955871582,641.279052734375,0.4965866506099701,0.4413183629512787,0.43323761224746704,1,-64.27072143554688,33.00397491455078,642.9895629882812,0.6355498433113098,0.4372115433216095,0.4441061317920685,60974129993,2070327690
5,1,1,2.2307891845703125,1,2.3284149169921875,1,0.18290941417217255,0.5082026720046997,-108.22750091552734,97.76451873779297,24.941608428955078,1,0.06198201701045036,0.5407529473304749,-149.92984008789062,91.83118438720703,22.782058715820312,1,2.205047130584717,30.98204803466797,641.301513671875,0.49659445881843567,0.4413221776485443,0.43328630924224854,1,-64.27371978759766,33.005516052246094,643.0008544921875,0.6355533599853516,0.4372099041938782,0.44413134455680847,60974138326,2070336023
5,1,1,2.2321014404296875,1,2.30780029296875,1,0.18118305504322052,0.5226504802703857,-108.82284545898438,95.13095092773438,23.98305320739746,1,0.05121484771370888,0.5712243914604187,-153.64292907714844,86.27678680419922,20.760414123535156,1,2.2100961208343506,30.92056655883789,641.3014526367188,0.4965839684009552,0.44145023822784424,0.43327754735946655,1,-64.2860336303711,32.96738815307617,643.1962280273438,0.6355332136154175,0.43731629848480225,0.44455021619796753,60974146659,2070344356
5,1,1,2.2021331787109375,1,2.3501434326171875,1,0.18649284541606903,0.5238122940063477,-106.99174499511719,94.9191665649414,23.9060115814209,1,0.0691702738404274,0.5547795295715332,-147.45094299316406,89.2744140625,21.851421356201172,1,2.199030876159668,30.960742950439453,641.392333984375,0.49660786986351013,0.4413786232471466,0.43348029255867004,1,-64.28299713134766,33.00392150878906,643.128662109375,0.635542631149292,0.43723100423812866,0.444409042596817,60974154994,2070352690
5,1,1,2.224578857421875,1,2.3023681640625,1,0.18070770800113678,0.5290918946266174,-108.98677062988281,93.95677947998047,23.55573844909668,1,0.057339344173669815,0.5240512490272522,-151.5308837890625,94.8756103515625,23.890146255493164,1,2.187990427017212,30.923437118530273,641.3925170898438,0.49663108587265015,0.44145628809928894,0.43347540497779846,1,-64.30391693115234,32.9582405090332,643.2640380859375,0.6355545520782471,0.43734464049339294,0.44469910860061646,60974163327,2070361023
5,1,1,2.222564697265625,1,2.3107147216796875,1,0.16974219679832458,0.49193647503852844,-112.76826477050781,100.72954559326172,26.02081298828125,1,0.029033532366156578,0.5537751317024231,-161.2922821044922,89.45748138427734,21.91809844970703,1,2.091179132461548,30.917924880981445,641.31298828125,0.4968337118625641,0.44145700335502625,0.4333014488220215,1,-64.3607177734375,32.981964111328125,643.3231201171875,0.635658860206604,0.43730348348617554,0.444842129945755,60974171660,2070369356
5,1,1,2.1939849853515625,1,2.2996063232421875,1,0.11450493335723877,0.48481252789497375,-131.81707763671875,102.02812194824219,26.493425369262695,1,-0.015067902393639088,0.5536230206489563,-176.5008544921875,89.4852066040039,21.9282283782959,1,1.9057142734527588,30.93406867980957,641.4611206054688,0.49722400307655334,0.44144269824028015,0.433623731136322,1,-64.48336791992188,33.02172088623047,643.92919921875,0.6357713937759399,0.43730485439300537,0.44618237018585205,60974179994,2070377690
5,1,1,2.183319091796875,1,2.30242919921875,1,0.07404284179210663,0.4815147817134857,-145.77061462402344,102.6292495727539,26.71222496032715,1,-0.01987886056303978,0.5274601578712463,-178.159912109375,94.25421905517578,23.66399574279785,1,1.8029009103775024,30.95256996154785,641.7119750976562,0.4974413812160492,0.44143733382225037,0.4341700077056885,1,-64.61822509765625,33.091957092285156,645.1348266601562,0.635767936706543,0.4373261034488678,0.4488237500190735,60974188326,2070386023
5,1,1,2.19677734375,1,2.3309783935546875,1,0.07888659834861755,0.4831698536872864,-144.1002197265625,102.32754516601562,26.602428436279297,1,-0.026798030361533165,0.5161147117614746,-180.5460205078125,96.32229614257812,24.416704177856445,1,1.7389642000198364,30.992950439453125,641.68896484375,0.4975752532482147,0.44135013222694397,0.43412527441978455,1,-64.64546203613281,33.14618682861328,645.3656005859375,0.6357700228691101,0.4372456669807434,0.449335515499115,60974196659,2070394356
5,1,1,2.196868896484375,1,2.302520751953125,1,0.09260539710521698,0.5012890100479126,-139.36923217773438,99.0247573852539,25.40031623840332,1,-0.023226918652653694,0.5124117732048035,-179.3145294189453,96.99728393554688,24.662384033203125,1,1.7407562732696533,30.986669540405273,641.7459716796875,0.4975718855857849,0.44137075543403625,0.43424803018569946,1,-64.63800048828125,33.13367462158203,645.3440551757812,0.6357595920562744,0.43726861476898193,0.449285626411438,60974204994,2070402690
5,1,1,2.25836181640625,1,2.3151092529296875,1,0.08531664311885834,0.5115412473678589,-141.88279724121094,97.15595245361328,24.720102310180664,1,-0.026121238246560097,0.5154542922973633,-180.31263732910156,96.44269561767578,24.460424423217773,1,1.7457327842712402,31.025388717651367,641.677734375,0.49756088852882385,0.44128113985061646,0.4341055154800415,1,-64.65217590332031,33.15787124633789,645.4240112304688,0.6357701420783997,0.43722963333129883,0.44946473836898804,60974213327,2070411023
5,1,1,2.25042724609375,1,2.3270721435546875,1,0.06889558583498001,0.5272291898727417,-147.54566955566406,94.29632568359375,23.67930030822754,1,-0.033019907772541046,0.5107784271240234,-182.69166564941406,97.2950210571289,24.77071762084961,1,1.7401479482650757,31.05409049987793,641.6661987304688,0.49757254123687744,0.44121989607810974,0.434084415435791,1,-64.65613555908203,33.16721725463867,645.376953125,0.6357893943786621,0.43720367550849915,0.44936537742614746,60974221660,2070419356
5,1,1,2.2386627197265625,1,2.3111572265625,1,0.08520646393299103,0.5086347460746765,-141.92079162597656,97.68576049804688,24.91294288635254,1,-0.0331219807267189,0.5270007252693176,-182.7268524169922,94.33796691894531,23.6944522857666,1,1.7304028272628784,31.08053207397461,641.7113647460938,0.4975932240486145,0.4411708414554596,0.4341859221458435,1,-64.65774536132812,33.160648345947266,645.1755981445312,0.6358399987220764,0.43718937039375305,0.44893017411231995,60974229994,2070427690
5,1,1,2.244720458984375,1,2.3095855712890625,1,0.10259032249450684,0.5686976909637451,-135.92588806152344,86.73735046386719,20.928089141845703,1,-0.030808057636022568,0.5217443108558655,-181.9289093017578,95.29613494873047,24.043109893798828,1,1.7185864448547363,31.11882972717285,641.7455444335938,0.497618168592453,0.4410956799983978,0.4342654049396515,1,-64.69956970214844,33.22972106933594,645.935791015625,0.635748028755188,0.437151700258255,0.450590044260025,60974238329,2070436025
5,1,1,2.2649078369140625,1,2.3585205078125,1,0.08424738794565201,0.527647852897644,-142.25152587890625,94.22003173828125,23.651477813720703,1,-0.032195813953876495,0.5176261067390442,-182.407470703125,96.04679870605469,24.31641387939453,1,1.716625452041626,31.0989990234375,641.6656494140625,0.4976217448711395,0.4411263167858124,0.434089332818985,1,-64.67813110351562,33.177032470703125,645.2766723632812,0.6358585357666016,0.4371694028377533,0.4491550624370575,60974246662,2070444358
5,1,1,2.223480224609375,1,2.3238983154296875,1,0.08624634891748428,0.5143276453018188,-141.5621795654297,96.64808654785156,24.535188674926758,1,-0.028148896992206573,0.5159903168678284,-181.01187133789062,96.34496307373047,24.424976348876953,1,1.7040636539459229,31.110326766967773,641.6659545898438,0.49764811992645264,0.4411027431488037,0.4340914487838745,1,-64.69989013671875,33.190372467041016,645.38037109375,0.6358793377876282,0.43715614080429077,0.449385404586792,60974254996,2070452692
5,1,1,2.26739501953125,1,2.2945556640625,1,0.09429610520601273,0.542807936668396,-138.7861785888672,91.45659637451172,22.64570426940918,1,-0.029652386903762817,0.5418428778648376,-181.5303497314453,91.63252258300781,22.709693908691406,1,1.6922178268432617,31.111190795898438,641.6092529296875,0.4976726770401001,0.4410933256149292,0.4339684545993805,1,-64.72354125976562,33.19511032104492,645.4443359375,0.6359133720397949,0.43715518712997437,0.449529230594635,60974263330,2070461025
5,1,1,2.225494384765625,1,2.310333251953125,1,0.09343268722295761,0.5279043912887573,-139.08395385742188,94.17324829101562,23.63452911376953,1,-0.03860541060566902,0.5167189836502075,-184.6178436279297,96.21215057373047,24.37657356262207,1,1.6867536306381226,31.093341827392578,641.62060546875,0.4976842403411865,0.4411320090293884,0.43399059772491455,1,-64.73020935058594,33.1724739074707,645.3734130859375,0.6359439492225647,0.4371921718120575,0.44937437772750854,60974271663,2070469358
5,1,1,2.2751007080078125,1,2.336669921875,1,0.087087482213974,0.5556637644767761,-141.27210998535156,89.11322021484375,21.792804718017578,1,-0.021756766363978386,0.5280916094779968,-178.8075408935547,94.13910675048828,23.622100830078125,1,1.672851324081421,31.096948623657227,641.575439453125,0.4977131187915802,0.441118448972702,0.433893084526062,1,-64.74919128417969,33.17637634277344,645.417724609375,0.6359729170799255,0.4371902048587799,0.4494746923446655,60974279997,2070477692
5,1,1,2.2220001220703125,1,2.3200531005859375,1,0.08321046829223633,0.5179767608642578,-142.60911560058594,95.98287963867188,24.293149948120117,1,-0.03032251074910164,0.5162607431411743,-181.76145935058594,96.29571533203125,24.40691375732422,1,1.6597310304641724,31.05860137939453,641.564208984375,0.49774062633514404,0.4411967098712921,0.43386322259902954,1,-64.74569702148438,33.113502502441406,644.7459106445312,0.6361240744590759,0.4372272789478302,0.4480147659778595,60974288330,2070486025
5,1,1,2.24188232421875,1,2.3449859619140625,1,0.07336612045764923,0.5331480503082275,-146.00396728515625,93.21742248535156,23.286603927612305,1,-0.015382240526378155,0.52359539270401,-176.60923767089844,94.95869445800781,23.920425415039062,1,1.6434733867645264,31.064208984375,641.5186157226562,0.49777448177337646,0.44117894768714905,0.4337650537490845,1,-64.76872253417969,33.11048126220703,644.7404174804688,0.6361731886863708,0.43723270297050476,0.4480074644088745,60974296663,2070494358
5,1,1,2.23455810546875,1,2.3263397216796875,1,0.08750540018081665,0.5341739058494568,-141.12799072265625,93.03042602539062,23.218544006347656,1,-0.01870724931359291,0.5309323072433472,-177.75588989257812,93.62129974365234,23.43362808227539,1,1.6225697994232178,31.06454849243164,641.5189208984375,0.4978182911872864,0.44117823243141174,0.43376559019088745,1,-64.80664825439453,33.12342071533203,645.0517578125,0.6361784934997559,0.4372490346431732,0.44868946075439453,60974304997,2070502692
5,1,1,2.2366485595703125,1,2.3536834716796875,1,0.09186416119337082,0.5396423935890198,-139.62484741210938,92.03361511230469,22.85574722290039,1,-0.01347949355840683,0.5232347846031189,-175.9530487060547,95.02442932128906,23.944272994995117,1,1.6003942489624023,31.066640853881836,641.5421142578125,0.4978649914264679,0.4411769509315491,0.433816134929657,1,-64.7965087890625,33.073123931884766,644.2661743164062,0.6363430619239807,0.4372442960739136,0.44698432087898254,60974313331,2070511025
5,1,1,2.203094482421875,1,2.3159027099609375,1,0.08132857084274292,0.5193935036659241,-143.25808715820312,95.72462463378906,24.19913101196289,1,-0.03127989545464516,0.5300844311714172,-182.09161376953125,93.77587127685547,23.489883422851562,1,1.580369472503662,31.088909149169922,641.5753173828125,0.49790722131729126,0.4411349594593048,0.433891236782074,1,-64.79882049560547,33.060630798339844,643.8543090820312,0.6364452838897705,0.4372130334377289,0.44609400629997253,60974321664,2070519358
5,1,1,2.2602691650390625,1,2.3449249267578125,1,0.07651274651288986,0.5384487509727478,-144.91885375976562,92.25120544433594,22.934925079345703,1,-0.030010921880602837,0.5400223731994629,-181.6540069580078,91.96437072753906,22.83046531677246,1,1.5576186180114746,31.09592056274414,641.48388671875,0.4979543685913086,0.44110816717147827,0.43369364738464355,1,-64.81959533691406,33.068511962890625,643.932861328125,0.6364699006080627,0.43720752000808716,0.446269154548645,60974329998,2070527692
5,1,1,2.231170654296875,1,2.341461181640625,1,0.07658778876066208,0.5188132524490356,-144.8929901123047,95.83041381835938,24.23761558532715,1,-0.016988733783364296,0.5066644549369812,-177.16326904296875,98.04491424560547,25.043664932250977,1,1.533979892730713,31.119667053222656,641.55224609375,0.49800431728363037,0.44106781482696533,0.43384504318237305,1,-64.83470153808594,33.08108139038086,643.9880981445312,0.6364882588386536,0.4371890723705292,0.4463934898376465,60974338331,2070536025
5,1,1,2.2232513427734375,1,2.3366851806640625,1,0.07502371072769165,0.5196195840835571,-145.43235778808594,95.68343353271484,24.18413543701172,1,-0.027627980336546898,0.5241101384162903,-180.8322296142578,94.86488342285156,23.886201858520508,1,1.5053400993347168,31.137231826782227,641.5748291015625,0.49806448817253113,0.4410341680049896,0.43389639258384705,1,-64.91220092773438,33.18412399291992,645.5035400390625,0.6362910270690918,0.43718573451042175,0.44969600439071655,60974346663,2070544358
5,1,1,2.192047119140625,1,2.319732666015625,1,0.087286077439785,0.49695438146591187,-141.20364379882812,99.81491088867188,25.68785285949707,1,-0.029096607118844986,0.5299259424209595,-181.33871459960938,93.80475616455078,23.50041389465332,1,1.4876105785369873,31.14044952392578,641.5064697265625,0.4981013238430023,0.44101831316947937,0.4337484538555145,1,-64.92552947998047,33.195831298828125,645.5010375976562,0.6363191604614258,0.43716108798980713,0.44969508051872253,60974354997,2070552692
5,1,1,2.189849853515625,1,2.329132080078125,1,0.10502610355615616,0.49774056673049927,-135.08590698242188,99.67157745361328,25.635717391967773,1,-0.033524274826049805,0.523539662361145,-182.8656005859375,94.96885681152344,23.92407989501953,1,1.4750289916992188,31.14373779296875,641.4610595703125,0.4981275200843811,0.4410054087638855,0.433650404214859,1,-64.91355895996094,33.182857513427734,644.8997802734375,0.6364362239837646,0.43710455298423767,0.44839292764663696,60974363331,2070561025
5,1,1,2.2387542724609375,1,2.3668365478515625,1,0.08974605798721313,0.5116412043571472,-140.35528564453125,97.1377182006836,24.713533401489258,1,-0.006993369664996862,0.5443916320800781,-173.71630859375,91.16793060302734,22.540634155273438,1,1.4648566246032715,31.1405086517334,641.4154052734375,0.4981486201286316,0.44100597500801086,0.4335508942604065,1,-64.92510223388672,33.17945861816406,644.9120483398438,0.6364573240280151,0.43711328506469727,0.448421448469162,60974371666,2070569360
5,1,1,2.200469970703125,1,2.35833740234375,1,0.09790736436843872,0.4951857328414917,-137.54083251953125,100.13728332519531,25.80519676208496,1,-0.01102000568062067,0.5077242851257324,-175.1049041748047,97.85173034667969,24.973360061645508,1,1.4624629020690918,31.141353607177734,641.3922729492188,0.4981535077095032,0.44100114703178406,0.433500736951828,1,-64.93148803710938,33.18164825439453,644.8631591796875,0.6364820599555969,0.43710196018218994,0.4483175575733185,60974380000,2070577694
5,1,1,2.2319793701171875,1,2.3216400146484375,1,0.08975164592266083,0.5194750428199768,-140.35336303710938,95.70977783203125,24.193723678588867,1,-0.02829841338098049,0.5221529006958008,-181.06344604492188,95.2216567993164,24.016069412231445,1,1.454289197921753,31.13214874267578,641.3356323242188,0.4981704354286194,0.44101274013519287,0.4333765506744385,1,-64.96478271484375,33.209747314453125,645.5654296875,0.6363853216171265,0.43714115023612976,0.449844628572464,60974388333,2070586027
5,1,1,2.24700927734375,1,2.2945098876953125,1,0.09742355346679688,0.5331570506095886,-137.70767211914062,93.21577453613281,23.28599739074707,1,-0.031609177589416504,0.5002596378326416,-182.20516967773438,99.21240234375,25.46860694885254,1,1.4504987001419067,31.12877655029297,641.3361206054688,0.4981783628463745,0.44101986289024353,0.43337708711624146,1,-64.90093994140625,33.09516525268555,643.8817749023438,0.6366510987281799,0.437144935131073,0.4461802542209625,60974396666,2070594360
5,1,1,2.2198028564453125,1,2.3081207275390625,1,0.09510371088981628,0.5350233316421509,-138.5076904296875,92.87561798095703,23.162172317504883,1,-0.027879588305950165,0.5168520212173462,-180.91900634765625,96.18789672851562,24.367755889892578,1,1.4524108171463013,31.12551498413086,641.3698120117188,0.4981745779514313,0.4410311281681061,0.43344977498054504,1,-64.90892791748047,33.07389450073242,643.8920288085938,0.636665403842926,0.43719053268432617,0.446200966835022,60974405000,2070602694
5,1,1,2.2140655517578125,1,2.315216064453125,1,0.07945820689201355,0.5246337056159973,-143.90310668945312,94.76943969726562,23.85150909423828,1,-0.02111518383026123,0.5362551808357239,-178.58628845214844,92.65103912353516,23.08045768737793,1,1.4531962871551514,31.10079002380371,641.404541015625,0.49817317724227905,0.4410872459411621,0.43352168798446655,1,-64.9156265258789,33.044219970703125,643.8789672851562,0.6366826295852661,0.4372502863407135,0.44617003202438354,60974413334,2070611027
5,1,1,2.216339111328125,1,2.3147735595703125,1,0.09576479345560074,0.5447643995285034,-138.2797088623047,91.0999984741211,22.515901565551758,1,-0.02023216336965561,0.5380316376686096,-178.28176879882812,92.3272476196289,22.962575912475586,1,1.4500056505203247,31.068687438964844,641.3942260742188,0.4981798231601715,0.4411526918411255,0.43349477648735046,1,-64.96195220947266,33.086341857910156,644.7969360351562,0.6365614533424377,0.437290221452713,0.44816747307777405,60974421667,2070619360
5,1,1,2.225250244140625,1,2.3343353271484375,1,0.08653520792722702,0.5087008476257324,-141.4625701904297,97.6737289428711,24.908527374267578,1,-0.01796368509531021,0.5650339722633362,-177.4994659423828,87.40519714355469,21.171096801757812,1,1.4469592571258545,30.988079071044922,641.38330078125,0.498186320066452,0.4413190186023712,0.4334598779678345,1,-64.97113037109375,33.054718017578125,644.831787109375,0.6365724205970764,0.43736058473587036,0.4482400715351105,60974430001,2070627694
5,1,1,2.19244384765625,1,2.2845611572265625,1,0.07983263581991196,0.47841429710388184,-143.77398681640625,103.19441986083984,26.917917251586914,1,-0.030292358249425888,0.5409155488014221,-181.7510528564453,91.80152893066406,22.77128791809082,1,1.4413893222808838,30.966907501220703,641.371826171875,0.4981980323791504,0.44136157631874084,0.433432012796402,1,-64.97427368164062,33.033973693847656,644.7962646484375,0.636587381362915,0.43739864230155945,0.44816112518310547,60974438334,2070636027
5,1,1,2.2030487060546875,1,2.320587158203125,1,0.08311201632022858,0.4873485863208771,-142.64306640625,101.56584930419922,26.325191497802734,1,-0.01510972622781992,0.5487029552459717,-176.51527404785156,90.38204193115234,22.25459861755371,1,1.4365649223327637,30.938432693481445,641.3720703125,0.4982081949710846,0.44142088294029236,0.433428555727005,1,-64.98334503173828,33.005287170410156,644.8076782226562,0.6366036534309387,0.4374596178531647,0.448183536529541,60974446667,2070644360
5,1,1,2.2254638671875,1,2.315093994140625,1,0.08310920000076294,0.49263322353363037,-142.64404296875,100.60257720947266,25.974538803100586,1,-0.024365387856960297,0.5441172122955322,-179.70713806152344,91.21795654296875,22.55881118774414,1,1.4311225414276123,30.928909301757812,641.3829345703125,0.49821969866752625,0.4414421319961548,0.433450847864151,1,-64.99498748779297,32.97785949707031,644.8517456054688,0.6366176009178162,0.4375225603580475,0.44827720522880554,60974455001,2070652694
5,1,1,2.158111572265625,1,2.306640625,1,0.08517203480005264,0.4702076315879822,-141.93264770507812,104.6903305053711,27.462434768676758,1,-0.016129080206155777,0.5539502501487732,-176.86679077148438,89.4255599975586,21.906436920166016,1,1.4268254041671753,30.931184768676758,641.39453125,0.4982287287712097,0.4414389133453369,0.43347617983818054,1,-65.0301742553711,33.00940704345703,645.4114990234375,0.6365581750869751,0.43753451108932495,0.4494975209236145,60974463334,2070661027
5,1,1,2.2187652587890625,1,2.3235321044921875,1,0.0782870352268219,0.48650503158569336,-144.30697631835938,101.71961212158203,26.381128311157227,1,-0.01680612750351429,0.5339642763137817,-177.10028076171875,93.06864166259766,23.2324161529541,1,1.4244215488433838,30.929616928100586,641.3942260742188,0.4982337951660156,0.44144219160079956,0.43347540497779846,1,-65.03563690185547,32.99959945678711,645.481689453125,0.6365529894828796,0.437564492225647,0.4496486485004425,60974471668,2070669360
5,1,1,2.19122314453125,1,2.3181304931640625,1,0.08782698214054108,0.5178486704826355,-141.01710510253906,96.0062484741211,24.301639556884766,1,-0.013634536415338516,0.5442168712615967,-176.0065460205078,91.1998062133789,22.552200317382812,1,1.4149919748306274,30.94964027404785,641.4288330078125,0.498253732919693,0.4414050579071045,0.43355315923690796,1,-65.02641296386719,32.99129867553711,644.997802734375,0.6366482377052307,0.4375148415565491,0.448601096868515,60974480002,2070677694
5,1,1,2.1932830810546875,1,2.317657470703125,1,0.09493981301784515,0.5115946531295776,-138.564208984375,97.146240234375,24.716556549072266,1,-0.017672888934612274,0.5549693703651428,-177.39918518066406,89.23979187011719,21.838836669921875,1,1.403862714767456,30.963661193847656,641.4519653320312,0.4982771873474121,0.4413788914680481,0.43360528349876404,1,-65.01741790771484,32.991214752197266,644.9047241210938,0.6366515755653381,0.4375021755695343,0.448398232460022,60974488335,2070686027
5,1,1,2.23919677734375,1,2.34674072265625,1,0.05894535034894943,0.5763028860092163,-150.97703552246094,85.35107421875,20.42346954345703,1,-0.021299945190548897,0.5843508839607239,-178.64999389648438,83.88407135009766,19.889524459838867,1,1.343571662902832,30.93632698059082,641.6109008789062,0.49840450286865234,0.4414568245410919,0.43394604325294495,1,-65.04576873779297,32.949337005615234,644.9814453125,0.636692464351654,0.4375995099544525,0.44856396317481995,60974496671,2070694364
5,1,1,2.2259368896484375,1,2.28692626953125,1,0.07393283396959305,0.6811692118644714,-145.8085479736328,66.23582458496094,13.466078758239746,1,-0.04868566244840622,0.6488831639289856,-188.0940704345703,72.12097930908203,15.608131408691406,1,1.2721762657165527,30.870044708251953,641.4747314453125,0.4985538125038147,0.4415765702724457,0.43364110589027405,1,-65.02912902832031,32.893470764160156,644.9376220703125,0.6366685628890991,0.437709242105484,0.44845765829086304,60974505005,2070702698
5,1,1,2.2384796142578125,1,2.357513427734375,1,0.06599202752113342,0.6896457076072693,-148.54696655273438,64.69071960449219,12.903696060180664,1,-0.04684789106249809,0.6882753372192383,-187.46031188964844,64.94050598144531,12.994641304016113,1,1.2543092966079712,30.81948471069336,641.4638671875,0.4985913336277008,0.44168034195899963,0.4336104691028595,1,-64.97494506835938,32.833744049072266,644.3500366210938,0.6366952657699585,0.4377520978450775,0.44716915488243103,60974513339,2070711031
5,1,1,2.2237396240234375,1,2.3532562255859375,1,0.04760672152042389,0.6608675122261047,-154.88722229003906,69.93645477294922,14.812989234924316,1,-0.0370296984910965,0.6819853186607361,-184.074462890625,66.0870590209961,13.411938667297363,1,1.2580207586288452,30.820308685302734,641.486572265625,0.49858370423316956,0.4416816234588623,0.4336598217487335,1,-64.96890258789062,32.81794738769531,644.1773071289062,0.6367236375808716,0.43776100873947144,0.446792870759964,60974521672,2070719364
5,1,1,2.1875,1,2.355682373046875,1,0.08120172470808029,0.6765857338905334,-143.3018341064453,67.07129669189453,13.770170211791992,1,-0.026889177039265633,0.6824682354927063,-180.5774688720703,65.99901580810547,13.379945755004883,1,1.2612156867980957,30.862422943115234,641.5203857421875,0.4985770583152771,0.44159841537475586,0.43373903632164,1,-64.9949722290039,32.84740447998047,644.238525390625,0.6367632746696472,0.43770831823349,0.44693484902381897,60974530006,2070727698
5,1,1,2.226348876953125,1,2.3922271728515625,1,0.0682426169514656,0.689227819442749,-147.77084350585938,64.76687622070312,12.931447982788086,1,0.004434979520738125,0.670414388179779,-169.77517700195312,68.19625091552734,14.1795654296875,1,1.2588462829589844,30.869762420654297,641.5432739257812,0.498582124710083,0.4415861964225769,0.4337897300720215,1,-65.06466674804688,32.92225646972656,645.6864624023438,0.6365651488304138,0.43775275349617004,0.45008584856987,60974538339,2070736031
5,1,1,2.241790771484375,1,2.3374176025390625,1,0.06948789954185486,0.6894015669822693,-147.34141540527344,64.7352294921875,12.919878005981445,1,-0.015791449695825577,0.6813216209411621,-176.75038146972656,66.20805358886719,13.45600700378418,1,1.2587614059448242,30.879878997802734,641.56591796875,0.4985823333263397,0.44156816601753235,0.433840274810791,1,-65.00785064697266,32.84852600097656,644.3062744140625,0.6367740035057068,0.4377152919769287,0.447083979845047,60974546672,2070744364
5,1,1,2.20751953125,1,2.331878662109375,1,0.06721251457929611,0.6959537267684937,-148.12608337402344,63.540870666503906,12.485218048095703,1,-0.038402214646339417,0.6651071906089783,-184.5477752685547,69.16366577148438,14.531688690185547,1,1.261284589767456,30.888126373291016,641.58837890625,0.4985771179199219,0.4415539503097534,0.43389004468917847,1,-64.98358154296875,32.81835174560547,643.7029418945312,0.6368666887283325,0.43769460916519165,0.44577211141586304,60974555005,2070752697
5,1,1,2.21844482421875,1,2.3623199462890625,1,0.06326086819171906,0.6683905124664307,-149.4888153076172,68.56513214111328,14.313923835754395,1,-0.025866525247693062,0.6659520864486694,-180.22479248046875,69.00963592529297,14.475646018981934,1,1.2656517028808594,30.88399887084961,641.5771484375,0.49856793880462646,0.4415610730648041,0.4338652193546295,1,-65.01333618164062,32.84780502319336,644.330322265625,0.6367797255516052,0.43772009015083313,0.44713690876960754,60974563340,2070761031
5,1,1,2.20654296875,1,2.31793212890625,1,0.06412006914615631,0.6774606108665466,-149.19252014160156,66.91181945800781,13.712166786193848,1,-0.01863016001880169,0.6480695009231567,-177.72930908203125,72.26933288574219,15.662052154541016,1,1.269441843032837,30.887073516845703,641.5767822265625,0.49856001138687134,0.4415546655654907,0.4338648319244385,1,-65.01728820800781,32.84926223754883,644.38720703125,0.636774480342865,0.43772491812705994,0.44726085662841797,60974571673,2070769364
5,1,1,2.2182464599609375,1,2.345855712890625,1,0.0803232491016388,0.6951636075973511,-143.6047821044922,63.68490219116211,12.53759765625,1,-0.020856782793998718,0.6779432892799377,-178.49716186523438,66.82383728027344,13.68012809753418,1,1.2755577564239502,30.88821792602539,641.5995483398438,0.4985472559928894,0.4415552616119385,0.433914452791214,1,-65.02003479003906,32.851043701171875,644.4443969726562,0.6367665529251099,0.4377291202545166,0.4473850429058075,60974580006,2070777697
5,1,1,2.2222137451171875,1,2.33795166015625,1,0.05801868811249733,0.6796473264694214,-151.29661560058594,66.51321411132812,13.567102432250977,1,-0.025244301185011864,0.6715585589408875,-180.01023864746094,67.9876708984375,14.10373306274414,1,1.2841846942901611,30.88622283935547,641.5999145507812,0.4985291361808777,0.44155946373939514,0.43391498923301697,1,-65.01197052001953,32.848350524902344,644.4222412109375,0.636755108833313,0.43773171305656433,0.4473351538181305,60974588340,2070786031
5,1,1,2.2162017822265625,1,2.3223419189453125,1,0.05825052037835121,0.6785110235214233,-151.21665954589844,66.72035217285156,13.642430305480957,1,-0.022554267197847366,0.6611912846565247,-179.08255004882812,69.87743377685547,14.791557312011719,1,1.2973191738128662,30.895065307617188,641.6561889648438,0.49850180745124817,0.441548615694046,0.434038370847702,1,-65.00658416748047,32.85466003417969,644.4114990234375,0.6367464065551758,0.43771710991859436,0.447311669588089,60974596673,2070794364
5,1,1,2.2707977294921875,1,2.395599365234375,1,0.05131653696298599,0.6890758275985718,-153.6078643798828,64.79459381103516,12.94150161743164,1,-0.008831456303596497,0.6749946475028992,-174.3501739501953,67.36132049560547,13.875775337219238,1,1.3097422122955322,30.901567459106445,641.6561279296875,0.4984757900238037,0.4415350556373596,0.4340391755104065,1,-64.99896240234375,32.86048889160156,644.377685546875,0.6367385387420654,0.4377003610134125,0.44723787903785706,60974605006,2070802697
5,1,1,2.215087890625,1,2.3940582275390625,1,0.04493871331214905,0.6677344441413879,-155.8072967529297,68.68472290039062,14.357439994812012,1,-0.009677407331764698,0.6980516314506531,-174.64190673828125,63.158447265625,12.34603214263916,1,1.328634262084961,30.90683364868164,641.65625,0.4984360933303833,0.4415241777896881,0.43404024839401245,1,-64.9838638305664,32.861961364746094,644.286865234375,0.6367286443710327,0.4376848042011261,0.447038859128952,60974613340,2070811031
5,1,1,2.1877593994140625,1,2.3594818115234375,1,0.06389829516410828,0.6838894486427307,-149.26901245117188,65.739990234375,13.285591125488281,1,0.008705983869731426,0.6544644832611084,-168.3023223876953,71.1036148071289,15.237817764282227,1,1.3539726734161377,30.919754028320312,641.7010498046875,0.498383104801178,0.44150325655937195,0.43413934111595154,1,-64.97126007080078,32.85930633544922,643.9134521484375,0.636790931224823,0.4376387298107147,0.4462297558784485,60974621674,2070819364
5,1,1,2.1722869873046875,1,2.3516845703125,1,0.06377575546503067,0.6891127228736877,-149.31126403808594,64.78784942626953,12.939082145690918,1,-0.010407776571810246,0.6774735450744629,-174.89378356933594,66.90947723388672,13.711271286010742,1,1.3831260204315186,30.92392349243164,641.6668701171875,0.4983218014240265,0.441490113735199,0.4340658485889435,1,-64.95720672607422,32.88371276855469,644.2325439453125,0.6366860270500183,0.4376322627067566,0.44691890478134155,60974630010,2070827700
5,1,1,2.1687469482421875,1,2.3032073974609375,1,0.058832235634326935,0.6798409223556519,-151.0160675048828,66.47796630859375,13.554200172424316,1,-0.03320401906967163,0.6670470237731934,-182.75515747070312,68.81004333496094,14.403016090393066,1,1.4047527313232422,30.92919921875,641.633056640625,0.4982762634754181,0.44147470593452454,0.433993399143219,1,-64.94638061523438,32.917823791503906,644.6587524414062,0.6365625262260437,0.4376204311847687,0.44784146547317505,60974638344,2070836034
5,1,1,2.2342681884765625,1,2.3420257568359375,1,0.07231743633747101,0.6947316527366638,-146.3656463623047,63.76364517211914,12.566315650939941,1,-0.015588222071528435,0.6831321120262146,-176.68026733398438,65.87799072265625,13.33591079711914,1,1.4220582246780396,30.93136978149414,641.56494140625,0.4982396066188812,0.4414611756801605,0.43384599685668945,1,-64.91737365722656,32.952938079833984,644.735595703125,0.636483907699585,0.4375583231449127,0.44800615310668945,60974646676,2070844367
5,1,1,2.25689697265625,1,2.31298828125,1,0.061599649488925934,0.683211624622345,-150.06170654296875,65.863525390625,13.33054256439209,1,-0.0325118750333786,0.6809091567993164,-182.5164794921875,66.28323364257812,13.483366012573242,1,1.4357075691223145,30.92242431640625,641.439453125,0.4982103705406189,0.4414631426334381,0.43357253074645996,1,-64.88544464111328,32.94535827636719,644.6007690429688,0.6364494562149048,0.4375554323196411,0.4477072060108185,60974655009,2070852700
5,1,1,2.22833251953125,1,2.3585205078125,1,0.06228179112076759,0.6728237867355347,-149.8264617919922,67.75702667236328,14.019784927368164,1,-0.017720161005854607,0.670120120048523,-177.4154815673828,68.24986267089844,14.199164390563965,1,1.4415228366851807,30.921430587768555,641.41650390625,0.4981979727745056,0.4414622187614441,0.43352264165878296,1,-64.84907531738281,32.931068420410156,643.93896484375,0.6365303993225098,0.43749353289604187,0.44626888632774353,60974663344,2070861034
5,1,1,2.2235260009765625,1,2.318115234375,1,0.06844388693571091,0.6580434441566467,-147.70143127441406,70.45122528076172,15.000341415405273,1,-0.04115269333124161,0.6304488182067871,-185.4962921142578,75.48124694824219,16.83116340637207,1,1.4385507106781006,30.924358367919922,641.428466796875,0.4982043206691742,0.44145768880844116,0.43354904651641846,1,-64.83735656738281,32.95110321044922,643.89404296875,0.6365165114402771,0.43744581937789917,0.44617217779159546,60974671677,2070869367
5,1,1,2.251861572265625,1,2.3433837890625,1,0.06839755177497864,0.6277294754981995,-147.71742248535156,75.97692108154297,17.01158332824707,1,-0.02951958402991295,0.6624072790145874,-181.4845733642578,69.65577697753906,14.710845947265625,1,1.4422459602355957,30.930747985839844,641.450927734375,0.49819669127464294,0.44144734740257263,0.43359866738319397,1,-64.82975769042969,33.00247573852539,644.1201782226562,0.636447012424469,0.43737056851387024,0.4466661512851715,60974680010,2070877700
5,1,1,2.1981964111328125,1,2.3327178955078125,1,0.0553085058927536,0.6125736236572266,-152.23121643066406,78.73957061767578,18.017093658447266,1,-0.02833346091210842,0.6358327269554138,-181.07553100585938,74.49983978271484,16.474014282226562,1,1.4446132183074951,30.92898941040039,641.4281005859375,0.49819159507751465,0.4414479732513428,0.4335488975048065,1,-64.8441390991211,33.0444221496582,644.7157592773438,0.6363360285758972,0.4373660981655121,0.447960764169693,60974688344,2070886034
5,1,1,2.19134521484375,1,2.355712890625,1,0.06583560258150101,0.6235140562057495,-148.60092163085938,76.7453384399414,17.2912540435791,1,-0.026288462802767754,0.623773455619812,-180.3703155517578,76.69805145263672,17.27399444580078,1,1.4518181085586548,30.921031951904297,641.4053955078125,0.49817636609077454,0.44146156311035156,0.43349847197532654,1,-64.83488464355469,33.03089904785156,644.7064208984375,0.6363190412521362,0.43739286065101624,0.4479367434978485,60974696677,2070894367
5,1,1,2.242431640625,1,2.3524169921875,1,0.062116749584674835,0.65317302942276,-149.8833770751953,71.33902740478516,15.323474884033203,1,-0.021663982421159744,0.6297593712806702,-178.77552795410156,75.60694122314453,16.8768367767334,1,1.4663219451904297,30.91785430908203,641.4625244140625,0.4981462061405182,0.4414757788181305,0.4336221516132355,1,-64.82962036132812,33.00874328613281,644.7549438476562,0.6362967491149902,0.4374454915523529,0.44803717732429504,60974705010,2070902700
5,1,1,2.2521209716796875,1,2.2954559326171875,1,0.05094924941658974,0.6796331405639648,-153.73452758789062,66.51579284667969,13.56804084777832,1,-0.022789241746068,0.6054092645645142,-179.16358947753906,80.04549407958984,18.492475509643555,1,1.4916266202926636,30.898990631103516,641.5311889648438,0.49809351563453674,0.4415242075920105,0.433768630027771,1,-64.82117462158203,32.969783782958984,644.7330932617188,0.636284589767456,0.4375232458114624,0.447982519865036,60974713345,2070911034
5,1,1,2.21630859375,1,2.325958251953125,1,0.06457050889730453,0.6460549235343933,-149.03720092773438,72.63653564453125,15.795735359191895,1,-0.022919123992323875,0.6043218970298767,-179.20835876464844,80.24369812011719,18.564563751220703,1,1.5147225856781006,30.869983673095703,641.5428466796875,0.4980452060699463,0.4415861964225769,0.433789998292923,1,-64.8021240234375,32.939369201660156,644.725341796875,0.636246919631958,0.4375852346420288,0.447957307100296,60974721678,2070919367
5,1,1,2.224578857421875,1,2.31939697265625,1,0.0393829271197319,0.6230935454368591,-157.72325134277344,76.82197570800781,17.319124221801758,1,-0.03287319839000702,0.6133261919021606,-182.6410675048828,78.6023941040039,17.96715545654297,1,1.5325835943222046,30.834121704101562,641.531982421875,0.4980076849460602,0.4416593909263611,0.4337615966796875,1,-64.77549743652344,32.91246795654297,644.6019287109375,0.6362207531929016,0.4376240074634552,0.44768133759498596,60974730011,2070927700
5,1,1,2.204986572265625,1,2.2970428466796875,1,0.0491274818778038,0.6264907121658325,-154.36279296875,76.20274353027344,17.093732833862305,1,-0.03396369516849518,0.6098372340202332,-183.0171356201172,79.23835754394531,18.198623657226562,1,1.5469402074813843,30.795814514160156,641.5435791015625,0.49797767400741577,0.4417407512664795,0.4337815046310425,1,-64.75729370117188,32.89399719238281,644.5818481445312,0.6361877918243408,0.4376595914363861,0.44763144850730896,60974738345,2070936034
5,1,1,2.210418701171875,1,2.3021240234375,1,0.052862122654914856,0.6115917563438416,-153.07489013671875,78.91853332519531,18.0822696685791,1,-0.03546522930264473,0.606170654296875,-183.5349578857422,79.90673828125,18.44187355041504,1,1.5602025985717773,30.794422149658203,641.5776977539062,0.49795007705688477,0.44174817204475403,0.43385541439056396,1,-64.75424194335938,32.89744186401367,644.676025390625,0.6361591815948486,0.43766549229621887,0.4478345811367035,60974746678,2070944367
5,1,1,2.214447021484375,1,2.3061676025390625,1,0.051024388521909714,0.6238279342651367,-153.70863342285156,76.68809509277344,17.270408630371094,1,-0.05424617975950241,0.6182809472084045,-190.0116424560547,77.69923400878906,17.638442993164062,1,1.5714330673217773,30.77471160888672,641.62353515625,0.49792683124542236,0.441795289516449,0.43395212292671204,1,-64.74436950683594,32.89152526855469,644.6998291015625,0.636133074760437,0.43768104910850525,0.4478830099105835,60974755011,2070952700
5,1,1,2.2524261474609375,1,2.320953369140625,1,0.04762064293026924,0.6357812285423279,-154.88241577148438,74.50923156738281,16.477375030517578,1,-0.029217172414064407,0.6241906881332397,-181.3802947998047,76.62197875976562,17.24637794494629,1,1.5844850540161133,30.782302856445312,641.58935546875,0.4978991746902466,0.44177496433258057,0.43387916684150696,1,-64.73178100585938,32.89430236816406,644.6334838867188,0.6361225843429565,0.437666118144989,0.447737455368042,60974763347,2070961036
5,1,1,2.238983154296875,1,2.3166656494140625,1,0.046433836221694946,0.6386451125144958,-155.2917022705078,73.98721313476562,16.28734588623047,1,-0.04783009737730026,0.6103138327598572,-187.7990264892578,79.1514892578125,18.167009353637695,1,1.590818166732788,30.791419982910156,641.5889892578125,0.4978858530521393,0.4417559802532196,0.43387967348098755,1,-64.71803283691406,32.89593505859375,644.576171875,0.6361074447631836,0.43765485286712646,0.44761112332344055,60974771681,2070969369
5,1,1,2.2625579833984375,1,2.3133544921875,1,0.03848923370242119,0.6411061882972717,-158.0314483642578,73.53860473632812,16.12407875061035,1,-0.02579631842672825,0.6054583787918091,-180.20059204101562,80.03655242919922,18.489139556884766,1,1.5948636531829834,30.813066482543945,641.5324096679688,0.4978770911693573,0.4417034685611725,0.433759868144989,1,-64.7156982421875,32.91191482543945,644.5777587890625,0.6361022591590881,0.43762192130088806,0.447616308927536,60974780014,2070977702
5,1,1,2.232025146484375,1,2.3346710205078125,1,0.042675938457250595,0.6512331962585449,-156.58763122558594,71.69261169433594,15.452199935913086,1,-0.03737379610538483,0.6175965070724487,-184.193115234375,77.82398986816406,17.68377685546875,1,1.5989811420440674,30.848295211791992,641.4749755859375,0.49786803126335144,0.4416225254535675,0.43364018201828003,1,-64.71394348144531,32.937904357910156,644.5299072265625,0.6361097097396851,0.4375614523887634,0.44751641154289246,60974788348,2070986036
5,1,1,2.253143310546875,1,2.32440185546875,1,0.04211245849728584,0.6688872575759888,-156.78195190429688,68.47460174560547,14.28095817565918,1,-0.034464552998542786,0.621622622013092,-183.1898651123047,77.09013366699219,17.41666603088379,1,1.5983705520629883,30.861486434936523,641.4632568359375,0.4978691637516022,0.4415934681892395,0.433616578578949,1,-64.71366882324219,32.953857421875,644.55224609375,0.6361038088798523,0.437531441450119,0.4475666880607605,60974796680,2070994369
5,1,1,2.239715576171875,1,2.3592071533203125,1,0.04273790493607521,0.6740813851356506,-156.56625366210938,67.52777862548828,13.936393737792969,1,-0.02659749798476696,0.6381984353065491,-180.47686767578125,74.06861114501953,16.316978454589844,1,1.5979082584381104,30.888797760009766,641.4738159179688,0.49787017703056335,0.441538006067276,0.43364325165748596,1,-64.68864440917969,32.955322265625,643.923583984375,0.6362000703811646,0.4374414384365082,0.44620466232299805,60974805014,2071002702
5,1,1,2.2655181884765625,1,2.3427886962890625,1,0.03519192710518837,0.6770362257957458,-159.1685333251953,66.98918151855469,13.7403564453125,1,-0.028225276619195938,0.6429789662361145,-181.03822326660156,73.19722747802734,15.999800682067871,1,1.5944888591766357,30.898799896240234,641.5189208984375,0.4978775680065155,0.4415231943130493,0.433742493391037,1,-64.70318603515625,32.97801971435547,644.0264892578125,0.6362059712409973,0.43740856647491455,0.4464331567287445,60974813348,2071011036
5,1,1,2.2489776611328125,1,2.3045654296875,1,0.03516262024641037,0.6825065612792969,-159.1786346435547,65.99205017089844,13.377358436584473,1,-0.03164789080619812,0.6500396132469177,-182.218505859375,71.9101791381836,15.531407356262207,1,1.5870453119277954,30.90224838256836,641.51953125,0.49789318442344666,0.44151610136032104,0.433744341135025,1,-64.71663665771484,32.99212646484375,644.08203125,0.6362207531929016,0.43738698959350586,0.44655802845954895,60974821681,2071019369
5,1,1,2.2330169677734375,1,2.37261962890625,1,0.0348937064409256,0.6612333655357361,-159.2713623046875,69.8697738647461,14.788692474365234,1,0.000250136450631544,0.6706069707870483,-171.21835327148438,68.16111755371094,14.16688060760498,1,1.5736124515533447,30.907442092895508,641.5645751953125,0.4979216158390045,0.44151121377944946,0.43384265899658203,1,-64.73639678955078,33.00459289550781,644.1617431640625,0.6362430453300476,0.4373721182346344,0.44673606753349304,60974830014,2071027702
5,1,1,2.202972412109375,1,2.29583740234375,1,0.03608134761452675,0.6504597663879395,-158.86180114746094,71.83358001708984,15.50356674194336,1,-0.026725051924586296,0.6352301836013794,-180.52084350585938,74.60967254638672,16.5139217376709,1,1.556027889251709,30.90237808227539,641.5653076171875,0.49795854091644287,0.4415218234062195,0.43384334444999695,1,-64.75038146972656,33.006011962890625,644.2273559570312,0.6362566351890564,0.4373782277107239,0.446880966424942,60974838348,2071036036
5,1,1,2.2242584228515625,1,2.322601318359375,1,0.041834574192762375,0.6569673418998718,-156.87777709960938,70.64737701416016,15.071816444396973,1,-0.02161281555891037,0.6420783996582031,-178.75790405273438,73.36135864257812,16.059581756591797,1,1.5376404523849487,30.887361526489258,641.5311889648438,0.4979969561100006,0.44154852628707886,0.43376728892326355,1,-64.79156494140625,33.011173248291016,644.7003173828125,0.6362305283546448,0.4374329447746277,0.44791141152381897,60974846681,2071044369
5,1,1,2.2264862060546875,1,2.3046722412109375,1,0.052060212939977646,0.6556897163391113,-153.35140991210938,70.88025665283203,15.156577110290527,1,-0.030592499300837517,0.6309173703193665,-181.85458374023438,75.39580535888672,16.80009651184082,1,1.5208529233932495,30.8923282623291,641.5654296875,0.4980323910713196,0.44154268503189087,0.43384212255477905,1,-64.80256652832031,33.005821228027344,644.6385498046875,0.6362680196762085,0.43743547797203064,0.44777965545654297,60974855014,2071052702
5,1,1,2.2257232666015625,1,2.2846221923828125,1,0.072923943400383,0.6508029699325562,-146.15647888183594,71.77103424072266,15.480778694152832,1,-0.04025666415691376,0.6015851497650146,-185.1873016357422,80.7425765991211,18.746116638183594,1,1.5009504556655884,30.86651039123535,641.5198974609375,0.4980739951133728,0.4415903389453888,0.433739572763443,1,-64.82223510742188,32.97901916503906,644.6942749023438,0.6362958550453186,0.4374987483024597,0.4479003846645355,60974863349,2071061036
5,1,1,2.2211456298828125,1,2.2790985107421875,1,0.06335683166980743,0.680385172367096,-149.4557342529297,66.37873840332031,13.518107414245605,1,-0.04453297331929207,0.6412448287010193,-186.66201782226562,73.5133056640625,16.11491584777832,1,1.482421636581421,30.86117172241211,641.54296875,0.4981129467487335,0.44160446524620056,0.43378880620002747,1,-64.84024810791016,32.97135925292969,644.7380981445312,0.6363229155540466,0.4375206530094147,0.44799765944480896,60974871682,2071069369
5,1,1,2.16497802734375,1,2.2769317626953125,1,0.07140886783599854,0.6479216814041138,-146.67893981933594,72.29625701904297,15.671897888183594,1,-0.040215108543634415,0.6148577332496643,-185.1729736328125,78.32323455810547,17.865476608276367,1,1.4698221683502197,30.854331970214844,641.5206298828125,0.49813932180404663,0.4416157305240631,0.43373942375183105,1,-64.90412902832031,33.032806396484375,646.047607421875,0.6361467242240906,0.4375741481781006,0.450846791267395,60974880015,2071077702
5,1,1,2.196197509765625,1,2.2828216552734375,1,0.07637515664100647,0.6530581116676331,-144.96629333496094,71.35994720458984,15.331192970275879,1,-0.009261599741876125,0.6109452843666077,-174.49851989746094,79.036376953125,18.12512969970703,1,1.5370148420333862,30.841266632080078,641.5201416015625,0.49799832701683044,0.44164299964904785,0.4337369203567505,1,-64.82418823242188,32.93788146972656,644.4486083984375,0.6363580226898193,0.43755003809928894,0.44736459851264954,60974888348,2071086035
5,1,1,2.1724090576171875,1,2.3195343017578125,1,0.1530102640390396,0.6425240635871887,-118.5383529663086,73.28014373779297,16.029983520507812,1,0.04576842859387398,0.6272526383399963,-155.5211639404297,76.06383514404297,17.043193817138672,1,1.670223355293274,30.897932052612305,641.576171875,0.4977189898490906,0.44153276085853577,0.433866947889328,1,-64.72290802001953,32.945499420166016,643.51904296875,0.6363670825958252,0.43740567564964294,0.4453374445438385,60974896684,2071094371
5,1,1,2.1380767822265625,1,2.2796630859375,1,0.16864731907844543,0.6034639477729797,-113.14584350585938,80.40011596679688,18.621395111083984,1,0.03428836911916733,0.6074824929237366,-159.48013305664062,79.66757202148438,18.35487174987793,1,1.7454519271850586,30.89320182800293,641.4511108398438,0.49756038188934326,0.4415261447429657,0.43359532952308655,1,-64.64433288574219,32.968265533447266,643.290283203125,0.6362574696540833,0.4373267889022827,0.444830060005188,60974905017,2071102704
5,1,1,2.160552978515625,1,2.2763214111328125,1,0.16321538388729095,0.6124559640884399,-115.0190658569336,78.7610092163086,18.024873733520508,1,0.02873537316918373,0.6112309098243713,-161.3950958251953,78.98430633544922,18.1062068939209,1,1.750861406326294,30.886022567749023,641.394287109375,0.4975487291812897,0.4415335953235626,0.433471143245697,1,-64.66393280029297,32.98504638671875,643.3438720703125,0.6362855434417725,0.43729934096336365,0.4449523985385895,60974913352,2071111038
5,1,1,2.1540679931640625,1,2.3116607666015625,1,0.16867218911647797,0.6273240447044373,-113.13726043701172,76.05082702636719,17.03847885131836,1,0.026629356667399406,0.6190623641014099,-162.12135314941406,77.5567855834961,17.586589813232422,1,1.7054672241210938,30.906143188476562,641.427978515625,0.49764418601989746,0.4414960741996765,0.433546781539917,1,-64.69467163085938,32.997135162353516,643.3614501953125,0.636345386505127,0.43727660179138184,0.44499871134757996,60974921685,2071119371
5,1,1,2.1885833740234375,1,2.303680419921875,1,0.16424058377742767,0.6176636815071106,-114.66553497314453,77.81173706054688,17.67940902709961,1,0.03629610687494278,0.6392036080360413,-158.78775024414062,73.88539123535156,16.250322341918945,1,1.6803162097930908,30.908233642578125,641.3828735351562,0.4976966679096222,0.4414856433868408,0.4334491193294525,1,-64.72500610351562,32.96703338623047,643.355224609375,0.6364101767539978,0.4373382031917572,0.44498729705810547,60974930018,2071127704
5,1,1,2.1718292236328125,1,2.310394287109375,1,0.1664305478334427,0.6317394375801086,-113.91030883789062,75.2459716796875,16.74553108215332,1,0.02834828943014145,0.6196059584617615,-161.52857971191406,77.45772552490234,17.550519943237305,1,1.6608986854553223,30.91378402709961,641.348388671875,0.49773719906806946,0.4414694905281067,0.43337494134902954,1,-64.74807739257812,32.945899963378906,643.210693359375,0.6364924907684326,0.4373619854450226,0.44467732310295105,60974938351,2071136037
5,1,1,2.1820068359375,1,2.3180999755859375,1,0.1644708812236786,0.6245100498199463,-114.58611297607422,76.56377410888672,17.22516632080078,1,0.05192720890045166,0.6468340158462524,-153.39727783203125,72.49452209472656,15.744056701660156,1,1.6479976177215576,30.91079330444336,641.3597412109375,0.49776434898376465,0.4414771795272827,0.43339911103248596,1,-64.77314758300781,32.913089752197266,643.0535278320312,0.6365821957588196,0.4374082684516907,0.44433870911598206,60974946685,2071144371
5,1,1,2.1807098388671875,1,2.3184661865234375,1,0.15318547189235687,0.6264098286628723,-118.4779281616211,76.21747589111328,17.09911346435547,1,0.06419435143470764,0.6253785490989685,-149.16690063476562,76.40544128417969,17.16756820678711,1,1.621698021888733,30.91012191772461,641.3709106445312,0.4978196620941162,0.44148004055023193,0.43342313170433044,1,-64.80506896972656,32.901878356933594,643.1063842773438,0.6366361975669861,0.43743884563446045,0.44445812702178955,60974955018,2071152704
5,1,1,2.1744384765625,1,2.3007965087890625,1,0.16638635098934174,0.6374736428260803,-113.92555236816406,74.20074462890625,16.365076065063477,1,0.04924672096967697,0.6070083975791931,-154.3216552734375,79.75402069091797,18.386281967163086,1,1.581864833831787,30.8796443939209,641.2813110351562,0.4979027807712555,0.4415315091609955,0.43322423100471497,1,-64.83512878417969,32.84465026855469,643.2173461914062,0.6366727352142334,0.43757307529449463,0.44469577074050903,60974963352,2071161038
5,1,1,2.174713134765625,1,2.2266693115234375,1,0.15459686517715454,0.6137234568595886,-117.9912109375,78.52996826171875,17.94083595275879,1,0.02243330329656601,0.5894067287445068,-163.56838989257812,82.96248626708984,19.554079055786133,1,1.5421053171157837,30.888507843017578,641.2354736328125,0.49798595905303955,0.44150689244270325,0.43312591314315796,1,-64.86332702636719,32.844886779785156,643.1535034179688,0.6367467045783997,0.4375637173652649,0.44456416368484497,60974971685,2071169371
5,1,1,2.16094970703125,1,2.33782958984375,1,0.15213775634765625,0.6256020069122314,-118.83924865722656,76.36474609375,17.15272331237793,1,0.0655825063586235,0.6274493932723999,-148.6881866455078,76.02798461914062,17.030176162719727,1,1.508727788925171,30.855403900146484,641.2357177734375,0.4980561435222626,0.4415757656097412,0.4331216514110565,1,-64.88623046875,32.80812454223633,643.067138671875,0.6368150115013123,0.4376280605792999,0.4443773329257965,60974980018,2071177704
5,1,1,2.1739044189453125,1,2.3248138427734375,1,0.1683923453092575,0.6396152973175049,-113.23377227783203,73.81035614013672,16.223011016845703,1,0.06893187016248703,0.612569272518158,-147.53317260742188,78.74037170410156,18.01738739013672,1,1.476278305053711,30.8730525970459,641.3037719726562,0.4981245696544647,0.4415479898452759,0.433271586894989,1,-64.94673156738281,32.815513610839844,643.2407836914062,0.6368998289108276,0.4376366436481476,0.44476622343063354,60974988352,2071186038
5,1,1,2.1448822021484375,1,2.2878875732421875,1,0.19617705047130585,0.6422372460365295,-103.652099609375,73.33241271972656,16.049076080322266,1,0.046545255929231644,0.6403904557228088,-155.25328063964844,73.66905975341797,16.171560287475586,1,1.4537901878356934,30.81412124633789,641.3047485351562,0.4981718957424164,0.44167080521583557,0.43326547741889954,1,-64.97684478759766,32.78569793701172,643.247802734375,0.6369609832763672,0.43769949674606323,0.44478362798690796,60974996685,2071194371
5,1,1,2.2032928466796875,1,2.312530517578125,1,0.15609200298786163,0.604553759098053,-117.47560119628906,80.20144653320312,18.54916763305664,1,0.051143597811460495,0.6410213112831116,-153.66751098632812,73.55403900146484,16.129756927490234,1,1.426397681236267,30.78963851928711,641.2142333984375,0.498229056596756,0.4417096972465515,0.4330655336380005,1,-64.99778747558594,32.74517822265625,643.1156005859375,0.6370362043380737,0.43776535987854004,0.4444970190525055,60975005019,2071202704
5,1,1,2.187652587890625,1,2.303009033203125,1,0.17233745753765106,0.6178703904151917,-111.87328338623047,77.77405548095703,17.66569709777832,1,0.048731353133916855,0.6384121179580688,-154.49940490722656,74.02967834472656,16.302818298339844,1,1.4015593528747559,30.787067413330078,641.237060546875,0.4982813000679016,0.4417180120944977,0.43311449885368347,1,-65.02205657958984,32.72218322753906,643.1107788085938,0.6370880603790283,0.4378124177455902,0.444488525390625,60975013353,2071211038
5,1,1,2.177581787109375,1,2.29754638671875,1,0.17230646312236786,0.6160776615142822,-111.88396453857422,78.1008529663086,17.78458595275879,1,0.048679713159799576,0.6177170276641846,-154.51719665527344,77.80200958251953,17.67583465576172,1,1.3750481605529785,30.76926040649414,641.2710571289062,0.49833711981773376,0.44175955653190613,0.43318575620651245,1,-65.04911041259766,32.699913024902344,643.1869506835938,0.6371263861656189,0.4378691613674164,0.44465556740760803,60975021689,2071219374
5,1,1,2.17083740234375,1,2.337066650390625,1,0.1673738956451416,0.6166983842849731,-113.58499908447266,77.98770141601562,17.743408203125,1,0.05594446882605553,0.625867486000061,-152.01190185546875,76.31632232666016,17.135122299194336,1,1.3544397354125977,30.766841888427734,641.2596435546875,0.4983804225921631,0.4417630732059479,0.43316054344177246,1,-65.0710678100586,32.69752502441406,643.230712890625,0.6371616721153259,0.43788009881973267,0.444754421710968,60975030022,2071227707
5,1,1,2.1485595703125,1,2.2962799072265625,1,0.17276215553283691,0.6127755641937256,-111.72682189941406,78.7027587890625,18.003644943237305,1,0.05639239028096199,0.6468180418014526,-151.85745239257812,72.4974365234375,15.745124816894531,1,1.3408762216567993,30.78803253173828,641.2373046875,0.498408704996109,0.44171592593193054,0.43311503529548645,1,-65.09211730957031,32.719669342041016,643.2596435546875,0.6371985673904419,0.437838077545166,0.44482460618019104,60975038356,2071236041
5,1,1,2.1756744384765625,1,2.321044921875,1,0.15995191037654877,0.6087641716003418,-116.14450073242188,79.4339599609375,18.269821166992188,1,0.05464429408311844,0.6361954212188721,-152.46029663085938,74.4337387084961,16.449844360351562,1,1.3346465826034546,30.784204483032227,641.2599487304688,0.49842190742492676,0.4417269229888916,0.433163583278656,1,-65.10760498046875,32.71049499511719,643.22216796875,0.6372398138046265,0.4378519058227539,0.444745808839798,60975046689,2071244374
5,1,1,2.1384735107421875,1,2.274932861328125,1,0.178866446018219,0.6321369409561157,-109.62174224853516,75.17353820800781,16.71916389465332,1,0.050960857421159744,0.6304264068603516,-153.73052978515625,75.48529815673828,16.8326416015625,1,1.3277671337127686,30.826175689697266,641.1797485351562,0.4984358847141266,0.4416288733482361,0.4329952001571655,1,-65.11894989013672,32.751529693603516,643.23095703125,0.637261152267456,0.437767893075943,0.44477298855781555,60975055023,2071252707
5,1,1,2.1796875,1,2.2720489501953125,1,0.15974892675876617,0.6289929151535034,-116.21449279785156,75.7466049194336,16.92776107788086,1,0.04125053063035011,0.6390125155448914,-157.07920837402344,73.92022705078125,16.262983322143555,1,1.3277053833007812,30.83870506286621,641.1795043945312,0.49843597412109375,0.4416027367115021,0.43299639225006104,1,-65.1233139038086,32.763450622558594,643.2418212890625,0.6372675895690918,0.4377445876598358,0.44479915499687195,60975063356,2071261040
5,1,1,2.1534576416015625,1,2.3353271484375,1,0.1591370701789856,0.6222923994064331,-116.42549133300781,76.96800994873047,17.372272491455078,1,0.059752289205789566,0.6385047435760498,-150.6987762451172,74.0127944946289,16.296682357788086,1,1.327150583267212,30.86449432373047,641.1226196289062,0.498436838388443,0.441541463136673,0.4328765869140625,1,-65.11810302734375,32.791175842285156,643.184326171875,0.6372703313827515,0.4376790225505829,0.44467800855636597,60975071690,2071269374
5,1,1,2.1556549072265625,1,2.323150634765625,1,0.1565399169921875,0.6168715357780457,-117.32113647460938,77.95616912841797,17.731889724731445,1,0.06625435501337051,0.6378159523010254,-148.4564971923828,74.13833618164062,16.342361450195312,1,1.3290317058563232,30.885093688964844,641.1787109375,0.49843305349349976,0.4415060579776764,0.43300119042396545,1,-65.11893463134766,32.804656982421875,643.2075805664062,0.6372664570808411,0.4376542270183563,0.444730281829834,60975080023,2071277707
5,1,1,2.1616363525390625,1,2.2713165283203125,1,0.1516394466161728,0.6205158233642578,-119.0110855102539,77.29182434082031,17.490175247192383,1,0.032565053552389145,0.6180939078330994,-160.07440185546875,77.73330688476562,17.650859832763672,1,1.3341100215911865,30.893970489501953,641.201416015625,0.4984225034713745,0.4414905607700348,0.433051735162735,1,-65.12217712402344,32.813926696777344,643.2537841796875,0.637262225151062,0.4376413822174072,0.44483205676078796,60975088356,2071286040
5,1,1,2.204498291015625,1,2.334625244140625,1,0.14641480147838593,0.6124666929244995,-120.81282806396484,78.75904846191406,18.024187088012695,1,0.06361713260412216,0.6390960812568665,-149.365966796875,73.90499114990234,16.257511138916016,1,1.343569278717041,30.91061019897461,641.2584228515625,0.4984028935432434,0.44146350026130676,0.43317776918411255,1,-65.12828063964844,32.83037567138672,643.3101196289062,0.6372614502906799,0.43761497735977173,0.44495731592178345,60975096690,2071294374
5,1,1,2.1990509033203125,1,2.3012847900390625,1,0.13946011662483215,0.623001217842102,-123.211181640625,76.83880615234375,17.325279235839844,1,0.04459533840417862,0.6201784610748291,-155.9257049560547,77.35332489013672,17.51255989074707,1,1.3516085147857666,30.920164108276367,641.291748046875,0.4983861744403839,0.44144803285598755,0.43325141072273254,1,-65.1263427734375,32.838661193847656,643.3228149414062,0.6372542977333069,0.4375995695590973,0.44498541951179504,60975105023,2071302707
5,1,1,2.1930084228515625,1,2.3244781494140625,1,0.153068408370018,0.5987052321434021,-118.51830291748047,81.26754760742188,18.937166213989258,1,0.06950470060110092,0.6099286079406738,-147.33560180664062,79.2217025756836,18.192583084106445,1,1.3584027290344238,30.924238204956055,641.32666015625,0.49837201833724976,0.4414442181587219,0.43332770466804504,1,-65.12142944335938,32.840091705322266,643.3233642578125,0.6372439861297607,0.4375966787338257,0.44498583674430847,60975113356,2071311040
5,1,1,2.1832427978515625,1,2.297637939453125,1,0.15571056306362152,0.6060300469398499,-117.60713958740234,79.93232727050781,18.451248168945312,1,0.045577194541692734,0.5940135717391968,-155.5871124267578,82.12272644042969,19.24848175048828,1,1.3646680116653442,30.927364349365234,641.3489379882812,0.49835899472236633,0.4414407014846802,0.4333765506744385,1,-65.12466430664062,32.84801483154297,643.3934326171875,0.6372339725494385,0.4375899136066437,0.4451388120651245,60975121690,2071319374
5,1,1,2.2025146484375,1,2.307708740234375,1,0.14407533407211304,0.6154521703720093,-121.61961364746094,78.21485137939453,17.826133728027344,1,0.05031656101346016,0.6018416285514832,-153.95272827148438,80.69581604003906,18.729093551635742,1,1.3703583478927612,30.928131103515625,641.3828125,0.4983472228050232,0.44144362211227417,0.43345019221305847,1,-65.11915588378906,32.85101318359375,643.40576171875,0.6372195482254028,0.43758541345596313,0.44516468048095703,60975130023,2071327707
5,1,1,2.1990203857421875,1,2.3898162841796875,1,0.1542639434337616,0.5996529459953308,-118.10601806640625,81.09479522705078,18.8742618560791,1,0.08203519135713577,0.6168533563613892,-143.01441955566406,77.95945739746094,17.733125686645508,1,1.37345552444458,30.932735443115234,641.3943481445312,0.49834078550338745,0.4414355754852295,0.4334757924079895,1,-65.11212158203125,32.85779571533203,643.3839111328125,0.6372100710868835,0.4375682771205902,0.4451170563697815,60975138357,2071336040
5,1,1,2.2108001708984375,1,2.2725982666015625,1,0.14383801817893982,0.6097886562347412,-121.70144653320312,79.2472152709961,18.20183563232422,1,0.05200636759400368,0.6141669154167175,-153.36997985839844,78.44913482666016,17.91141128540039,1,1.3797478675842285,30.923683166503906,641.3713989257812,0.49832746386528015,0.44145137071609497,0.43342483043670654,1,-65.11351013183594,32.84941864013672,643.4193115234375,0.6372045278549194,0.4375905990600586,0.4451925456523895,60975146691,2071344374
5,1,1,2.1742706298828125,1,2.3089752197265625,1,0.1493094116449356,0.6080219745635986,-119.81461334228516,79.56924438476562,18.31905746459961,1,0.060376957058906555,0.6035208106040955,-150.4833526611328,80.38972473144531,18.61771011352539,1,1.3839682340621948,30.92080307006836,641.3602294921875,0.498318612575531,0.4414558708667755,0.43340015411376953,1,-65.10934448242188,32.84745407104492,643.4080810546875,0.6371985077857971,0.4375930726528168,0.44516706466674805,60975155027,2071352710
5,1,1,2.2180328369140625,1,2.2706756591796875,1,0.14247354865074158,0.6236536502838135,-122.17198944091797,76.7198715209961,17.281972885131836,1,0.05752318724989891,0.6170274615287781,-151.46749877929688,77.927734375,17.72153663635254,1,1.3840339183807373,30.92344093322754,641.3602294921875,0.4983184337615967,0.44145041704177856,0.43340057134628296,1,-65.1061019897461,32.85863494873047,643.443359375,0.6371833682060242,0.4375748038291931,0.445244163274765,60975163360,2071361043
5,1,1,2.191162109375,1,2.3398895263671875,1,0.14314457774162292,0.6196460127830505,-121.94058227539062,77.45040130615234,17.547882080078125,1,0.06535246968269348,0.6022778153419495,-148.76751708984375,80.6163101196289,18.7001895904541,1,1.385836124420166,30.91619110107422,641.3485717773438,0.49831458926200867,0.4414639174938202,0.433374285697937,1,-65.10675048828125,32.84648895263672,643.4661254882812,0.6371793746948242,0.4376031458377838,0.445291668176651,60975171694,2071369377
5,1,1,2.1885528564453125,1,2.2866058349609375,1,0.1407579779624939,0.6140697598457336,-122.76360321044922,78.46684265136719,17.917818069458008,1,0.03560600057244301,0.5882925987243652,-159.02572631835938,83.16557312011719,19.627965927124023,1,1.3858357667922974,30.921009063720703,641.348876953125,0.49831458926200867,0.4414539635181427,0.43337562680244446,1,-65.10176086425781,32.86370849609375,643.4562377929688,0.63717120885849,0.43756604194641113,0.445271760225296,60975180027,2071377710
5,1,1,2.1881866455078125,1,2.29779052734375,1,0.14216992259025574,0.6187047958374023,-122.27669525146484,77.6219482421875,17.610349655151367,1,0.05179819464683533,0.6055986285209656,-153.4417724609375,80.01097869873047,18.4798526763916,1,1.3888369798660278,30.911235809326172,641.3145141601562,0.49830812215805054,0.4414697587490082,0.433299720287323,1,-65.10197448730469,32.8459587097168,643.4674072265625,0.6371690630912781,0.43760445713996887,0.44529324769973755,60975188360,2071386043
5,1,1,2.2041473388671875,1,2.3462982177734375,1,0.13807420432567596,0.6132429242134094,-123.68911743164062,78.6175765991211,17.972673416137695,1,0.08306960016489029,0.594607949256897,-142.65769958496094,82.01439666748047,19.20903778076172,1,1.3895165920257568,30.914133071899414,641.3260498046875,0.4983067512512207,0.44146522879600525,0.4333252012729645,1,-65.1026382446289,32.85357666015625,643.4791259765625,0.6371676921844482,0.43759027123451233,0.445319801568985,60975196695,2071394377
5,1,1,2.21624755859375,1,2.255645751953125,1,0.1389811784029007,0.6178843975067139,-123.37635040283203,77.7715072631836,17.664745330810547,1,0.0468258298933506,0.5923827886581421,-155.15652465820312,82.41999053955078,19.356693267822266,1,1.3869671821594238,30.915386199951172,641.3262939453125,0.4983121454715729,0.4414626359939575,0.433325856924057,1,-65.10396575927734,32.858768463134766,643.454345703125,0.6371763348579407,0.4375760555267334,0.44526737928390503,60975205028,2071402710
5,1,1,2.1807098388671875,1,2.28424072265625,1,0.14406530559062958,0.6190650463104248,-121.62305450439453,77.5562973022461,17.58639144897461,1,0.04944758117198944,0.5945640802383423,-154.2523956298828,82.02239227294922,19.211984634399414,1,1.3820147514343262,30.910839080810547,641.303466796875,0.49832242727279663,0.44146910309791565,0.4332756996154785,1,-65.10069274902344,32.84947967529297,643.3868408203125,0.6371855735778809,0.4375859498977661,0.44511958956718445,60975213361,2071411043
5,1,1,2.1869964599609375,1,2.2707366943359375,1,0.15846987068653107,0.6283107995986938,-116.65558624267578,75.8709716796875,16.973007202148438,1,0.03958282619714737,0.5915813446044922,-157.654296875,82.5660629272461,19.409866333007812,1,1.3764225244522095,30.914045333862305,641.31494140625,0.49833422899246216,0.4414639174938202,0.43330106139183044,1,-65.09928131103516,32.85176086425781,643.3278198242188,0.6371966600418091,0.437573105096817,0.444992333650589,60975221695,2071419377
5,1,1,2.225006103515625,1,2.3370819091796875,1,0.14167526364326477,0.6208774447441101,-122.44728088378906,77.2259292602539,17.46617317199707,1,0.06554432958364487,0.6050171852111816,-148.7013702392578,80.11698913574219,18.518386840820312,1,1.3727939128875732,30.906808853149414,641.2694091796875,0.4983416199684143,0.44147297739982605,0.4332011342048645,1,-65.09649658203125,32.837188720703125,643.2955322265625,0.6371986865997314,0.43759891390800476,0.4449198842048645,60975230028,2071427710
5,1,1,2.18841552734375,1,2.3250579833984375,1,0.14331486821174622,0.5883644819259644,-121.88185119628906,83.1524658203125,19.623260498046875,1,0.06298266351222992,0.6081151366233826,-149.5847625732422,79.55224609375,18.312923431396484,1,1.3635340929031372,30.921085357666016,641.371826171875,0.4983615279197693,0.4414568245410919,0.43342524766921997,1,-65.11410522460938,32.852134704589844,643.3500366210938,0.6372222900390625,0.4375753402709961,0.44504353404045105,60975238361,2071436043
5,1,1,2.190460205078125,1,2.2867279052734375,1,0.14902043342590332,0.54427570104599,-119.91426849365234,91.18904876708984,22.54834747314453,1,0.0465267077088356,0.5460962057113647,-155.25967407226562,90.85721588134766,22.42752456665039,1,1.3498799800872803,30.948963165283203,641.4398193359375,0.49839040637016296,0.44140779972076416,0.43357664346694946,1,-65.10658264160156,32.894248962402344,643.3150634765625,0.6372147798538208,0.437483012676239,0.444972425699234,60975246695,2071444377
5,1,1,2.1911468505859375,1,2.2694854736328125,1,0.1801804006099701,0.525278627872467,-109.16861724853516,94.6518783569336,23.80869483947754,1,0.036199282854795456,0.5531671643257141,-158.8211212158203,89.56831359863281,21.958423614501953,1,1.3592921495437622,30.997238159179688,641.451171875,0.4983706474304199,0.44130879640579224,0.43360793590545654,1,-65.09574890136719,32.97039794921875,643.385498046875,0.6371751427650452,0.43733468651771545,0.44513311982154846,60975255028,2071452710
5,1,1,2.20050048828125,1,2.3505859375,1,0.19074277579784393,0.5210537314414978,-105.52613067626953,95.42200469970703,24.089000701904297,1,0.08273912221193314,0.4878356456756592,-142.77166748046875,101.47708892822266,26.292831420898438,1,1.4075627326965332,31.110084533691406,641.3584594726562,0.49826863408088684,0.4410616457462311,0.43342286348342896,1,-65.03968048095703,33.00334930419922,643.105712890625,0.63712477684021,0.43722739815711975,0.44452181458473206,60975263361,2071461043
5,1,1,2.1641693115234375,1,2.292633056640625,1,0.22457550466060638,0.41186341643333435,-93.8587646484375,115.32545471191406,31.333240509033203,1,0.06569847464561462,0.42158523201942444,-148.64820861816406,113.55335998535156,30.688196182250977,1,1.4362928867340088,31.13870620727539,641.404052734375,0.49820855259895325,0.44100818037986755,0.43352580070495605,1,-64.97682189941406,33.04388427734375,643.0480346679688,0.6370073556900024,0.4371352791786194,0.444389671087265,60975271695,2071469377
5,1,1,2.12030029296875,1,2.278167724609375,1,0.23851627111434937,0.33205220103263855,-89.05123901367188,129.8736114501953,36.62833023071289,1,0.07135700434446335,0.3639993369579315,-146.69683837890625,124.05020904541016,34.50883865356445,1,1.4573025703430176,31.29436492919922,641.517578125,0.49816468358039856,0.44069936871528625,0.43379396200180054,1,-64.92217254638672,33.16810607910156,643.1063232421875,0.6368791460990906,0.43688541650772095,0.4445216953754425,60975280029,2071477710
5,1,1,2.0764923095703125,1,2.2722930908203125,1,0.25151562690734863,0.20764340460300446,-84.56834411621094,152.5511016845703,44.88228225708008,1,0.09125156700611115,0.2664025127887726,-139.8361053466797,141.84039306640625,40.98386001586914,1,1.4649169445037842,31.345197677612305,641.3230590820312,0.4981476664543152,0.4405675232410431,0.43337905406951904,1,-64.8950424194336,33.21487045288086,643.0408935546875,0.636837899684906,0.4367791414260864,0.444381445646286,60975288365,2071486046
5,1,1,2.02874755859375,1,2.26568603515625,1,0.2598952054977417,0.11311834305524826,-81.67861938476562,169.78134155273438,51.153564453125,1,0.11062705516815186,0.22788813710212708,-133.1543731689453,148.86082458496094,43.53921127319336,1,1.4857934713363647,31.405086517333984,641.5386962890625,0.4981048107147217,0.4404718279838562,0.43385541439056396,1,-64.88560485839844,33.25877380371094,643.0774536132812,0.6368094086647034,0.436693012714386,0.44446465373039246,60975296699,2071494380
5,1,1,2.1750030517578125,1,2.2979583740234375,1,0.2484482377767563,0.23480582237243652,-85.62615203857422,147.599853515625,43.08024215698242,1,0.11265988647937775,0.2279835045337677,-132.453369140625,148.84349060058594,43.53278350830078,1,1.5062150955200195,31.422019958496094,641.5275268554688,0.4980618357658386,0.44043514132499695,0.43383365869522095,1,-64.86369323730469,33.24800491333008,643.06982421875,0.6367655992507935,0.4367143511772156,0.44444194436073303,60975305032,2071502713
5,1,1,2.1831817626953125,1,2.2493743896484375,1,0.25219738483428955,0.24240902066230774,-84.33324432373047,146.21395874023438,42.57572937011719,1,0.10353104770183563,0.24681687355041504,-135.6014862060547,145.4104766845703,42.283302307128906,1,1.5212968587875366,31.407939910888672,641.573486328125,0.49803048372268677,0.4404706358909607,0.433931440114975,1,-64.89517974853516,33.23777389526367,643.0977172851562,0.6368246078491211,0.436739444732666,0.444507360458374,60975313365,2071511046
5,1,1,2.1607208251953125,1,2.2641448974609375,1,0.2483847290277481,0.21157564222812653,-85.6480484008789,151.83432006835938,44.62143325805664,1,0.10943280160427094,0.261251837015152,-133.56622314453125,142.7792510986328,41.32557678222656,1,1.5278173685073853,31.40183448791504,641.5389404296875,0.4980165958404541,0.44047868251800537,0.43385568261146545,1,-64.92271423339844,33.21662902832031,643.1280517578125,0.6368748545646667,0.43678757548332214,0.444575697183609,60975321699,2071519380
5,1,1,2.1590118408203125,1,2.2954864501953125,1,0.2474997639656067,0.21291537582874298,-85.95323944091797,151.59010314941406,44.532535552978516,1,0.10124083608388901,0.27305203676223755,-136.39126586914062,140.6282958984375,40.54270553588867,1,1.5329241752624512,31.397640228271484,641.538818359375,0.4980059266090393,0.44048741459846497,0.433854877948761,1,-64.93867492675781,33.20584487915039,643.1710205078125,0.6368979811668396,0.43681594729423523,0.44467028975486755,60975330033,2071527713
5,1,1,2.2008514404296875,1,2.2770538330078125,1,0.25010257959365845,0.23096933960914612,-85.05564880371094,148.29920959472656,43.334712982177734,1,0.10353697091341019,0.2520395517349243,-135.5994415283203,144.45846557617188,41.93684005737305,1,1.5411137342453003,31.411500930786133,641.5278930664062,0.49798864126205444,0.44045716524124146,0.43383312225341797,1,-64.94217681884766,33.212242126464844,643.13525390625,0.6369137167930603,0.4367976784706116,0.44459494948387146,60975338366,2071536046
5,1,1,2.1452789306640625,1,2.2843780517578125,1,0.2588394582271576,0.22704124450683594,-82.04268646240234,149.01522827148438,43.59534454345703,1,0.10244432836771011,0.2665170431137085,-135.9762420654297,141.81947326660156,40.97633361816406,1,1.5480048656463623,31.41825294494629,641.5389404296875,0.497974157333374,0.44044455885887146,0.433858186006546,1,-64.94139862060547,33.21025848388672,643.1708374023438,0.6369036436080933,0.4368067681789398,0.44467124342918396,60975346700,2071544380
5,1,1,2.1886749267578125,1,2.3084869384765625,1,0.2566661238670349,0.22087182104587555,-82.79217529296875,150.13980102539062,44.0046501159668,1,0.1024513766169548,0.26259365677833557,-135.9738006591797,142.53465270996094,41.23657989501953,1,1.552258014678955,31.42556381225586,641.4817504882812,0.497965008020401,0.4404217004776001,0.43373507261276245,1,-64.95040130615234,33.21184158325195,643.157470703125,0.6369255781173706,0.43680161237716675,0.444644570350647,60975355033,2071552713
5,1,1,2.1741790771484375,1,2.2886962890625,1,0.2559083104133606,0.23798376321792603,-83.05351257324219,147.02059936523438,42.869361877441406,1,0.10190600901842117,0.23607727885246277,-136.16188049316406,147.3681182861328,42.9958381652832,1,1.5561070442199707,31.45671844482422,641.482177734375,0.4979568123817444,0.44035691022872925,0.43374037742614746,1,-64.95706176757812,33.234588623046875,643.2025146484375,0.6369285583496094,0.4367606043815613,0.4447464644908905,60975363366,2071561046
5,1,1,2.0938720703125,1,2.3057403564453125,1,0.24969522655010223,0.16582025587558746,-85.19612121582031,160.17469787597656,47.657081604003906,1,0.11166040599346161,0.2626367509365082,-132.79803466796875,142.52676391601562,41.233821868896484,1,1.5603468418121338,31.47043228149414,641.447509765625,0.49794772267341614,0.44032368063926697,0.4336671233177185,1,-64.96065521240234,33.23211669921875,643.154296875,0.6369475722312927,0.43675899505615234,0.4446428418159485,60975371700,2071569380
5,1,1,2.2028045654296875,1,2.2822418212890625,1,0.24772262573242188,0.26444098353385925,-85.87638854980469,142.1979217529297,41.114044189453125,1,0.10509278625249863,0.25276848673820496,-135.0629119873047,144.3256072998047,41.888450622558594,1,1.561559796333313,31.49518585205078,641.4014892578125,0.4979448914527893,0.4402659833431244,0.4335708022117615,1,-64.96593475341797,33.237396240234375,643.10791015625,0.6369696855545044,0.43674153089523315,0.44454464316368103,60975380034,2071577713
5,1,1,2.1577606201171875,1,2.290557861328125,1,0.25151577591896057,0.2190878540277481,-84.56830596923828,150.4650115966797,44.122982025146484,1,0.12214023619890213,0.2710372507572174,-129.1840362548828,140.99554443359375,40.67640686035156,1,1.5640558004379272,31.515548706054688,641.3787231445312,0.49793946743011475,0.44022050499916077,0.4335242211818695,1,-64.97245025634766,33.240638732910156,643.0842895507812,0.6369887590408325,0.4367314577102661,0.4444955587387085,60975388367,2071586046
5,1,1,2.1595306396484375,1,2.2550506591796875,1,0.24375542998313904,0.24884384870529175,-87.2444839477539,145.04100036621094,42.14883804321289,1,0.11775165051221848,0.23739323019981384,-130.69744873046875,147.1282501220703,42.908531188964844,1,1.5658612251281738,31.52276611328125,641.3441772460938,0.4979355037212372,0.4402008354663849,0.433450311422348,1,-64.98143005371094,33.242576599121094,643.0693359375,0.6370110511779785,0.43672534823417664,0.44446542859077454,60975396700,2071594380
5,1,1,2.124908447265625,1,2.274017333984375,1,0.25018051266670227,0.21499551832675934,-85.02877807617188,151.21096801757812,44.394500732421875,1,0.10768762230873108,0.2329031527042389,-134.16806030273438,147.9467315673828,43.206336975097656,1,1.5715198516845703,31.536964416503906,641.35546875,0.4979236125946045,0.44017279148101807,0.43347686529159546,1,-64.97511291503906,33.243080139160156,642.9542236328125,0.6370252370834351,0.4367081820964813,0.44421571493148804,60975405033,2071602713
5,1,1,2.081390380859375,1,2.2447509765625,1,0.24414125084877014,0.1749601513147354,-87.11144256591797,158.50869750976562,47.05064010620117,1,0.11064359545707703,0.23633697628974915,-133.148681640625,147.32077026367188,42.97859573364258,1,1.5701100826263428,31.534347534179688,641.310302734375,0.49792635440826416,0.4401721656322479,0.43337854743003845,1,-64.97525024414062,33.233245849609375,642.8720703125,0.63704514503479,0.43671715259552,0.44403699040412903,60975413369,2071611048
5,1,1,2.1354522705078125,1,2.2725830078125,1,0.24205774068832397,0.20227928459644318,-87.82994079589844,153.52890014648438,45.23817825317383,1,0.11249667406082153,0.2524147629737854,-132.5096435546875,144.3900909423828,41.91193771362305,1,1.5725802183151245,31.541156768798828,641.31005859375,0.4979211091995239,0.440157949924469,0.4333789348602295,1,-64.9767837524414,33.23539733886719,642.8255615234375,0.6370594501495361,0.43670615553855896,0.443937212228775,60975421703,2071619382
5,1,1,2.174835205078125,1,2.2639312744140625,1,0.25013619661331177,0.23498906195163727,-85.04405212402344,147.5664825439453,43.06804656982422,1,0.1186508908867836,0.24566568434238434,-130.3873291015625,145.62033081054688,42.35966873168945,1,1.5775381326675415,31.54680633544922,641.3328247070312,0.49791082739830017,0.4401492774486542,0.43342921137809753,1,-64.97210693359375,33.23439025878906,642.780517578125,0.6370604634284973,0.4367019534111023,0.443838894367218,60975430036,2071627715
5,1,1,2.173187255859375,1,2.2577667236328125,1,0.24624396860599518,0.244160994887352,-86.38629913330078,145.8945770263672,42.45957946777344,1,0.11962971836328506,0.24842678010463715,-130.04978942871094,145.1170196533203,42.176536560058594,1,1.5854973793029785,31.54102325439453,641.2984619140625,0.4978939890861511,0.4401567280292511,0.43335384130477905,1,-64.96456909179688,33.22523880004883,642.7227783203125,0.6370584964752197,0.4367128908634186,0.44371140003204346,60975438369,2071636048
5,1,1,2.0990753173828125,1,2.276611328125,1,0.26727455854415894,0.19404886662960052,-79.13380432128906,155.02915954589844,45.78419494628906,1,0.1263500601053238,0.24388284981250763,-127.73223876953125,145.9452667236328,42.47803497314453,1,1.6348257064819336,31.552387237548828,641.2756958007812,0.49779021739959717,0.4401300549507141,0.43330636620521545,1,-64.91288757324219,33.234458923339844,642.5948486328125,0.6369811296463013,0.43667590618133545,0.4434254467487335,60975446703,2071644382
5,1,1,2.0694427490234375,1,2.2957000732421875,1,0.31550469994544983,0.14907315373420715,-62.50144577026367,163.2274169921875,48.76814270019531,1,0.15744097530841827,0.2207319587469101,-117.01040649414062,150.165283203125,44.01393508911133,1,1.6708219051361084,31.556175231933594,641.2986450195312,0.4977147877216339,0.44012531638145447,0.43335676193237305,1,-64.86627960205078,33.254119873046875,642.61474609375,0.6368791460990906,0.4366379678249359,0.443461149930954,60975455036,2071652715
5,1,1,2.147735595703125,1,2.3048095703125,1,0.29332658648490906,0.2056926041841507,-70.149658203125,152.9066925048828,45.01175308227539,1,0.14842814207077026,0.23060853779315948,-120.11849975585938,148.36495971679688,43.358699798583984,1,1.6864094734191895,31.5562744140625,641.26416015625,0.4976818561553955,0.44012051820755005,0.4332820773124695,1,-64.83729553222656,33.28627014160156,642.5734252929688,0.6368283629417419,0.4365653097629547,0.44337040185928345,60975463370,2071661048
5,1,1,2.12139892578125,1,2.2828216552734375,1,0.28724393248558044,0.18808415532112122,-72.2472915649414,156.11639404296875,46.17997360229492,1,0.14977459609508514,0.2198547124862671,-119.65419006347656,150.3251953125,44.07217788696289,1,1.6933027505874634,31.548656463623047,641.2303466796875,0.49766725301742554,0.440131813287735,0.43320778012275696,1,-64.84049987792969,33.273399353027344,642.6197509765625,0.6368240714073181,0.4365985691547394,0.44346922636032104,60975471704,2071669382
5,1,1,2.0910491943359375,1,2.2631683349609375,1,0.29612040519714355,0.17206905782222748,-69.18620300292969,159.03567504882812,47.24248504638672,1,0.14218975603580475,0.20833827555179596,-122.26985168457031,152.42442321777344,44.83622360229492,1,1.7020224332809448,31.543930053710938,641.1621704101562,0.4976485073566437,0.4401324987411499,0.43305930495262146,1,-64.83809661865234,33.265750885009766,642.6310424804688,0.6368164420127869,0.43661609292030334,0.44349193572998047,60975480037,2071677715
5,1,1,2.0973358154296875,1,2.256317138671875,1,0.2943212687969208,0.15646590292453766,-69.806640625,161.8798370361328,48.277687072753906,1,0.1501033455133438,0.20241661369800568,-119.54082489013672,153.5038604736328,45.22905731201172,1,1.7231768369674683,31.536060333251953,641.1626586914062,0.4976041316986084,0.4401490092277527,0.43305930495262146,1,-64.84686279296875,33.25926971435547,642.7932739257812,0.6367961764335632,0.436652272939682,0.4438430070877075,60975488370,2071686048
5,1,1,2.0665130615234375,1,2.25006103515625,1,0.2833101451396942,0.13559716939926147,-73.60386657714844,165.68385314941406,49.66221237182617,1,0.146596297621727,0.21037644147872925,-120.75023651123047,152.05291748046875,44.70095443725586,1,1.7477527856826782,31.525522232055664,641.0715942382812,0.49755197763442993,0.4401586949825287,0.432860404253006,1,-64.83639526367188,33.25431442260742,642.8303833007812,0.6367655396461487,0.436667799949646,0.4439201056957245,60975496704,2071694382
5,1,1,2.07867431640625,1,2.232421875,1,0.28261619806289673,0.13966341316699982,-73.84318542480469,164.94264221191406,49.39243698120117,1,0.15084224939346313,0.18500898778438568,-119.2860107421875,156.6769561767578,46.38396453857422,1,1.7698283195495605,31.528745651245117,641.0257568359375,0.4975053369998932,0.440145879983902,0.432761549949646,1,-64.81455993652344,33.258216857910156,642.7291259765625,0.6367440819740295,0.4366455376148224,0.44369760155677795,60975505037,2071702715
5,1,1,2.0957183837890625,1,2.2144012451171875,1,0.28514930605888367,0.16591130197048187,-72.96964263916016,160.15814208984375,47.6509895324707,1,0.14309635758399963,0.17718671262264252,-121.95720672607422,158.102783203125,46.90300369262695,1,1.7887979745864868,31.513641357421875,641.0148315429688,0.49746546149253845,0.4401758909225464,0.432735800743103,1,-64.79320526123047,33.235984802246094,642.698486328125,0.6367068886756897,0.43668752908706665,0.44362354278564453,60975513371,2071711048
5,1,1,2.1558990478515625,1,2.282562255859375,1,0.281038373708725,0.20221835374832153,-74.38729095458984,153.54000854492188,45.24220275878906,1,0.15684103965759277,0.2269102782011032,-117.21728515625,149.03909301757812,43.60404586791992,1,1.8147356510162354,31.529287338256836,641.0821533203125,0.4974113702774048,0.4401523768901825,0.4328842759132385,1,-64.75340270996094,33.23503875732422,642.49755859375,0.6366716027259827,0.43666142225265503,0.44318118691444397,60975521705,2071719382
5,1,1,2.0075531005859375,1,2.19775390625,1,0.2896432876586914,0.10966085642576218,-71.41985321044922,170.41156005859375,51.38298797607422,1,0.14496271312236786,0.1807294487953186,-121.31359100341797,157.45704650878906,46.66788864135742,1,1.8369956016540527,31.526138305664062,641.1052856445312,0.4973648190498352,0.44016215205192566,0.4329341650009155,1,-64.7181625366211,33.2188720703125,642.365478515625,0.636629581451416,0.43667662143707275,0.442886084318161,60975530038,2071727715
5,1,1,2.1084747314453125,1,2.23358154296875,1,0.3018634021282196,0.20397667586803436,-67.20569610595703,153.219482421875,45.12554931640625,1,0.15441450476646423,0.20220381021499634,-118.05409240722656,153.54263305664062,45.24319839477539,1,1.8525735139846802,31.532323837280273,641.1387939453125,0.49733230471611023,0.4401538074016571,0.4330078065395355,1,-64.69477844238281,33.22950744628906,642.3345947265625,0.6365880966186523,0.43665027618408203,0.44281601905822754,60975538371,2071736048
5,1,1,2.185699462890625,1,2.2794647216796875,1,0.2990539073944092,0.2503233850002289,-68.174560546875,144.77130126953125,42.05068588256836,1,0.152675062417984,0.23208080232143402,-118.6539535522461,148.0966033935547,43.260990142822266,1,1.8694725036621094,31.53382110595703,641.1046142578125,0.4972965717315674,0.4401461184024811,0.432934045791626,1,-64.66983032226562,33.23853302001953,642.3281860351562,0.6365374326705933,0.43663060665130615,0.44279810786247253,60975546709,2071744386
5,1,1,2.1351165771484375,1,2.2238006591796875,1,0.2940325438976288,0.20390404760837555,-69.90619659423828,153.23272705078125,45.13035202026367,1,0.14359891414642334,0.22150006890296936,-121.78389739990234,150.0252685546875,43.963008880615234,1,1.8920507431030273,31.511093139648438,641.1051025390625,0.49724921584129333,0.4401935338973999,0.432932049036026,1,-64.64624786376953,33.225341796875,642.321044921875,0.6364900469779968,0.4366571009159088,0.442775696516037,60975555042,2071752719
5,1,1,2.1364898681640625,1,2.228668212890625,1,0.29447808861732483,0.19872638583183289,-69.75255584716797,154.176513671875,45.47391128540039,1,0.1520412117242813,0.2193676233291626,-118.87252807617188,150.41397094726562,44.10447692871094,1,1.9108691215515137,31.51681900024414,641.0595703125,0.4972093999385834,0.44017550349235535,0.43283411860466003,1,-64.64151763916016,33.25251770019531,642.4967651367188,0.6364383697509766,0.4366251826286316,0.44315797090530396,60975563375,2071761052
5,1,1,2.1525726318359375,1,2.2480316162109375,1,0.2936134338378906,0.22145140171051025,-70.05073547363281,150.03416442871094,43.96617126464844,1,0.15937061607837677,0.19955840706825256,-116.3449478149414,154.0248565673828,45.41866683959961,1,1.938077449798584,31.494707107543945,640.9691772460938,0.49715161323547363,0.4402094781398773,0.432635098695755,1,-64.6321792602539,33.254432678222656,642.5921020507812,0.6363962292671204,0.4366346001625061,0.4433620274066925,60975571709,2071769386
5,1,1,2.1613616943359375,1,2.206207275390625,1,0.28052741289138794,0.21152271330356598,-74.56352233886719,151.84397888183594,44.62491226196289,1,0.15220150351524353,0.18596316874027252,-118.8172607421875,156.50299072265625,46.32070541381836,1,1.9671721458435059,31.492158889770508,641.0255126953125,0.4970909357070923,0.4402224123477936,0.432757169008255,1,-64.60903930664062,33.259788513183594,642.595947265625,0.6363470554351807,0.43662405014038086,0.44336602091789246,60975580042,2071777719
5,1,1,2.1563262939453125,1,2.2615814208984375,1,0.28782644867897034,0.21429024636745453,-72.04639434814453,151.33949279785156,44.44129180908203,1,0.157208651304245,0.22258798778057098,-117.09053039550781,149.82696533203125,43.89080047607422,1,1.9917917251586914,31.503780364990234,641.02587890625,0.49703913927078247,0.4401983320713043,0.43275970220565796,1,-64.57288360595703,33.265235900878906,642.4739990234375,0.6363005042076111,0.4365956783294678,0.443095862865448,60975588375,2071786052
5,1,1,2.030609130859375,1,2.2114410400390625,1,0.28072065114974976,0.130394846200943,-74.49687194824219,166.6321563720703,50.00734329223633,1,0.16850546002388,0.20385368168354034,-113.19476318359375,153.24192810058594,45.13368225097656,1,2.012209415435791,31.498233795166016,641.059814453125,0.49699658155441284,0.44021445512771606,0.432832807302475,1,-64.55218505859375,33.260440826416016,642.4791259765625,0.6362560987472534,0.43660640716552734,0.44310182332992554,60975596710,2071794386
5,1,1,2.0994415283203125,1,2.2249603271484375,1,0.2874675691127777,0.18384799361228943,-72.170166015625,156.8885955810547,46.460960388183594,1,0.15347008407115936,0.1921408474445343,-118.37979125976562,155.37693786621094,45.910831451416016,1,2.0326991081237793,31.51524543762207,641.0932006835938,0.49695372581481934,0.4401835799217224,0.4329076409339905,1,-64.52439880371094,33.270233154296875,642.4149169921875,0.6362133622169495,0.43657708168029785,0.44295865297317505,60975605043,2071802719
5,1,1,2.0120391845703125,1,2.2350006103515625,1,0.29169055819511414,0.12272050231695175,-70.7138442993164,168.03103637695312,50.51652145385742,1,0.15009599924087524,0.19010086357593536,-119.5433578491211,155.74879455566406,46.046165466308594,1,2.0460758209228516,31.517620086669922,641.173095703125,0.4969261884689331,0.4401894509792328,0.43308132886886597,1,-64.51021575927734,33.265907287597656,642.42919921875,0.6361803412437439,0.4365881383419037,0.442985862493515,60975613376,2071811052
5,1,1,2.0435638427734375,1,2.2540740966796875,1,0.2877592146396637,0.1618613600730896,-72.06958770751953,160.89634704589844,47.919734954833984,1,0.15012581646442413,0.21124367415905,-119.53307342529297,151.8948211669922,44.64345932006836,1,2.056499481201172,31.524524688720703,641.18408203125,0.4969044029712677,0.4401765465736389,0.43310627341270447,1,-64.49410247802734,33.27699279785156,642.4210205078125,0.6361486911773682,0.43656399846076965,0.44296637177467346,60975621709,2071819385
5,1,1,2.1578216552734375,1,2.2326812744140625,1,0.28954434394836426,0.2064080387353897,-71.45398712158203,152.7762908935547,44.964263916015625,1,0.150539368391037,0.22956031560897827,-119.39045715332031,148.55604553222656,43.428184509277344,1,2.0640268325805664,31.539182662963867,641.2288208007812,0.4968888759613037,0.440152108669281,0.43320536613464355,1,-64.49311828613281,33.29698944091797,642.4554443359375,0.636138379573822,0.43652722239494324,0.4430433213710785,60975630043,2071827719
5,1,1,1.9871368408203125,1,2.192169189453125,1,0.2914823293685913,0.11169057339429855,-70.78565216064453,170.04159545898438,51.24833297729492,1,0.1532820612192154,0.2119678109884262,-118.44462585449219,151.76283264160156,44.59540939331055,1,2.0672621726989746,31.53713607788086,641.2403564453125,0.4968821704387665,0.440157949924469,0.4332301914691925,1,-64.48600006103516,33.295066833496094,642.4915771484375,0.6361150145530701,0.4365363121032715,0.44311946630477905,60975638376,2071836052
5,1,1,2.1446533203125,1,2.2284088134765625,1,0.2886689603328705,0.219182088971138,-71.755859375,150.4477996826172,44.11677932739258,1,0.15311110019683838,0.21565857529640198,-118.50357818603516,151.09007263183594,44.35057830810547,1,2.0696818828582764,31.545654296875,641.2404174804688,0.49687710404396057,0.4401402175426483,0.43323153257369995,1,-64.48277282714844,33.316612243652344,642.5277099609375,0.6360995769500732,0.4364965558052063,0.44319987297058105,60975646710,2071844385
5,1,1,2.065643310546875,1,2.254486083984375,1,0.2988426685333252,0.18507806956768036,-68.24740600585938,156.6643524169922,46.37940216064453,1,0.1530093401670456,0.2312508374452591,-118.53866577148438,148.24790954589844,43.31599807739258,1,2.070370674133301,31.546249389648438,641.2520751953125,0.49687573313713074,0.4401405155658722,0.4332568645477295,1,-64.48466491699219,33.32033920288086,642.596923828125,0.6360871195793152,0.4364984929561615,0.44335034489631653,60975655044,2071852719
5,1,1,2.05059814453125,1,2.2174835205078125,1,0.2909580171108246,0.15950341522693634,-70.96647644042969,161.32615661621094,48.07613754272461,1,0.14881770312786102,0.20927073061466217,-119.98416137695312,152.2544708251953,44.774322509765625,1,2.068030834197998,31.548301696777344,641.2741088867188,0.49688082933425903,0.4401392340660095,0.433305025100708,1,-64.48478698730469,33.321449279785156,642.5740356445312,0.6360928416252136,0.4364929795265198,0.44330111145973206,60975663377,2071861052
5,1,1,2.0501861572265625,1,2.198944091796875,1,0.28845998644828796,0.14964009821414948,-71.82791900634766,163.12408447265625,48.73051071166992,1,0.15159957110881805,0.19179558753967285,-119.02483367919922,155.4398651123047,45.93376541137695,1,2.06679105758667,31.551584243774414,641.2745361328125,0.4968833923339844,0.4401324689388275,0.43330636620521545,1,-64.48539733886719,33.3379020690918,642.5621337890625,0.6360968351364136,0.4364571273326874,0.44327789545059204,60975671710,2071869385
5,1,1,2.01019287109375,1,2.2029571533203125,1,0.2905387878417969,0.1400183141231537,-71.11103820800781,164.87796020507812,49.3688850402832,1,0.14126214385032654,0.20965152978897095,-122.58973693847656,152.18507385253906,44.74905776977539,1,2.061966896057129,31.551048278808594,641.2974243164062,0.49689364433288574,0.4401366412639618,0.43335598707199097,1,-64.49021911621094,33.324275970458984,642.5836791992188,0.6361018419265747,0.43648847937583923,0.44332340359687805,60975680047,2071877722
5,1,1,2.00390625,1,2.2087249755859375,1,0.286996066570282,0.09776706993579865,-72.33277130126953,172.57958984375,52.172080993652344,1,0.14275585114955902,0.2200947105884552,-122.07463073730469,150.28146362304688,44.056175231933594,1,2.055962562561035,31.555461883544922,641.3201904296875,0.49690648913383484,0.4401305019855499,0.43340587615966797,1,-64.50553894042969,33.338890075683594,642.6510620117188,0.6361178159713745,0.4364674687385559,0.44347429275512695,60975688380,2071886055
5,1,1,2.07000732421875,1,2.22705078125,1,0.28110119700431824,0.142256960272789,-74.36563110351562,164.4698944091797,49.22035217285156,1,0.14791058003902435,0.23862174153327942,-120.29701232910156,146.90432739257812,42.82699203491211,1,2.0491981506347656,31.560400009155273,641.3317260742188,0.49692070484161377,0.44012176990509033,0.433431476354599,1,-64.51568603515625,33.35340118408203,642.6611328125,0.636136531829834,0.43643873929977417,0.44350042939186096,60975696713,2071894388
5,1,1,2.03125,1,2.204010009765625,1,0.288547545671463,0.06836162507534027,-71.7977294921875,177.93968200683594,54.122989654541016,1,0.13957256078720093,0.15513698756694794,-123.17240905761719,162.12208557128906,48.365814208984375,1,1.9968353509902954,31.61610984802246,641.4336547851562,0.49703121185302734,0.440019428730011,0.43366023898124695,1,-64.50653839111328,33.41482925415039,642.5916748046875,0.63613361120224,0.43630123138427734,0.4433573782444,60975705047,2071902722
5,1,1,2.1075439453125,1,2.200592041015625,1,0.29137882590293884,0.11208286136388779,-70.82134246826172,169.97007751464844,51.2222900390625,1,0.13308125734329224,0.1209944561123848,-125.41094970703125,168.3456573486328,50.63102340698242,1,1.9512709379196167,31.705869674682617,641.399169921875,0.4971264600753784,0.4398278295993805,0.43359774351119995,1,-64.50425720214844,33.47019958496094,642.6507568359375,0.6361146569252014,0.43619441986083984,0.443492591381073,60975713380,2071911055
5,1,1,2.0764007568359375,1,2.1913299560546875,1,0.29684948921203613,0.07970023155212402,-68.93476867675781,175.87286376953125,53.37071990966797,1,0.1428074836730957,0.10174555331468582,-122.05681610107422,171.8543701171875,51.90815353393555,1,1.9140419960021973,31.758865356445312,641.444580078125,0.49720481038093567,0.43972358107566833,0.4337034821510315,1,-64.51826477050781,33.53001403808594,642.8794555664062,0.6360895037651062,0.4361022412776947,0.443997859954834,60975721714,2071919388
5,1,1,2.07061767578125,1,2.183319091796875,1,0.30441316962242126,0.07506120949983597,-66.32640075683594,176.71847534179688,53.67848205566406,1,0.14085662364959717,0.12730896472930908,-122.7295913696289,167.1946258544922,50.21210479736328,1,1.9039006233215332,31.768386840820312,641.4671630859375,0.4972262382507324,0.43970680236816406,0.43375375866889954,1,-64.52466583251953,33.53590393066406,642.8560791015625,0.6361083388328552,0.43608662486076355,0.44394969940185547,60975730048,2071927722
5,1,1,2.0455322265625,1,2.1790618896484375,1,0.2938430607318878,0.06450355798006058,-69.97154235839844,178.6429443359375,54.37895202636719,1,0.13538774847984314,0.1199176013469696,-124.61556243896484,168.5419464111328,50.702510833740234,1,1.9127804040908813,31.75778579711914,641.4899291992188,0.4972078204154968,0.4397319555282593,0.43380168080329895,1,-64.53738403320312,33.49993133544922,642.8411254882812,0.6361385583877563,0.43615928292274475,0.44391492009162903,60975738381,2071936055
5,1,1,2.06488037109375,1,2.218475341796875,1,0.29495176672935486,0.08315670490264893,-69.58920288085938,175.2427978515625,53.14137649536133,1,0.15010413527488708,0.11402017623186111,-119.54054260253906,169.616943359375,51.093772888183594,1,1.9154081344604492,31.75275993347168,641.5127563476562,0.49720242619514465,0.43974554538726807,0.43385049700737,1,-64.55516815185547,33.487159729003906,642.872314453125,0.636168360710144,0.4361902177333832,0.44398418068885803,60975746714,2071944388
5,1,1,2.1091766357421875,1,2.1883697509765625,1,0.2960389256477356,0.10665661841630936,-69.21428680419922,170.95919799804688,51.582279205322266,1,0.14569030702114105,0.10376495867967606,-121.06268310546875,171.48629760742188,51.77415084838867,1,1.9134759902954102,31.755359649658203,641.524169921875,0.49720656871795654,0.43974167108535767,0.43387570977211,1,-64.57271575927734,33.479454040527344,642.9285278320312,0.6361916065216064,0.4362141191959381,0.44410812854766846,60975755048,2071952722
5,1,1,2.1017608642578125,1,2.1485595703125,1,0.2923673391342163,0.10627877712249756,-70.48046875,171.02806091308594,51.60737991333008,1,0.15145838260650635,0.109773188829422,-119.07353210449219,170.39111328125,51.3754768371582,1,1.9147765636444092,31.752721786499023,641.5239868164062,0.4972038269042969,0.439747154712677,0.4338749051094055,1,-64.56820678710938,33.46770477294922,642.8807373046875,0.636193573474884,0.4362318515777588,0.4440023601055145,60975763381,2071961055
5,1,1,2.0377044677734375,1,2.1831817626953125,1,0.2939542829990387,0.06008489802479744,-69.93318939208984,179.44837951660156,54.6721076965332,1,0.14409953355789185,0.1089123860001564,-121.61125183105469,170.54800415039062,51.43260955810547,1,1.9174754619598389,31.754596710205078,641.569580078125,0.4971984624862671,0.43974941968917847,0.43397414684295654,1,-64.57038116455078,33.46050262451172,642.870361328125,0.6362006068229675,0.436245322227478,0.44397929310798645,60975771715,2071969388
5,1,1,2.0834808349609375,1,2.193572998046875,1,0.2966974675655365,0.09487176686525345,-68.98719024658203,173.1073455810547,52.36416244506836,1,0.13504526019096375,0.11123571544885635,-124.7336654663086,170.12448120117188,51.27850341796875,1,1.9218159914016724,31.758136749267578,641.6265258789062,0.4971897304058075,0.43974971771240234,0.43409809470176697,1,-64.56661987304688,33.45772171020508,642.8707885742188,0.6361926794052124,0.436251163482666,0.44397902488708496,60975780049,2071977722
5,1,1,2.0694427490234375,1,2.15771484375,1,0.2940382957458496,0.08670439571142197,-69.90422058105469,174.5961151123047,52.90603256225586,1,0.14268028736114502,0.09794430434703827,-122.10067749023438,172.5472869873047,52.160282135009766,1,1.9249870777130127,31.758804321289062,641.6607055664062,0.49718332290649414,0.4397530257701874,0.4341723918914795,1,-64.5695571899414,33.45647430419922,642.905029296875,0.6361907124519348,0.43625861406326294,0.4440533220767975,60975788382,2071986055
5,1,1,2.1162567138671875,1,2.178619384765625,1,0.28576523065567017,0.11795705556869507,-72.75721740722656,168.89930725097656,50.832584381103516,1,0.14398019015789032,0.11106464266777039,-121.65242004394531,170.1556854248047,51.28981399536133,1,1.9282282590866089,31.764055252075195,641.7176513671875,0.497176855802536,0.4397497773170471,0.43429672718048096,1,-64.57589721679688,33.45922088623047,642.9387817382812,0.636195957660675,0.43625760078430176,0.44412800669670105,60975796715,2071994388
5,1,1,2.0943450927734375,1,2.1582794189453125,1,0.2957969605922699,0.11194312572479248,-69.29773712158203,169.9955596923828,51.23155975341797,1,0.1520359069108963,0.10231665521860123,-118.8743667602539,171.75027465820312,51.87022018432617,1,1.9257410764694214,31.779476165771484,641.78564453125,0.4971825182437897,0.43972691893577576,0.43444639444351196,1,-64.5723876953125,33.46393585205078,642.9166259765625,0.6361938714981079,0.4362446963787079,0.444080114364624,60975805051,2072002724
5,1,1,2.0366363525390625,1,2.194244384765625,1,0.2899489402770996,0.05943731218576431,-71.314453125,179.56643676757812,54.71504211425781,1,0.15101388096809387,0.13731040060520172,-119.22681427001953,165.37156677246094,49.54854202270508,1,1.927612543106079,31.77764129638672,641.7741088867188,0.4971785545349121,0.4397291839122772,0.43442103266716003,1,-64.58020782470703,33.46746826171875,642.9505004882812,0.6362021565437317,0.43624207377433777,0.44415536522865295,60975813384,2072011057
5,1,1,2.0307769775390625,1,2.15625,1,0.29232853651046753,0.07083554565906525,-70.49384307861328,177.48873901367188,53.958831787109375,1,0.13715752959251404,0.13484221696853638,-124.00524139404297,165.8214874267578,49.71226119995117,1,1.9263763427734375,31.793725967407227,641.8880615234375,0.4971819221973419,0.43971115350723267,0.434670627117157,1,-64.57884979248047,33.47362518310547,642.892333984375,0.6362130045890808,0.4362211227416992,0.4440304934978485,60975821718,2072019390
5,1,1,2.035064697265625,1,2.161651611328125,1,0.292803019285202,0.06586377322673798,-70.33020782470703,178.3949737548828,54.288719177246094,1,0.14334948360919952,0.12666615843772888,-121.86992645263672,167.3118133544922,50.2547607421875,1,1.9212640523910522,31.795021057128906,641.864990234375,0.4971924126148224,0.43970534205436707,0.43462058901786804,1,-64.58686828613281,33.47679138183594,642.9369506835938,0.6362191438674927,0.43622079491615295,0.44412896037101746,60975830052,2072027724
5,1,1,2.0159912109375,1,2.1642303466796875,1,0.29014304280281067,0.06572937965393066,-71.24752044677734,178.41949462890625,54.29762649536133,1,0.14300602674484253,0.11061340570449829,-121.98835754394531,170.23794555664062,51.31977081298828,1,1.9174264669418335,31.798004150390625,641.8656005859375,0.49720051884651184,0.4396992027759552,0.43462231755256653,1,-64.59476470947266,33.48122787475586,642.947265625,0.6362331509590149,0.4362129867076874,0.44415348768234253,60975838385,2072036057
5,1,1,2.0457305908203125,1,2.1874847412109375,1,0.2938796281814575,0.06745541095733643,-69.95894622802734,178.1048583984375,54.18312454223633,1,0.14035040140151978,0.1305440366268158,-122.90416717529297,166.60494995117188,49.997459411621094,1,1.9059062004089355,31.8022403717041,641.842529296875,0.4972245395183563,0.43968719244003296,0.43457284569740295,1,-64.59911346435547,33.49026870727539,642.9111328125,0.6362507343292236,0.4361891448497772,0.44407787919044495,60975846718,2072044390
5,1,1,2.0358123779296875,1,2.175201416015625,1,0.29402613639831543,0.06003902107477188,-69.90841674804688,179.45672607421875,54.6751708984375,1,0.14845900237560272,0.1437349021434784,-120.10787963867188,164.20045471191406,49.12234878540039,1,1.8991329669952393,31.80320930480957,641.8311767578125,0.4972386360168457,0.4396836757659912,0.4345482885837555,1,-64.6098861694336,33.50148391723633,642.9345703125,0.6362676024436951,0.4361690878868103,0.44413238763809204,60975855052,2072052724
5,1,1,2.02801513671875,1,2.1597442626953125,1,0.29394224286079407,0.05428563430905342,-69.9373550415039,180.50547790527344,55.05684280395508,1,0.1426161527633667,0.1323905885219574,-122.12281036376953,166.268310546875,49.87502670288086,1,1.8937435150146484,31.803634643554688,641.8424072265625,0.497249960899353,0.43968427181243896,0.434572696685791,1,-64.62283325195312,33.51387023925781,642.977783203125,0.6362842917442322,0.4361494183540344,0.44423019886016846,60975863385,2072061057
5,1,1,2.0272369384765625,1,2.136444091796875,1,0.30095991492271423,0.04319123551249504,-67.51727294921875,182.52780151367188,55.792903900146484,1,0.13220401108264923,0.1258162558078766,-125.7134780883789,167.46673583984375,50.31109619140625,1,1.884962558746338,31.808319091796875,641.8763427734375,0.4972686469554901,0.4396791458129883,0.43464699387550354,1,-64.63074493408203,33.525146484375,642.9630126953125,0.6363041996955872,0.4361238479614258,0.44420164823532104,60975871718,2072069390
5,1,1,2.0069427490234375,1,2.1310577392578125,1,0.2950211465358734,0.05762549862265587,-69.5652847290039,179.8966827392578,54.83531188964844,1,0.13710917532444,0.14110130071640015,-124.02191162109375,164.68052673339844,49.297061920166016,1,1.8761765956878662,31.810068130493164,641.9102783203125,0.4972872734069824,0.4396800696849823,0.4347207844257355,1,-64.64181518554688,33.53266143798828,643.0191650390625,0.6363140344619751,0.436116099357605,0.44432637095451355,60975880052,2072077724
5,1,1,2.0591583251953125,1,2.156402587890625,1,0.2915487587451935,0.06940584629774094,-70.76275634765625,177.7493438720703,54.05370330810547,1,0.1307441145181656,0.13197803497314453,-126.21692657470703,166.3435821533203,49.90229797363281,1,1.8661407232284546,31.814800262451172,641.94482421875,0.49730852246284485,0.43967488408088684,0.4347962737083435,1,-64.65342712402344,33.547203063964844,643.0621337890625,0.6363279223442078,0.43609195947647095,0.44442376494407654,60975888385,2072086057
5,1,1,2.024871826171875,1,2.1359100341796875,1,0.2927817404270172,0.056926365941762924,-70.33753967285156,180.02413940429688,54.88161849975586,1,0.138999342918396,0.12608768045902252,-123.37008666992188,167.41725158691406,50.293121337890625,1,1.859208583831787,31.819072723388672,642.0128784179688,0.49732354283332825,0.4396752119064331,0.4349444806575775,1,-64.66889953613281,33.552249908447266,643.1298217773438,0.6363441348075867,0.43609097599983215,0.44457384943962097,60975896719,2072094390
5,1,1,1.9973297119140625,1,2.1858062744140625,1,0.29433587193489075,0.03923841193318367,-69.80159759521484,183.24832153320312,56.055152893066406,1,0.1385735720396042,0.15698817372322083,-123.51690673828125,161.7846221923828,48.243072509765625,1,1.8505489826202393,31.82884979248047,642.115478515625,0.4973423480987549,0.439668744802475,0.4351683259010315,1,-64.68257904052734,33.56187057495117,643.161865234375,0.6363650560379028,0.43607544898986816,0.44464734196662903,60975905053,2072102724
5,1,1,2.0144805908203125,1,2.1419830322265625,1,0.2910654842853546,0.03279196843504906,-70.92940521240234,184.42340087890625,56.482826232910156,1,0.1404431015253067,0.12657208740711212,-122.87217712402344,167.32894897460938,50.261009216308594,1,1.8350859880447388,31.843666076660156,642.2979125976562,0.4973759353160858,0.4396626055240631,0.43556612730026245,1,-64.69960021972656,33.57044982910156,643.2405395507812,0.6363818049430847,0.43606868386268616,0.4448221027851105,60975913386,2072111057
5,1,1,2.0147705078125,1,2.1468505859375,1,0.2977864742279053,0.04576626047492027,-68.61164093017578,182.0584259033203,55.62202835083008,1,0.14587397873401642,0.10804037004709244,-120.99933624267578,170.70697021484375,51.490455627441406,1,1.8232330083847046,31.863149642944336,642.48046875,0.4974018335342407,0.43964681029319763,0.43596482276916504,1,-64.71587371826172,33.58363723754883,643.272216796875,0.6364081501960754,0.43604570627212524,0.44489586353302,60975921719,2072119390
5,1,1,2.041107177734375,1,2.109375,1,0.3002120852470398,0.04335664585232735,-67.7751693725586,182.49765014648438,55.78193664550781,1,0.13250966370105743,0.11801508069038391,-125.60808563232422,168.8887481689453,50.828712463378906,1,1.8106554746627808,31.88296890258789,642.59423828125,0.49742892384529114,0.4396209716796875,0.436214417219162,1,-64.72459411621094,33.59601593017578,643.24609375,0.6364324688911438,0.4360162615776062,0.44484320282936096,60975930053,2072127724
5,1,1,1.9987945556640625,1,2.1596221923828125,1,0.29003506898880005,0.04401762783527374,-71.28475189208984,182.37716674804688,55.738067626953125,1,0.1430172473192215,0.14352266490459442,-121.9844741821289,164.2391815185547,49.136383056640625,1,1.7968953847885132,31.902555465698242,642.685302734375,0.49745824933052063,0.4395926296710968,0.436414510011673,1,-64.74908447265625,33.610626220703125,643.3471069335938,0.6364595293998718,0.43600010871887207,0.4450686275959015,60975938387,2072136058
5,1,1,2.0177459716796875,1,2.1297607421875,1,0.2975894510746002,0.04560049623250961,-68.67959594726562,182.08863830566406,55.633056640625,1,0.15117165446281433,0.12318578362464905,-119.17240905761719,167.94622802734375,50.48564529418945,1,1.7807650566101074,31.930309295654297,642.7991943359375,0.4974927008152008,0.43955034017562866,0.436665415763855,1,-64.77024841308594,33.63041687011719,643.3778076171875,0.6364962458610535,0.43596330285072327,0.4451422691345215,60975946721,2072144391
5,1,1,2.03924560546875,1,2.1363067626953125,1,0.29150626063346863,0.06513725966215134,-70.77741241455078,178.52743530273438,54.3369026184082,1,0.14251285791397095,0.12590265274047852,-122.1584243774414,167.4509735107422,50.305423736572266,1,1.7688932418823242,31.964458465576172,642.787353515625,0.4975173771381378,0.439477801322937,0.436644583940506,1,-64.80667877197266,33.65874099731445,643.545654296875,0.636532187461853,0.4359280467033386,0.44551655650138855,60975955055,2072152725
5,1,1,1.974090576171875,1,2.1212615966796875,1,0.2948087453842163,0.048260647803545,-69.6385269165039,181.60372924804688,55.45658874511719,1,0.15181173384189606,0.09482972323894501,-118.95166778564453,173.11500549316406,52.36697769165039,1,1.7538899183273315,31.98675537109375,642.810302734375,0.4975488781929016,0.43943455815315247,0.436697393655777,1,-64.8301773071289,33.674381256103516,643.6224365234375,0.6365628838539124,0.43590638041496277,0.4456895887851715,60975963388,2072161058
5,1,1,2.0070953369140625,1,2.11199951171875,1,0.2887466549873352,0.09826310724020004,-71.72907257080078,172.48916625976562,52.139156341552734,1,0.14492978155612946,0.12841244041919708,-121.32493591308594,166.99349975585938,50.138858795166016,1,1.7379182577133179,32.028648376464844,642.8552856445312,0.4975825250148773,0.4393535852432251,0.43680086731910706,1,-64.85908508300781,33.68680191040039,643.6630859375,0.6366133689880371,0.4358862340450287,0.44578540325164795,60975971721,2072169391
5,1,1,1.9813690185546875,1,2.13623046875,1,0.2966669499874115,0.022761903703212738,-68.99771881103516,186.25167846679688,57.14834976196289,1,0.1603870540857315,0.11746535450220108,-115.99444580078125,168.9889678955078,50.865108489990234,1,1.712918996810913,32.073001861572266,642.8543701171875,0.49763476848602295,0.4392613172531128,0.43680500984191895,1,-64.91956329345703,33.73888397216797,643.9661254882812,0.6366672515869141,0.43582072854042053,0.446460098028183,60975980055,2072177725
5,1,1,1.5439605712890625,1,2.0870513916015625,1,0.14869746565818787,0.19975900650024414,-120.025634765625,153.98828125,45.40537643432617,1,0.15148982405662537,0.15195372700691223,-119.06268310546875,162.7023468017578,48.5770263671875,1,1.6270616054534912,32.167083740234375,643.3453369140625,0.49781718850135803,0.43913254141807556,0.4378829300403595,1,-64.93478393554688,33.8055305480957,643.9060668945312,0.6367127895355225,0.43567392230033875,0.4463436007499695,60975988388,2072186058
5,1,0,nan,0,nan,0,nan,nan,nan,nan,nan,0,nan,nan,nan,nan,nan,0,nan,nan,nan,nan,nan,nan,0,nan,nan,nan,nan,nan,nan,60975996722,2072194391
5,1,0,nan,0,nan,0,nan,nan,nan,nan,nan,0,nan,nan,nan,nan,nan,0,nan,nan,nan,nan,nan,nan,0,nan,nan,nan,nan,nan,nan,60976005055,2072202725
5,1,0,nan,0,nan,0,nan,nan,nan,nan,nan,0,nan,nan,nan,nan,nan,0,nan,nan,nan,nan,nan,nan,0,nan,nan,nan,nan,nan,nan,60976013388,2072211058
5,1,0,nan,0,nan,0,nan,nan,nan,nan,nan,0,nan,nan,nan,nan,nan,0,nan,nan,nan,nan,nan,nan,0,nan,nan,nan,nan,nan,nan,60976021722,2072219391
5,1,0,nan,0,nan,0,nan,nan,nan,nan,nan,0,nan,nan,nan,nan,nan,0,nan,nan,nan,nan,nan,nan,0,nan,nan,nan,nan,nan,nan,60976030056,2072227725
5,1,0,nan,0,nan,0,nan,nan,nan,nan,nan,0,nan,nan,nan,nan,nan,0,nan,nan,nan,nan,nan,nan,0,nan,nan,nan,nan,nan,nan,60976038388,2072236057
5,1,0,nan,0,nan,0,nan,nan,nan,nan,nan,0,nan,nan,nan,nan,nan,0,nan,nan,nan,nan,nan,nan,0,nan,nan,nan,nan,nan,nan,60976046722,2072244391
5,1,0,nan,0,nan,0,nan,nan,nan,nan,nan,0,nan,nan,nan,nan,nan,0,nan,nan,nan,nan,nan,nan,0,nan,nan,nan,nan,nan,nan,60976055056,2072252725
5,1,0,nan,0,nan,0,nan,nan,nan,nan,nan,0,nan,nan,nan,nan,nan,0,nan,nan,nan,nan,nan,nan,0,nan,nan,nan,nan,nan,nan,60976063388,2072261057
5,1,0,nan,0,nan,0,nan,nan,nan,nan,nan,0,nan,nan,nan,nan,nan,0,nan,nan,nan,nan,nan,nan,0,nan,nan,nan,nan,nan,nan,60976071729,2072269397
5,1,0,nan,0,nan,0,nan,nan,nan,nan,nan,0,nan,nan,nan,nan,nan,0,nan,nan,nan,nan,nan,nan,0,nan,nan,nan,nan,nan,nan,60976080063,2072277731
5,1,0,nan,0,nan,0,nan,nan,nan,nan,nan,0,nan,nan,nan,nan,nan,0,nan,nan,nan,nan,nan,nan,0,nan,nan,nan,nan,nan,nan,60976088396,2072286064
5,1,0,nan,0,nan,0,nan,nan,nan,nan,nan,0,nan,nan,nan,nan,nan,0,nan,nan,nan,nan,nan,nan,0,nan,nan,nan,nan,nan,nan,60976096729,2072294397
5,1,0,nan,0,nan,0,nan,nan,nan,nan,nan,0,nan,nan,nan,nan,nan,0,nan,nan,nan,nan,nan,nan,0,nan,nan,nan,nan,nan,nan,60976105062,2072302730
5,1,0,nan,0,nan,0,nan,nan,nan,nan,nan,0,nan,nan,nan,nan,nan,0,nan,nan,nan,nan,nan,nan,0,nan,nan,nan,nan,nan,nan,60976113397,2072311064
5,1,0,nan,0,nan,0,nan,nan,nan,nan,nan,0,nan,nan,nan,nan,nan,0,nan,nan,nan,nan,nan,nan,0,nan,nan,nan,nan,nan,nan,60976121730,2072319397
5,1,0,nan,0,nan,0,nan,nan,nan,nan,nan,0,nan,nan,nan,nan,nan,0,nan,nan,nan,nan,nan,nan,0,nan,nan,nan,nan,nan,nan,60976130063,2072327730
5,1,1,1.6712799072265625,0,nan,1,0.25196900963783264,0.25256818532943726,-84.41199493408203,144.3621063232422,41.90180587768555,0,nan,nan,nan,nan,nan,1,1.4390339851379395,32.7707405090332,643.4334716796875,0.4982096552848816,0.4378913938999176,0.438159704208374,0,nan,nan,nan,nan,nan,nan,60976138396,2072336063
5,1,1,1.967803955078125,0,nan,1,0.32965177297592163,-8.274373249150813e-05,-57.62276840209961,190.41586303710938,58.6639404296875,0,nan,nan,nan,nan,nan,1,1.4297335147857666,32.8026123046875,643.4102783203125,0.4982289671897888,0.43782204389572144,0.4381139278411865,0,nan,nan,nan,nan,nan,nan,60976146730,2072344397
5,1,1,1.9175567626953125,0,nan,1,0.34054017066955566,0.04667152091860771,-53.86784744262695,181.89341735839844,55.561973571777344,0,nan,nan,nan,nan,nan,1,1.4185326099395752,32.833213806152344,643.4104614257812,0.49825233221054077,0.43775853514671326,0.43811869621276855,0,nan,nan,nan,nan,nan,nan,60976155063,2072352730
5,1,1,1.9183502197265625,1,2.188018798828125,1,0.346824049949646,0.049119122326374054,-51.7008171081543,181.44725036621094,55.399600982666016,1,0.20473653078079224,0.38700589537620544,-100.7003173828125,119.85652923583984,32.98240661621094,1,1.4101630449295044,32.909996032714844,643.3875122070312,0.49826955795288086,0.43759602308273315,0.4380801022052765,1,-65.33430480957031,34.207420349121094,644.2438354492188,0.6374619603157043,0.4348871111869812,0.447218120098114,60976163397,2072361064
5,1,1,1.9168243408203125,1,2.1150360107421875,1,0.34295976161956787,0.06337274610996246,-53.033447265625,178.8490753173828,54.453948974609375,1,0.17387796938419342,0.33841004967689514,-111.34202575683594,128.7146759033203,36.206539154052734,1,1.3968735933303833,32.94363784790039,643.30712890625,0.49829691648483276,0.4375150203704834,0.4379105269908905,1,-65.3214111328125,34.2220458984375,644.0006713867188,0.6374929547309875,0.434822142124176,0.44669270515441895,60976171730,2072369397
5,1,1,1.9343414306640625,1,2.4580078125,1,0.3378482162952423,0.16759538650512695,-54.796180725097656,159.8511505126953,47.539276123046875,1,0.2660997211933136,0.28948816657066345,-79.53894805908203,137.6322784423828,39.45224380493164,1,1.382356882095337,32.96039581298828,643.2718505859375,0.4983270466327667,0.4374753534793854,0.43783634901046753,1,-65.33432006835938,34.23772430419922,643.93896484375,0.6375344395637512,0.4347808063030243,0.446564644575119,60976180056,2072377723
5,1,1,1.8929595947265625,1,2.2074737548828125,1,0.35038983821868896,0.08764256536960602,-50.47114944458008,174.4250946044922,52.84381866455078,1,0.17447294294834137,0.28216540813446045,-111.13685607910156,138.96705627441406,39.9381217956543,1,1.3715964555740356,32.98365783691406,643.3063354492188,0.49834972620010376,0.43743178248405457,0.43791452050209045,1,-65.34844207763672,34.282920837402344,643.9476928710938,0.637561559677124,0.43468818068504333,0.446593314409256,60976188389,2072386055
5,1,1,1.914947509765625,1,2.144195556640625,1,0.3473416566848755,0.09629050642251968,-51.522335052490234,172.84873962402344,52.270023345947266,1,0.1838032305240631,0.3133174479007721,-107.91927337646484,133.2886199951172,37.8713493347168,1,1.3637006282806396,32.99456787109375,643.3858642578125,0.4983665943145752,0.43742018938064575,0.438088595867157,1,-65.35421752929688,34.30933380126953,643.9815063476562,0.6375653743743896,0.43463820219039917,0.4466714560985565,60976196723,2072394389
5,1,1,1.897705078125,1,2.118255615234375,1,0.3464352786540985,0.07840235531330109,-51.83489227294922,176.10943603515625,53.45682907104492,1,0.16597342491149902,0.2853124737739563,-114.06795501708984,138.39344787597656,39.72929000854492,1,1.365761637687683,33.02959442138672,643.37548828125,0.49836212396621704,0.4373460114002228,0.43807122111320496,1,-65.34130096435547,34.350677490234375,643.984375,0.6375376582145691,0.4345528483390808,0.44668102264404297,60976205059,2072402725
5,1,1,1.8675537109375,1,2.0788421630859375,1,0.33927595615386963,0.12508097290992737,-54.3038215637207,167.6007537841797,50.35992431640625,1,0.15891405940055847,0.31301677227020264,-116.5024185180664,133.34341430664062,37.89128112792969,1,1.3652307987213135,33.07733917236328,643.431884765625,0.4983634054660797,0.43725475668907166,0.438200443983078,1,-65.35519409179688,34.378604888916016,644.028564453125,0.6375559568405151,0.43450117111206055,0.44678357243537903,60976213392,2072411058
5,1,1,1.8685302734375,1,2.1162567138671875,1,0.35242003202438354,0.12464023381471634,-49.77103042602539,167.68109130859375,50.38916015625,1,0.1653212457895279,0.26304399967193604,-114.29286193847656,142.45254516601562,41.206783294677734,1,1.3609681129455566,33.11402130126953,643.397216796875,0.4983721077442169,0.4371738135814667,0.43813052773475647,1,-65.35128784179688,34.39275360107422,644.0289916992188,0.6375476717948914,0.43447187542915344,0.44678568840026855,60976221726,2072419392
5,1,1,2.00732421875,1,2.18682861328125,1,0.343221515417099,0.24068371951580048,-52.94316864013672,146.52842712402344,42.69023895263672,1,0.20848701894283295,0.3419516086578369,-99.40695190429688,128.06915283203125,35.97151565551758,1,1.3524885177612305,33.18046188354492,643.3385009765625,0.49838945269584656,0.4370277225971222,0.43801283836364746,1,-65.37316131591797,34.4570426940918,644.0477294921875,0.637588381767273,0.43434110283851624,0.4468404948711395,60976230059,2072427725
5,1,1,1.9932403564453125,1,2.1748199462890625,1,0.3358183205127716,0.2522927522659302,-55.4962043762207,144.41232299804688,41.92002868652344,1,0.1910826712846756,0.33657944202423096,-105.40892028808594,129.04837036132812,36.32799530029297,1,1.344379186630249,33.18855667114258,643.3504638671875,0.49840646982192993,0.43701261281967163,0.4380398988723755,1,-65.37709045410156,34.47993469238281,643.975830078125,0.6376135945320129,0.4342832863330841,0.44668951630592346,60976238393,2072436058
5,1,1,1.8378753662109375,1,2.1190338134765625,1,0.3381301164627075,0.11321117728948593,-54.69896697998047,169.7644500732422,51.1473503112793,1,0.1761714220046997,0.28839361667633057,-110.55113220214844,137.83181762695312,39.52483367919922,1,1.3383961915969849,33.20097732543945,643.3734130859375,0.49841901659965515,0.43698999285697937,0.43809136748313904,1,-65.36563110351562,34.50709915161133,643.8848876953125,0.6376113891601562,0.43421387672424316,0.44649484753608704,60976246727,2072444392
5,1,1,1.9044342041015625,1,2.1358184814453125,1,0.33235636353492737,0.14224308729171753,-56.690067291259766,164.47239685058594,49.2213249206543,1,0.18104615807533264,0.3147572875022888,-108.87005615234375,133.0261688232422,37.775787353515625,1,1.3261895179748535,33.21538162231445,643.3959350585938,0.49844464659690857,0.4369632601737976,0.438142329454422,1,-65.37664794921875,34.54717254638672,643.9650268554688,0.6376149654388428,0.43414220213890076,0.446676105260849,60976255061,2072452725
5,1,1,1.8852081298828125,1,2.1317596435546875,1,0.3395625352859497,0.13324955105781555,-54.20499801635742,166.1117706298828,49.8179817199707,1,0.17652985453605652,0.32425829768180847,-110.42752075195312,131.29428100585938,37.145450592041016,1,1.3152862787246704,33.21737289428711,643.441650390625,0.4984676241874695,0.4369654059410095,0.43824172019958496,1,-65.39790344238281,34.563392639160156,644.0307006835938,0.6376434564590454,0.4341179132461548,0.44682496786117554,60976263394,2072461058
5,1,1,1.9500732421875,1,2.155517578125,1,0.3647168278694153,0.22085505723953247,-45.530418395996094,150.1428680419922,44.00575256347656,1,0.19940800964832306,0.349612832069397,-102.53788757324219,126.672607421875,35.46332550048828,1,1.345752239227295,33.217506408691406,643.44140625,0.49840396642684937,0.4369651675224304,0.43824130296707153,1,-65.35992431640625,34.56501388549805,643.955322265625,0.6375824213027954,0.4341038167476654,0.44665420055389404,60976271736,2072469400
5,1,1,2.05615234375,1,2.109161376953125,1,0.37595683336257935,0.31251510977745056,-41.654258728027344,133.4348602294922,37.92454528808594,1,0.20746013522148132,0.3525294363498688,-99.76107025146484,126.1409683227539,35.26975631713867,1,1.351045846939087,33.19944763183594,643.3157958984375,0.4983923137187958,0.43698516488075256,0.4379662573337555,1,-65.32113647460938,34.541465759277344,643.8587646484375,0.6375249028205872,0.4341389238834381,0.446433961391449,60976280069,2072477733
5,1,1,1.973297119140625,1,2.0392913818359375,1,0.3641336262226105,0.26231178641319275,-45.731536865234375,142.58602905273438,41.25532150268555,1,0.18748031556606293,0.2997818887233734,-106.65120697021484,135.75592041015625,38.76930236816406,1,1.342015027999878,33.208404541015625,643.3499145507812,0.4984113574028015,0.4369713068008423,0.438041627407074,1,-65.34588623046875,34.56534957885742,644.0181274414062,0.6375383138656616,0.43411219120025635,0.44678691029548645,60976288403,2072486067
5,1,1,2.000396728515625,1,2.12689208984375,1,0.3659822642803192,0.24031765758991241,-45.09403610229492,146.5951690673828,42.714515686035156,1,0.21389837563037872,0.37402933835983276,-97.54083251953125,122.2219467163086,33.84330749511719,1,1.3315860033035278,33.22137451171875,643.33935546875,0.49843302369117737,0.4369428753852844,0.4380205273628235,1,-65.3473129272461,34.561912536621094,643.7252197265625,0.6376110911369324,0.4340772032737732,0.4461546540260315,60976296728,2072494392
5,1,1,2.001220703125,1,2.193603515625,1,0.37606850266456604,0.2513228952884674,-41.61573791503906,144.589111328125,41.98435592651367,1,0.21515531837940216,0.4022069573402405,-97.10736846923828,117.08565521240234,31.973915100097656,1,1.3222377300262451,33.255638122558594,643.349853515625,0.4984526038169861,0.4368732273578644,0.43804824352264404,1,-65.37051391601562,34.578025817871094,643.7553100585938,0.6376521587371826,0.43404799699783325,0.44622695446014404,60976305069,2072502733
5,1,1,1.8264617919921875,1,2.1618194580078125,1,0.37026840448379517,0.14125533401966095,-43.61593246459961,164.6524658203125,49.28681945800781,1,0.2171461284160614,0.3557995855808258,-96.42083740234375,125.54488372802734,35.05283737182617,1,1.3192164897918701,33.32143783569336,643.4066162109375,0.4984590709209442,0.4367446005344391,0.43818095326423645,1,-65.3864974975586,34.606468200683594,643.8569946289062,0.6376609802246094,0.4340035617351532,0.44645413756370544,60976313394,2072511058
5,1,1,1.9789886474609375,1,2.141448974609375,1,0.3740987777709961,0.2755783200263977,-42.295013427734375,140.1677703857422,40.3751335144043,1,0.2221609354019165,0.3617994487285614,-94.69145202636719,124.45120239257812,34.65480041503906,1,1.3246556520462036,33.36116027832031,643.3712158203125,0.498447448015213,0.43665724992752075,0.43810996413230896,1,-65.37664794921875,34.61402130126953,643.7188720703125,0.6376734972000122,0.43396803736686707,0.44615504145622253,60976321729,2072519392
5,1,1,2.0968475341796875,1,2.19293212890625,1,0.36189258098602295,0.3474314212799072,-46.50437545776367,127.07026672363281,35.60799026489258,1,0.2352203130722046,0.4236142337322235,-90.1878662109375,113.18350982666016,30.553586959838867,1,1.3301851749420166,33.3931770324707,643.3138427734375,0.49843549728393555,0.4365827143192291,0.4379902780056,1,-65.38218688964844,34.66313934326172,643.7522583007812,0.6376767754554749,0.4338708519935608,0.4462355971336365,60976330062,2072527725
5,1,1,2.0212554931640625,1,2.10540771484375,1,0.3676730692386627,0.2753966152667999,-44.51094436645508,140.20091247558594,40.38714599609375,1,0.21412120759487152,0.337294340133667,-97.4639892578125,128.91806030273438,36.28057098388672,1,1.3350114822387695,33.41139221191406,643.314453125,0.4984254240989685,0.4365450441837311,0.43799424171447754,1,-65.35400390625,34.69029235839844,643.571533203125,0.6376612782478333,0.4337885081768036,0.4458436369895935,60976338397,2072536060
5,1,1,2.1096649169921875,1,2.0686492919921875,1,0.3800182044506073,0.32573509216308594,-40.25366973876953,131.02508544921875,37.04751205444336,1,0.2156098335981369,0.2959093749523163,-96.95062255859375,136.46177673339844,39.026275634765625,1,1.3499600887298584,33.42676544189453,643.2913818359375,0.4983940124511719,0.43650996685028076,0.437946617603302,1,-65.33140563964844,34.717491149902344,643.4822387695312,0.637635350227356,0.43371912837028503,0.44565004110336304,60976346739,2072544402
5,1,1,2.109161376953125,1,2.1631011962890625,1,0.37253546714782715,0.2969735860824585,-42.83412551879883,136.26783752441406,38.95560836791992,1,0.2290206402540207,0.3759336769580841,-92.32584381103516,121.87478637695312,33.717063903808594,1,1.375769853591919,33.48503112792969,643.2802124023438,0.4983398914337158,0.43638747930526733,0.43793097138404846,1,-65.32278442382812,34.7913818359375,643.6122436523438,0.6375859975814819,0.4335845112800598,0.445939838886261,60976355072,2072552735
5,1,1,2.1284332275390625,1,2.220062255859375,1,0.37496477365493774,0.34098318219184875,-41.996376037597656,128.24566650390625,36.03580093383789,1,0.2378045916557312,0.40946781635284424,-89.29666137695312,115.76212310791016,31.492172241210938,1,1.4082019329071045,33.558929443359375,643.2107543945312,0.49827152490615845,0.43622440099716187,0.4377913773059845,1,-65.29071044921875,34.83405303955078,643.5245361328125,0.6375401020050049,0.4334833323955536,0.445749968290329,60976363406,2072561069
5,1,1,2.0940704345703125,1,2.2137908935546875,1,0.35106971859931946,0.31896013021469116,-50.23668670654297,132.26007080078125,37.49692916870117,1,0.22525519132614136,0.41534218192100525,-93.62437438964844,114.69135284423828,31.10243797302246,1,1.441739559173584,33.59739303588867,643.2330322265625,0.4982014000415802,0.4361477494239807,0.43784549832344055,1,-65.24917602539062,34.85993957519531,643.33447265625,0.6374988555908203,0.43340209126472473,0.44533491134643555,60976371740,2072569402
5,1,1,2.1583251953125,1,2.245880126953125,1,0.36680471897125244,0.3440552055835724,-44.81040573120117,127.68568420410156,35.83198547363281,1,0.24061855673789978,0.41393178701400757,-88.32624816894531,114.94844055175781,31.19597053527832,1,1.4853618144989014,33.6245002746582,643.278076171875,0.49811026453971863,0.4360979199409485,0.43794742226600647,1,-65.22445678710938,34.930694580078125,643.4912109375,0.6374096274375916,0.4332779049873352,0.44567832350730896,60976380065,2072577727
5,1,1,2.0644073486328125,1,2.239990234375,1,0.3737848997116089,0.25656363368034363,-42.403263092041016,143.63381958007812,41.63669204711914,1,0.22331348061561584,0.4170314073562622,-94.29398345947266,114.3834228515625,30.990346908569336,1,1.523134708404541,33.63725280761719,643.2670288085938,0.4980311989784241,0.43606996536254883,0.4379255175590515,1,-65.1666259765625,34.97578811645508,643.2816772460938,0.6373389959335327,0.4331539273262024,0.44522055983543396,60976388398,2072586060
5,1,1,2.08648681640625,1,2.1627197265625,1,0.37624984979629517,0.2946398854255676,-41.55321502685547,136.69320678710938,39.11049270629883,1,0.2298404574394226,0.36109551787376404,-92.04312133789062,124.57952117919922,34.70149230957031,1,1.5590858459472656,33.70583724975586,643.2203369140625,0.4979555904865265,0.4359211027622223,0.4378345012664795,1,-65.15422058105469,35.02676010131836,643.3530883789062,0.6372959017753601,0.4330584704875946,0.4453796446323395,60976396732,2072594394
5,1,1,2.1356201171875,1,2.2318267822265625,1,0.37867042422294617,0.3425823748111725,-40.71847152709961,127.95415496826172,35.929718017578125,1,0.25175216794013977,0.38115185499191284,-84.48677825927734,120.92361450195312,33.37084197998047,1,1.5996590852737427,33.75567626953125,643.1402587890625,0.49787017703056335,0.4358064532279968,0.43766850233078003,1,-65.09915924072266,35.04676818847656,643.1188354492188,0.6372368931770325,0.4329828917980194,0.44486522674560547,60976405065,2072602727
5,1,1,2.1004486083984375,1,2.2327728271484375,1,0.37394270300865173,0.31632065773010254,-42.34883499145508,132.74118041992188,37.67211151123047,1,0.24079522490501404,0.3973000645637512,-88.26531982421875,117.9800796508789,32.29948425292969,1,1.6457242965698242,33.78590774536133,643.1396484375,0.49777376651763916,0.43574365973472595,0.43767184019088745,1,-65.03863525390625,35.06535720825195,642.8732299804688,0.6371692419052124,0.4329086244106293,0.4443250596523285,60976413398,2072611060
5,1,1,2.1094970703125,1,2.212677001953125,1,0.37853309512138367,0.3195653259754181,-40.76583480834961,132.14974975585938,37.45677947998047,1,0.2271062284708023,0.3728441894054413,-92.98603057861328,122.43795776367188,33.9219970703125,1,1.6915225982666016,33.80714797973633,643.1163330078125,0.497677743434906,0.4356963634490967,0.43762460350990295,1,-65.00643920898438,35.08780288696289,642.810302734375,0.6371169686317444,0.4328528344631195,0.444185733795166,60976421732,2072619393
5,1,1,1.8734130859375,1,2.2097320556640625,1,0.37611648440361023,0.1382496953010559,-41.59920120239258,165.20033264160156,49.486236572265625,1,0.21994304656982422,0.3897365927696228,-95.45629119873047,119.35877227783203,32.8012809753418,1,1.733575463294983,33.823280334472656,643.1392822265625,0.4975898563861847,0.43566620349884033,0.4376769959926605,1,-64.92513275146484,35.082923889160156,642.4886474609375,0.6370241045951843,0.4328162372112274,0.443473219871521,60976430074,2072627735
5,1,1,2.0608367919921875,1,2.1808319091796875,1,0.37551409006118774,0.27927058935165405,-41.80693817138672,139.4947509765625,40.13018035888672,1,0.2018381953239441,0.35875898599624634,-101.69982147216797,125.00540924072266,34.85657501220703,1,1.7649402618408203,33.829490661621094,643.1848754882812,0.4975244700908661,0.43565982580184937,0.437777042388916,1,-64.87171936035156,35.09272003173828,642.371337890625,0.636940598487854,0.43277880549430847,0.44321009516716003,60976438408,2072636069
5,1,1,2.1097869873046875,1,2.207000732421875,1,0.3815912902355194,0.3154543936252594,-39.71120071411133,132.8990936279297,37.72953414916992,1,0.21531182527542114,0.3716803193092346,-97.05338287353516,122.65007781982422,33.99930191040039,1,1.7873737812042236,33.82033920288086,643.0709228515625,0.49747687578201294,0.43566277623176575,0.43752866983413696,1,-64.8475341796875,35.10255432128906,642.423095703125,0.6368777751922607,0.43276599049568176,0.4433179795742035,60976446741,2072644402
5,1,1,2.1123046875,1,2.25439453125,1,0.36859071254730225,0.28137949109077454,-44.194496154785156,139.11032104492188,39.99028015136719,1,0.20764537155628204,0.3859076499938965,-99.69720458984375,120.05672454833984,33.05531692504883,1,1.762190818786621,33.82672882080078,643.1397705078125,0.4975299835205078,0.43565917015075684,0.437678724527359,1,-64.91336059570312,35.103904724121094,642.770751953125,0.636932373046875,0.4328137934207916,0.444082647562027,60976455066,2072652727
5,1,1,2.1294097900390625,1,2.2357025146484375,1,0.2955494225025177,0.3429751992225647,-69.38310241699219,127.88253784179688,35.903663635253906,1,0.1227177307009697,0.3895767033100128,-128.98487854003906,119.38790893554688,32.81192398071289,1,1.5688464641571045,33.81120681762695,643.1048583984375,0.49793437123298645,0.4356860816478729,0.437599778175354,1,-65.05461120605469,35.10386657714844,642.8231201171875,0.6372143030166626,0.43282124400138855,0.44422608613967896,60976463401,2072661062
5,1,1,2.1721343994140625,1,2.2570648193359375,1,0.22028949856758118,0.3902481198310852,-95.33682250976562,119.26554107666016,32.7673225402832,1,0.07427101582288742,0.4337722361087799,-145.6919403076172,111.33186340332031,29.879735946655273,1,1.3200385570526123,33.777671813964844,643.220458984375,0.49845561385154724,0.43577152490615845,0.4378441870212555,1,-65.26487731933594,35.08226776123047,643.4584350585938,0.6375009417533875,0.4329582154750824,0.44563931226730347,60976471743,2072669404
5,1,1,2.159759521484375,1,2.2542266845703125,1,0.18617717921733856,0.37204843759536743,-107.10060119628906,122.5830078125,33.974769592285156,1,0.03736459091305733,0.44614332914352417,-158.41928100585938,109.07685089111328,29.058927536010742,1,1.1254451274871826,33.75604248046875,643.2786254882812,0.49886298179626465,0.4358241856098175,0.437966525554657,1,-65.36702728271484,35.07093811035156,643.6832275390625,0.6376600861549377,0.43301427364349365,0.446144700050354,60976480068,2072677729
5,1,1,2.170501708984375,1,2.2769775390625,1,0.16931699216365814,0.3723222315311432,-112.91490173339844,122.53308868408203,33.95665740966797,1,0.031840503215789795,0.4294936954975128,-160.32427978515625,112.11177825927734,30.163530349731445,1,1.075028419494629,33.77619171142578,643.220703125,0.4989682137966156,0.4357741177082062,0.43784353137016296,1,-65.36952209472656,35.042564392089844,643.3795166015625,0.6377379298210144,0.43302902579307556,0.4454856514930725,60976488411,2072686071
5,1,1,2.1854248046875,1,2.2601165771484375,1,0.18122568726539612,0.3834647536277771,-108.80813598632812,120.50202178955078,33.217369079589844,1,0.03612103685736656,0.4409549832344055,-158.84811401367188,110.0225830078125,29.40314483642578,1,1.0967059135437012,33.784400939941406,643.254638671875,0.4989229440689087,0.4357618987560272,0.437918484210968,1,-65.33746337890625,35.05034637451172,643.4080200195312,0.637664258480072,0.4330170750617981,0.4455413818359375,60976496744,2072694404
5,1,1,2.1297760009765625,1,2.2216796875,1,0.17540620267391205,0.3471227288246155,-110.81501007080078,127.12650299072266,35.6285285949707,1,0.020973773673176765,0.43233442306518555,-164.07171630859375,111.59394836425781,29.975141525268555,1,1.1259381771087646,33.75247573852539,643.2672119140625,0.4988618791103363,0.4358300268650055,0.43794116377830505,1,-65.32130432128906,35.026832580566406,643.45849609375,0.6376186609268188,0.4330732524394989,0.44564327597618103,60976505069,2072702729
5,1,1,2.166595458984375,1,2.257171630859375,1,0.18511900305747986,0.34738272428512573,-107.46551513671875,127.0791244506836,35.61128234863281,1,0.022187283262610435,0.44269421696662903,-163.65322875976562,109.70555877685547,29.287750244140625,1,1.1404471397399902,33.73615264892578,643.278564453125,0.4988316297531128,0.43586552143096924,0.43796345591545105,1,-65.33758544921875,35.03062438964844,643.5841064453125,0.637622594833374,0.4330836236476898,0.44591835141181946,60976513411,2072711071
5,1,1,2.180328369140625,1,2.255126953125,1,0.17714111506938934,0.3476082384586334,-110.21672058105469,127.03801727294922,35.596290588378906,1,0.02981089986860752,0.4439815580844879,-161.02418518066406,109.47086334228516,29.202404022216797,1,1.152900218963623,33.710994720458984,643.2786865234375,0.49880561232566833,0.43591779470443726,0.43796002864837646,1,-65.28327178955078,34.992149353027344,643.2683715820312,0.6375850439071655,0.43311774730682373,0.445219486951828,60976521744,2072719404
5,1,1,2.2179718017578125,1,2.2631988525390625,1,0.1766858696937561,0.3624172806739807,-110.37371826171875,124.3386001586914,34.613765716552734,1,0.025652103126049042,0.4506247639656067,-162.4583740234375,108.25994110107422,28.761638641357422,1,1.1638214588165283,33.696556091308594,643.233154296875,0.4987826347351074,0.4359413683414459,0.4378591775894165,1,-65.29972839355469,34.98534393310547,643.346923828125,0.6376005411148071,0.4331432580947876,0.44539156556129456,60976530070,2072727729
5,1,1,2.1900787353515625,1,2.2786712646484375,1,0.17528362572193146,0.33919158577919006,-110.8572769165039,128.5722198486328,36.154685974121094,1,0.0483013279736042,0.46952080726623535,-154.64768981933594,104.81556701660156,27.507938385009766,1,1.1731940507888794,33.676048278808594,643.267333984375,0.49876317381858826,0.43598878383636475,0.43793028593063354,1,-65.27745819091797,34.95518493652344,643.188232421875,0.6375921964645386,0.4331829249858856,0.44503968954086304,60976538403,2072736062
5,1,1,2.131561279296875,1,2.2650604248046875,1,0.17245924472808838,0.3200865089893341,-111.831298828125,132.05474853515625,37.42221450805664,1,0.012917833402752876,0.46318167448043823,-166.849853515625,105.97103881835938,27.928564071655273,1,1.1774532794952393,33.64659118652344,643.2338256835938,0.49875420331954956,0.43604516983032227,0.4378533363342285,1,-65.25901794433594,34.9169807434082,643.088134765625,0.6375778913497925,0.43324777483940125,0.444813996553421,60976546736,2072744395
5,1,1,2.129730224609375,1,2.2477569580078125,1,0.17480506002902985,0.321918249130249,-111.02233123779297,131.72084045410156,37.300724029541016,1,0.03354997560381889,0.46023768186569214,-159.73475646972656,106.5076675415039,28.12392234802246,1,1.1793560981750488,33.63814163208008,643.2673950195312,0.49875035881996155,0.43606746196746826,0.437924861907959,1,-65.26835632324219,34.89823913574219,643.1219482421875,0.6375893950462341,0.43329164385795593,0.444886177778244,60976555070,2072752729
5,1,1,2.1173248291015625,1,2.2354278564453125,1,0.17043426632881165,0.3150368332862854,-112.52960968017578,132.97520446777344,37.75725555419922,1,0.030237896367907524,0.4646050035953522,-160.87693786621094,105.71160125732422,27.83409881591797,1,1.1779663562774658,33.622962951660156,643.221923828125,0.498753160238266,0.4360925555229187,0.437824010848999,1,-65.28245544433594,34.879493713378906,643.2229614257812,0.6375946402549744,0.433345228433609,0.4451044499874115,60976563403,2072761062
5,1,1,2.139617919921875,1,2.2324066162109375,1,0.1716088503599167,0.33576682209968567,-112.12454223632812,129.19651794433594,36.38185501098633,1,0.0342586413025856,0.4819502830505371,-159.4903564453125,102.54989624023438,26.68326759338379,1,1.1748812198638916,33.6181526184082,643.2565307617188,0.49875977635383606,0.4361073970794678,0.43789830803871155,1,-65.28536987304688,34.86920928955078,643.257568359375,0.6375924944877625,0.4333716034889221,0.4451780915260315,60976571736,2072769395
5,1,1,2.1253204345703125,1,2.26220703125,1,0.17277896404266357,0.33852097392082214,-111.72103881835938,128.6944580078125,36.199180603027344,1,0.04521078243851662,0.4405481815338135,-155.71348571777344,110.09672546386719,29.430143356323242,1,1.1675796508789062,33.61317443847656,643.2792358398438,0.4987751245498657,0.4361209571361542,0.4379468858242035,1,-65.28912353515625,34.84368133544922,643.326171875,0.6375840306282043,0.43343454599380493,0.44532310962677,60976580071,2072777729
5,1,1,2.1399078369140625,1,2.2689056396484375,1,0.17617808282375336,0.3477381467819214,-110.54882049560547,127.01432800292969,35.58766555786133,1,0.05863618478178978,0.4455552101135254,-151.0836639404297,109.18401336669922,29.0980167388916,1,1.1596853733062744,33.605072021484375,643.3363037109375,0.4987918734550476,0.4361457824707031,0.43806934356689453,1,-65.31831359863281,34.83502960205078,643.47216796875,0.6376100182533264,0.4334735870361328,0.4456431567668915,60976588404,2072786062
5,1,1,2.18212890625,1,2.25103759765625,1,0.1773306280374527,0.3677188754081726,-110.1513671875,123.37222290039062,34.26200866699219,1,0.058632925152778625,0.45179370045661926,-151.0847930908203,108.0468521118164,28.68412208557129,1,1.1489559412002563,33.59946060180664,643.3475341796875,0.4988143742084503,0.4361589550971985,0.438092976808548,1,-65.3326644897461,34.82475662231445,643.5283813476562,0.6376265287399292,0.43350306153297424,0.44576603174209595,60976596740,2072794398
5,1,1,2.13525390625,1,2.2379302978515625,1,0.1745428591966629,0.36198532581329346,-111.11274719238281,124.41735076904297,34.64241409301758,1,0.029167789965867996,0.4504586458206177,-161.2459716796875,108.29022979736328,28.772626876831055,1,1.135339617729187,33.593101501464844,643.3936157226562,0.4988430440425873,0.43617862462997437,0.43819183111190796,1,-65.35389709472656,34.82139587402344,643.66357421875,0.6376384496688843,0.4335295259952545,0.446061909198761,60976605074,2072802732
5,1,1,2.1099853515625,1,2.2320556640625,1,0.1746036857366562,0.34415191411972046,-111.0917739868164,127.66802978515625,35.825618743896484,1,0.04248553514480591,0.45556557178497314,-156.6532745361328,107.35930633544922,28.433855056762695,1,1.11793851852417,33.57168960571289,643.4168701171875,0.4988795816898346,0.4362262785434723,0.43823906779289246,1,-65.39232635498047,34.81428146362305,643.9013671875,0.6376616954803467,0.43357861042022705,0.44658228754997253,60976613407,2072811065
5,1,1,2.13555908203125,1,2.225189208984375,1,0.17426176369190216,0.36397701501846313,-111.20968627929688,124.05427551269531,34.51033020019531,1,0.04775159806013107,0.4342370331287384,-154.83724975585938,111.24715423583984,29.848833084106445,1,1.085044264793396,33.56676483154297,643.3829956054688,0.49894827604293823,0.43623167276382446,0.43816474080085754,1,-65.47499084472656,34.83604431152344,644.3289794921875,0.6377314925193787,0.43359506130218506,0.44752609729766846,60976621740,2072819398
5,1,1,2.120361328125,1,2.2062835693359375,1,0.16972526907920837,0.35442355275154114,-112.77411651611328,125.79570770263672,35.14413833618164,1,0.05333208665251732,0.4251793324947357,-152.9127960205078,112.89820861816406,30.449756622314453,1,1.0385444164276123,33.54922103881836,643.3714599609375,0.4990454614162445,0.43626639246940613,0.438137024641037,1,-65.50076293945312,34.80900573730469,644.1840209960938,0.637819766998291,0.43363016843795776,0.44721493124961853,60976630074,2072827732
5,1,1,2.155364990234375,1,2.2033843994140625,1,0.1677786111831665,0.3473570942878723,-113.44542694091797,127.08378601074219,35.612972259521484,1,0.04297101870179176,0.4348134398460388,-156.48585510253906,111.1420669555664,29.810640335083008,1,0.992835283279419,33.528778076171875,643.314697265625,0.4991409480571747,0.43630075454711914,0.43801069259643555,1,-65.50720977783203,34.76942443847656,643.8558349609375,0.6379117965698242,0.4336649179458618,0.446502149105072,60976638407,2072836065
5,1,1,2.1366729736328125,1,2.23846435546875,1,0.1762533336877823,0.35679367184638977,-110.52288055419922,125.3636703491211,34.986873626708984,1,0.03891497850418091,0.46012166142463684,-157.88461303710938,106.52884674072266,28.13153648376465,1,0.9387314319610596,33.53416061401367,643.37109375,0.4992542862892151,0.43629735708236694,0.43813371658325195,1,-65.55992126464844,34.758060455322266,643.832763671875,0.638027012348175,0.4336850643157959,0.44646209478378296,60976646750,2072844407
5,1,1,2.151275634765625,1,2.2142486572265625,1,0.17155201733112335,0.34468874335289,-112.14415740966797,127.57018280029297,35.790000915527344,1,0.047060105949640274,0.47553879022598267,-155.0757293701172,103.71856689453125,27.10867691040039,1,0.8876796960830688,33.473670959472656,643.3492431640625,0.49936115741729736,0.4364197850227356,0.4380771815776825,1,-65.63665771484375,34.725154876708984,644.0404663085938,0.63813716173172,0.4337831735610962,0.44692209362983704,60976655083,2072852740
5,1,1,2.145263671875,1,2.2394561767578125,1,0.16679047048091888,0.33106938004493713,-113.78618621826172,130.05274963378906,36.69355392456055,1,0.04170280322432518,0.455678790807724,-156.9232177734375,107.33868408203125,28.42634391784668,1,0.8174762725830078,33.48408508300781,643.3836669921875,0.49950799345970154,0.4364027976989746,0.4381532073020935,1,-65.7109146118164,34.72257614135742,644.20068359375,0.6382531523704529,0.4338114559650421,0.44728365540504456,60976663417,2072861074
5,1,1,2.1159210205078125,1,2.2186737060546875,1,0.18106767535209656,0.32980960607528687,-108.86263275146484,130.28240966796875,36.77713394165039,1,0.04459117352962494,0.45283153653144836,-155.92715454101562,107.85769653320312,28.615238189697266,1,0.7424120903015137,33.4536018371582,643.3597412109375,0.4996650516986847,0.4364625811576843,0.43809667229652405,1,-65.76373291015625,34.686302185058594,644.1080322265625,0.6383854150772095,0.4338732361793518,0.44708967208862305,60976671750,2072869407
5,1,1,2.1078033447265625,1,2.219757080078125,1,0.1723029613494873,0.29760733246803284,-111.88518524169922,136.15228271484375,38.91361999511719,1,0.04277688264846802,0.42742836475372314,-156.5528106689453,112.48821258544922,30.300647735595703,1,0.684016227722168,33.42576599121094,643.3153076171875,0.4997871518135071,0.4365140199661255,0.43799611926078796,1,-65.88463592529297,34.665855407714844,644.3648071289062,0.6385752558708191,0.43395236134529114,0.44766712188720703,60976680083,2072877740
5,1,1,2.1337127685546875,1,2.2231903076171875,1,0.1662892997264862,0.3203204870223999,-113.95902252197266,132.0120849609375,37.40670394897461,1,0.04354401305317879,0.43748077750205994,-156.28826904296875,110.6558837890625,29.633625030517578,1,0.6125465035438538,33.43624496459961,643.4176025390625,0.4999368488788605,0.4365064203739166,0.438219279050827,1,-65.94412231445312,34.64570999145508,644.4110107421875,0.6386879086494446,0.434000700712204,0.447776734828949,60976688417,2072886073
5,1,1,2.144805908203125,1,2.205352783203125,1,0.17180176079273224,0.3440179228782654,-112.05802154541016,127.69246673583984,35.83450698852539,1,0.03936024755239487,0.43530333042144775,-157.73104858398438,111.05277252197266,29.778099060058594,1,0.5144695043563843,33.40996551513672,643.2232666015625,0.5001417398452759,0.4365335702896118,0.4377937614917755,1,-65.999755859375,34.60327911376953,644.3540649414062,0.6388173699378967,0.4340803623199463,0.4476597011089325,60976696751,2072894407
5,1,1,2.123016357421875,1,2.203125,1,0.17646346986293793,0.32553979754447937,-110.45040893554688,131.06069946289062,37.06046676635742,1,0.03595764935016632,0.42414531111717224,-158.9044647216797,113.0866928100586,30.518388748168945,1,0.46231013536453247,33.41221237182617,643.2908935546875,0.5002508759498596,0.4365382790565491,0.43794065713882446,1,-66.10574340820312,34.595481872558594,644.4609375,0.6390119791030884,0.43411165475845337,0.44791245460510254,60976705077,2072902733
5,1,1,2.1337890625,1,2.2456817626953125,1,0.15006887912750244,0.34906506538391113,-119.55270385742188,126.7724609375,35.49966812133789,1,0.04560204967856407,0.439006507396698,-155.57855224609375,110.37774658203125,29.53249168395996,1,0.3915793001651764,33.40715408325195,643.2686767578125,0.5003988146781921,0.4365455210208893,0.4378916919231415,1,-66.1585922241211,34.54948806762695,644.4029541015625,0.639136016368866,0.43419861793518066,0.4477919936180115,60976713409,2072911065
5,1,1,2.1690521240234375,1,2.2509765625,1,0.180782288312912,0.3529030978679657,-108.9610366821289,126.07284545898438,35.24500274658203,1,0.03795346990227699,0.43785542249679565,-158.21620178222656,110.58757019042969,29.60881805419922,1,0.2935458719730377,33.399497985839844,643.1659545898438,0.5006038546562195,0.43654683232307434,0.437667578458786,1,-66.23802947998047,34.528236389160156,644.5867919921875,0.6392568945884705,0.43426886200904846,0.448202908039093,60976721742,2072919398
5,1,1,2.163818359375,1,2.250885009765625,1,0.17990422248840332,0.358609676361084,-109.26386260986328,125.03266906738281,34.8663444519043,1,0.047598548233509064,0.43454673886299133,-154.89004516601562,111.19066619873047,29.8283634185791,1,0.2486397624015808,33.403160095214844,643.234130859375,0.5006978511810303,0.43654870986938477,0.43781593441963196,1,-66.31321716308594,34.501197814941406,644.6185302734375,0.6394056081771851,0.4343293607234955,0.448283851146698,60976730079,2072927735
5,1,1,2.1516571044921875,1,2.2266998291015625,1,0.1630232036113739,0.36478081345558167,-115.08534240722656,123.90776824951172,34.456939697265625,1,0.040780890733003616,0.4151833951473236,-157.24114990234375,114.72028350830078,31.11298942565918,1,0.18669356405735016,33.38984680175781,643.1883544921875,0.500827431678772,0.4365697503089905,0.43771469593048096,1,-66.36080932617188,34.44818878173828,644.40966796875,0.6395551562309265,0.4344092607498169,0.447835773229599,60976738413,2072936068
5,1,1,2.1457977294921875,1,2.1905364990234375,1,0.17263294756412506,0.3513983190059662,-111.7713851928711,126.34715270996094,35.3448486328125,1,0.025342583656311035,0.4538228213787079,-162.56512451171875,107.67698669433594,28.549474716186523,1,0.102895587682724,33.38089370727539,643.108154296875,0.5010027885437012,0.4365769922733307,0.43753939867019653,1,-66.43814849853516,34.43521499633789,644.7461547851562,0.6396346092224121,0.4344841241836548,0.44857680797576904,60976746746,2072944401
5,1,1,2.1564483642578125,1,2.22369384765625,1,0.17732836306095123,0.3687283396720886,-110.15215301513672,123.1882095336914,34.1950569152832,1,0.019324028864502907,0.41077062487602234,-164.64064025878906,115.52462768554688,31.405790328979492,1,0.055457018315792084,33.38454818725586,643.1876220703125,0.501102089881897,0.4365804195404053,0.43771228194236755,1,-66.49330139160156,34.4093017578125,644.83984375,0.6397266387939453,0.43455106019973755,0.44878727197647095,60976755080,2072952735
5,1,1,2.1433563232421875,1,2.1921539306640625,1,0.1793624758720398,0.3748108744621277,-109.45067596435547,122.07947540283203,33.79147720336914,1,0.03614424169063568,0.4182825982570648,-158.84011840820312,114.15536499023438,30.90735626220703,1,0.017121896147727966,33.36845016479492,643.14208984375,0.5011823177337646,0.43660736083984375,0.4376111924648285,1,-66.54800415039062,34.39332962036133,644.8431396484375,0.6398395299911499,0.43458452820777893,0.44880411028862,60976763413,2072961068
5,1,1,2.1376800537109375,1,2.2130889892578125,1,0.17821092903614044,0.3626211881637573,-109.84778594970703,124.3014144897461,34.60026931762695,1,0.03846355900168419,0.4374282658100128,-158.04029846191406,110.66543579101562,29.637142181396484,1,-0.03267849236726761,33.34151077270508,643.0508422851562,0.5012866258621216,0.43665045499801636,0.437409371137619,1,-66.58351135253906,34.364803314208984,644.7633056640625,0.6399326920509338,0.43463218212127686,0.448635458946228,60976771746,2072969401
5,1,1,2.1370086669921875,1,2.2331390380859375,1,0.1637945920228958,0.3550008237361908,-114.81932830810547,125.69047546386719,35.10582733154297,1,0.04595093056559563,0.43125876784324646,-155.45822143554688,111.79005432128906,30.046417236328125,1,-0.0729295015335083,33.29680633544922,643.1085815429688,0.5013708472251892,0.43675124645233154,0.43752798438072205,1,-66.62033081054688,34.319114685058594,644.8148803710938,0.6399968266487122,0.43473419547080994,0.44874799251556396,60976780080,2072977735
5,1,1,2.13690185546875,1,2.224212646484375,1,0.17457208037376404,0.36064624786376953,-111.1026611328125,124.66143035888672,34.731239318847656,1,0.033192772418260574,0.47223740816116333,-159.85794067382812,104.32034301757812,27.327733993530273,1,-0.13440380990505219,33.179046630859375,643.0288696289062,0.5014998316764832,0.4369845390319824,0.4373379945755005,1,-66.61288452148438,34.242332458496094,644.8653564453125,0.639969527721405,0.4349004924297333,0.44884392619132996,60976788413,2072986068
5,1,1,2.2005462646484375,1,2.2940826416015625,1,0.15407931804656982,0.5229412317276001,-118.16968536376953,95.07796478271484,23.963768005371094,1,0.038955654948949814,0.583890438079834,-157.87057495117188,83.96798706054688,19.920108795166016,1,-0.20283114910125732,32.98373031616211,643.2474975585938,0.5016432404518127,0.4374203085899353,0.437783807516098,1,-66.60742950439453,34.07640838623047,645.0530395507812,0.6399134397506714,0.4352709949016571,0.449223130941391,60976796747,2072994401
5,1,1,2.175262451171875,1,2.325347900390625,1,0.15380451083183289,0.6293240189552307,-118.26445770263672,75.68627166748047,16.90578842163086,1,0.05821159482002258,0.6797336935997009,-151.23008728027344,66.49748229980469,13.56135082244873,1,-0.2747802138328552,32.79309844970703,643.2254028320312,0.5017940998077393,0.43781283497810364,0.43770831823349,1,-66.5553970336914,33.96030044555664,644.8890380859375,0.639845609664917,0.4354885220527649,0.44884058833122253,60976805081,2073002735
5,1,1,2.172027587890625,1,2.30548095703125,1,0.16037359833717346,0.6768097877502441,-115.99907684326172,67.03047943115234,13.755303382873535,1,0.034467317163944244,0.693663477897644,-159.4184112548828,63.95833969116211,12.637144088745117,1,-0.29668310284614563,32.69933319091797,643.066650390625,0.5018404126167297,0.4379855990409851,0.43735045194625854,1,-66.59352111816406,33.91321563720703,645.46875,0.6397846341133118,0.4356677830219269,0.45009300112724304,60976813415,2073011069
5,1,1,2.18878173828125,1,2.31842041015625,1,0.15833809971809387,0.6566202044487,-116.7010269165039,70.71066284179688,15.094794273376465,1,0.029186438769102097,0.6868772506713867,-161.2395477294922,65.19535827636719,13.087387084960938,1,-0.2721622884273529,32.66541290283203,643.135986328125,0.5017890334129333,0.43806561827659607,0.4374958872795105,1,-66.59104919433594,33.887359619140625,645.4212646484375,0.6397911906242371,0.4357146620750427,0.44998618960380554,60976821747,2073019401
5,1,1,2.2135009765625,1,2.3301544189453125,1,0.15854652225971222,0.6494075059890747,-116.629150390625,72.0254135131836,15.573345184326172,1,0.04864390194416046,0.6982010006904602,-154.529541015625,63.13121032714844,12.336158752441406,1,-0.23511123657226562,32.62432861328125,643.181884765625,0.5017115473747253,0.438157320022583,0.437589555978775,1,-66.59021759033203,33.87139129638672,645.2344970703125,0.6398346424102783,0.4357214570045471,0.449580579996109,60976830081,2073027735
5,1,1,2.2238616943359375,1,2.2830963134765625,1,0.15401509404182434,0.6450348496437073,-118.19183349609375,72.82247924804688,15.863429069519043,1,0.025195777416229248,0.6639842987060547,-162.61572265625,69.36832427978516,14.606206893920898,1,-0.19584621489048004,32.575199127197266,643.2164306640625,0.5016294717788696,0.4382641017436981,0.43765735626220703,1,-66.5589599609375,33.82744598388672,645.2640991210938,0.639762818813324,0.4358166456222534,0.4496312737464905,60976838422,2073036076
5,1,1,2.203338623046875,1,2.2795257568359375,1,0.16859965026378632,0.6282615065574646,-113.16228485107422,75.87995147705078,16.97624969482422,1,0.028387852013111115,0.6914263367652893,-161.5149383544922,64.36610412597656,12.785611152648926,1,-0.16521307826042175,32.54983901977539,643.159423828125,0.5015654563903809,0.438308984041214,0.43753013014793396,1,-66.52629089355469,33.831504821777344,645.3065185546875,0.6396846771240234,0.4358143210411072,0.449716180562973,60976846757,2073044410
5,1,1,2.1919097900390625,1,2.2776336669921875,1,0.15290836989879608,0.6367582678794861,-118.57350158691406,74.33116149902344,16.41251564025879,1,0.011008243076503277,0.7036918997764587,-167.50836181640625,62.130340576171875,11.971814155578613,1,-0.12832152843475342,32.53955078125,643.1707153320312,0.5014883279800415,0.4383319914340973,0.4375530779361725,1,-66.51074981689453,33.85270690917969,645.6030883789062,0.6395807862281799,0.4358121454715729,0.45035573840141296,60976855090,2073052743
5,1,1,2.1961669921875,1,2.3029937744140625,1,0.1450856328010559,0.6548347473144531,-121.27119445800781,71.0361099243164,15.21329402923584,1,0.01931236870586872,0.6919742822647095,-164.64466857910156,64.26624298095703,12.749246597290039,1,-0.06731917709112167,32.52363586425781,643.125244140625,0.5013607144355774,0.438358873128891,0.437452107667923,1,-66.47958374023438,33.86416244506836,645.785888671875,0.6394720077514648,0.4358142614364624,0.45074501633644104,60976863423,2073061076
5,1,1,2.1689300537109375,1,2.3569793701171875,1,0.16487404704093933,0.6775041818618774,-114.44709014892578,66.90388488769531,13.709280014038086,1,0.026113707572221756,0.6953842043876648,-162.29917907714844,63.64469909667969,12.522945404052734,1,-0.0053444840013980865,32.5230712890625,643.1710205078125,0.5012310147285461,0.43836647272109985,0.437551349401474,1,-66.41373443603516,33.86054992675781,645.6820068359375,0.6393605470657349,0.4358072578907013,0.450505793094635,60976871757,2073069410
5,1,1,2.1381378173828125,1,2.259674072265625,1,0.1759437620639801,0.6719701886177063,-110.629638671875,67.91264343261719,14.076395988464355,1,0.002487847814336419,0.6631088852882385,-170.44667053222656,69.52787780761719,14.664338111877441,1,0.03795773535966873,32.5088996887207,643.2176513671875,0.5011404156684875,0.438402384519577,0.4376504719257355,1,-66.37100982666016,33.850440979003906,645.619873046875,0.6392869353294373,0.435819536447525,0.45036089420318604,60976880090,2073077743
5,1,1,2.188934326171875,1,2.3381500244140625,1,0.16864360868930817,0.6567477583885193,-113.14713287353516,70.68739318847656,15.086373329162598,1,0.0393400713801384,0.6971238851547241,-157.73800659179688,63.32755661010742,12.407588958740234,1,0.07748949527740479,32.50910568237305,643.25146484375,0.5010577440261841,0.43840664625167847,0.437723845243454,1,-66.32576751708984,33.87037658691406,645.6641235351562,0.6391822695732117,0.43578457832336426,0.4504494071006775,60976888424,2073086076
5,1,1,2.17919921875,1,2.3250732421875,1,0.15947091579437256,0.6551415920257568,-116.31037139892578,70.98019409179688,15.192893981933594,1,0.03783958777785301,0.6867584586143494,-158.2554473876953,65.21701049804688,13.095232963562012,1,0.13368210196495056,32.472999572753906,643.2294311523438,0.500940203666687,0.4384787082672119,0.43767088651657104,1,-66.2481689453125,33.85669708251953,645.4097900390625,0.6390825510025024,0.4357772469520569,0.44988152384757996,60976896758,2073094410
5,1,1,2.2045745849609375,1,2.2936553955078125,1,0.16123509407043457,0.6653004288673401,-115.70198822021484,69.12841796875,14.51889705657959,1,0.03679576888680458,0.6904154419898987,-158.6154327392578,64.55039978027344,12.852627754211426,1,0.1857711374759674,32.47307205200195,643.2070922851562,0.5008312463760376,0.4384756088256836,0.43762245774269104,1,-66.22297668457031,33.87506866455078,645.508056640625,0.6390066146850586,0.43575307726860046,0.45009076595306396,60976905091,2073102743
5,1,1,2.1859130859375,1,2.3411407470703125,1,0.1697247326374054,0.6642552614212036,-112.7742919921875,69.31893157958984,14.588225364685059,1,0.05852070078253746,0.7223923802375793,-151.12350463867188,58.7215690612793,10.731138229370117,1,0.23604349792003632,32.45145034790039,643.2186279296875,0.5007261037826538,0.43852218985557556,0.437644362449646,1,-66.19774627685547,33.903106689453125,645.702880859375,0.6389073729515076,0.4357225298881531,0.45050978660583496,60976913424,2073111076
5,1,1,2.189178466796875,1,2.3654022216796875,1,0.1572207659482956,0.6474499702453613,-117.08634948730469,72.38224792480469,15.703202247619629,1,0.04767017811536789,0.7047861218452454,-154.86534118652344,61.93085861206055,11.899247169494629,1,0.2772963047027588,32.44260025024414,643.2871704101562,0.5006399154663086,0.4385499954223633,0.4377919137477875,1,-66.14152526855469,33.910701751708984,645.572998046875,0.6388218402862549,0.43568864464759827,0.4502182602882385,60976921758,2073119410
5,1,1,2.15435791015625,1,2.3728485107421875,1,0.18643984198570251,0.6591854095458984,-107.01002502441406,70.24308013916016,14.924625396728516,1,0.05698246508836746,0.6992054581642151,-151.65394592285156,62.948143005371094,12.269495010375977,1,0.31851184368133545,32.43975067138672,643.3101806640625,0.5005536675453186,0.4385591745376587,0.43784138560295105,1,-66.09890747070312,33.918087005615234,645.51025390625,0.6387485265731812,0.4356646239757538,0.450074702501297,60976930091,2073127743
5,1,1,2.2017974853515625,1,2.3226318359375,1,0.15940581262111664,0.643722653388977,-116.33282470703125,73.06165313720703,15.9505033493042,1,0.05154599994421005,0.6853509545326233,-153.52874755859375,65.47354125976562,13.188671112060547,1,0.3657337427139282,32.415283203125,643.356201171875,0.5004550218582153,0.4386163651943207,0.43793773651123047,1,-66.0623779296875,33.91148376464844,645.5301513671875,0.6386680006980896,0.43568116426467896,0.45010867714881897,60976938424,2073136076
5,1,1,2.1512908935546875,1,2.35302734375,1,0.14883725345134735,0.6182296276092529,-119.97743225097656,77.70857238769531,17.6418514251709,1,0.05335799232125282,0.6969802379608154,-152.90386962890625,63.35375213623047,12.417122840881348,1,0.4057404398918152,32.39870834350586,643.402099609375,0.5003713965415955,0.43865707516670227,0.4380349814891815,1,-66.02873229980469,33.920555114746094,645.6199340820312,0.6385766267776489,0.43567508459091187,0.45029643177986145,60976946759,2073144410
5,1,1,2.2315826416015625,1,2.3567352294921875,1,0.14838747680187225,0.635528028011322,-120.1325454711914,74.55541229248047,16.494140625,1,0.05919966474175453,0.6872850060462952,-150.8893585205078,65.12104034423828,13.060330390930176,1,0.4449819028377533,32.36521911621094,643.3677978515625,0.5002893209457397,0.43872198462486267,0.43795591592788696,1,-65.99288177490234,33.91640853881836,645.614013671875,0.6385036706924438,0.43568292260169983,0.450275182723999,60976955092,2073152743
5,1,1,2.236846923828125,1,2.3284454345703125,1,0.14438030123710632,0.6350001096725464,-121.51444244384766,74.65162658691406,16.529199600219727,1,0.025975743308663368,0.68293696641922,-162.34678649902344,65.91356658935547,13.348834037780762,1,0.459890216588974,32.34497833251953,643.2986450195312,0.5002580881118774,0.4387545585632324,0.4378030598163605,1,-65.98455810546875,33.933292388916016,645.8850708007812,0.6384214758872986,0.43568623065948486,0.45086073875427246,60976963425,2073161076
5,1,1,2.1710205078125,1,2.3360748291015625,1,0.17068266868591309,0.620546817779541,-112.4439468383789,77.28620147705078,17.488113403320312,1,0.03407162427902222,0.6842412352561951,-159.5548553466797,65.67585754394531,13.262237548828125,1,0.4735065996646881,32.339569091796875,643.299072265625,0.5002295970916748,0.43876591324806213,0.43780317902565,1,-65.94974517822266,33.955204010009766,645.9622802734375,0.6383307576179504,0.43565183877944946,0.45102301239967346,60976971759,2073169410
5,1,1,2.2086639404296875,1,2.3140716552734375,1,0.15884347259998322,0.6279933452606201,-116.52674102783203,75.92881774902344,16.994056701660156,1,0.02950347028672695,0.6656574010848999,-161.1302032470703,69.06333923339844,14.495203971862793,1,0.4906880259513855,32.332096099853516,643.2989501953125,0.50019371509552,0.4387814402580261,0.43780186772346497,1,-65.91423034667969,33.93614196777344,645.9481811523438,0.6382606029510498,0.43568935990333557,0.450982004404068,60976980092,2073177743
5,1,1,2.199676513671875,1,2.2820587158203125,1,0.15967220067977905,0.6506443023681641,-116.24095916748047,71.7999496459961,15.491300582885742,1,0.02386198565363884,0.6632011532783508,-163.07569885253906,69.5110855102539,14.6581392288208,1,0.5183131098747253,32.32160949707031,643.34521484375,0.5001360177993774,0.4388095736503601,0.4379008412361145,1,-65.88871002197266,33.91249084472656,645.9285888671875,0.6382123827934265,0.4357355237007141,0.45093077421188354,60976988432,2073186083
5,1,1,2.190673828125,1,2.35260009765625,1,0.15701723098754883,0.6464979648590088,-117.15653991699219,72.55577087402344,15.766377449035645,1,0.041704028844833374,0.6635092496871948,-156.92279052734375,69.45490264892578,14.637757301330566,1,0.5584160685539246,32.28636169433594,643.3453369140625,0.5000522136688232,0.43888282775878906,0.43789607286453247,1,-65.86258697509766,33.88720703125,645.86376953125,0.6381738185882568,0.43577882647514343,0.45078152418136597,60976996767,2073194417
5,1,1,2.1892547607421875,1,2.288330078125,1,0.15657705068588257,0.627411425113678,-117.3083267211914,76.0348892211914,17.032669067382812,1,0.04582078754901886,0.6556228399276733,-155.50311279296875,70.89246368408203,15.160992622375488,1,0.5769435167312622,32.24958801269531,643.3912353515625,0.5000135898590088,0.43896546959877014,0.4379903972148895,1,-65.8399887084961,33.86875534057617,645.809814453125,0.6381400227546692,0.4358094334602356,0.45065730810165405,60977005100,2073202750
5,1,1,2.1606597900390625,1,2.263671875,1,0.1571628302335739,0.6471292972564697,-117.1063461303711,72.4406967163086,15.724465370178223,1,-0.005892423912882805,0.6678768396377563,-173.33663940429688,68.65878295898438,14.347956657409668,1,0.5924839377403259,32.211517333984375,643.4267578125,0.49998125433921814,0.43904930353164673,0.43806204199790955,1,-65.82170104980469,33.858062744140625,645.789794921875,0.6381068229675293,0.4358288049697876,0.45060864090919495,60977013433,2073211083
5,1,1,2.21038818359375,1,2.2743377685546875,1,0.1452968418598175,0.6130023002624512,-121.19835662841797,78.66141510009766,17.988683700561523,1,0.011633217334747314,0.6682865023612976,-167.29286193847656,68.58412170410156,14.32076644897461,1,0.6108031272888184,32.16992950439453,643.4607543945312,0.4999431073665619,0.43914029002189636,0.4381299912929535,1,-65.81987762451172,33.84825897216797,645.8846435546875,0.6380805373191833,0.43586239218711853,0.450811505317688,60977021767,2073219417
5,1,1,2.20220947265625,1,2.353179931640625,1,0.15515270829200745,0.6634018421173096,-117.79953002929688,69.47450256347656,14.644856452941895,1,0.05632488802075386,0.6884889602661133,-151.88072204589844,64.90158081054688,12.980423927307129,1,0.6312757730484009,32.14862823486328,643.472412109375,0.49990037083625793,0.43918612599372864,0.4381522834300995,1,-65.81344604492188,33.836524963378906,645.9093627929688,0.6380613446235657,0.43589022755622864,0.4508616626262665,60977030100,2073227750
5,1,1,2.220245361328125,1,2.2805938720703125,1,0.1473568081855774,0.6466668248176575,-120.48798370361328,72.52500915527344,15.755134582519531,1,0.027203839272260666,0.692226767539978,-161.92323303222656,64.22021484375,12.732464790344238,1,0.6495084166526794,32.130287170410156,643.4605712890625,0.4998621940612793,0.4392226040363312,0.43812403082847595,1,-65.80455780029297,33.81547164916992,645.935302734375,0.638036847114563,0.43593746423721313,0.450912743806839,60977038434,2073236083
5,1,1,2.1882781982421875,1,2.24981689453125,1,0.15121939778327942,0.6726928353309631,-119.15594482421875,67.78091430664062,14.028471946716309,1,0.0034833650570362806,0.6670213937759399,-170.10336303710938,68.81471252441406,14.404733657836914,1,0.6574828624725342,32.12028884887695,643.4266357421875,0.4998454749584198,0.4392387866973877,0.4380490481853485,1,-65.79376983642578,33.78883361816406,645.913330078125,0.6380197405815125,0.43598949909210205,0.450859010219574,60977046768,2073244417
5,1,1,2.215057373046875,1,2.29266357421875,1,0.14095690846443176,0.6791326999664307,-122.69499969482422,66.6070327758789,13.601232528686523,1,0.02625243365764618,0.6793914437294006,-162.2513427734375,66.55989837646484,13.584026336669922,1,0.6611404418945312,32.105201721191406,643.42626953125,0.49983781576156616,0.4392699897289276,0.43804600834846497,1,-65.7876205444336,33.76496124267578,645.9388427734375,0.638001024723053,0.436042457818985,0.45090916752815247,60977055101,2073252750
5,1,1,2.1976318359375,1,2.315185546875,1,0.1598077416419983,0.6787737011909485,-116.19419860839844,66.6724624633789,13.625053405761719,1,0.041167955845594406,0.6794195771217346,-157.107666015625,66.55474853515625,13.58214282989502,1,0.6627517938613892,32.06597137451172,643.370361328125,0.49983447790145874,0.4393438696861267,0.43791913986206055,1,-65.78297424316406,33.73804473876953,645.9976806640625,0.6379774808883667,0.43610644340515137,0.45103123784065247,60977063434,2073261083
5,1,1,2.1773834228515625,1,2.245635986328125,1,0.1604067087173462,0.6607290506362915,-115.9876480102539,69.96170043945312,14.822213172912598,1,0.02524315007030964,0.677030622959137,-162.5994110107422,66.9902114868164,13.740676879882812,1,0.6689040660858154,32.02655792236328,643.3710327148438,0.49982166290283203,0.4394257962703705,0.43791502714157104,1,-65.7802734375,33.729026794433594,646.06982421875,0.6379547119140625,0.4361351728439331,0.451185017824173,60977071768,2073269417
5,1,1,2.1957550048828125,1,2.3506317138671875,1,0.14048534631729126,0.6030280590057373,-122.85762786865234,80.47955322265625,18.650426864624023,1,0.05848835036158562,0.6873844861984253,-151.1346435546875,65.10286712646484,13.053823471069336,1,0.6720864772796631,31.960941314697266,643.4059448242188,0.4998152256011963,0.4395667016506195,0.437981516122818,1,-65.78636169433594,33.70392990112305,646.1507568359375,0.637948215007782,0.4361983835697174,0.451357364654541,60977080101,2073277750
5,1,1,2.2176971435546875,1,2.2755584716796875,1,0.1526193618774414,0.6166118383407593,-118.67316436767578,78.00347137451172,17.749181747436523,1,0.027125250548124313,0.6673401594161987,-161.95033264160156,68.75658416748047,14.383631706237793,1,0.6741852760314941,31.926633834838867,643.394287109375,0.4998108744621277,0.43963631987571716,0.43795138597488403,1,-65.78201293945312,33.684898376464844,646.1876220703125,0.6379303932189941,0.4362429678440094,0.4514332711696625,60977088434,2073286083
5,1,1,2.2094573974609375,1,2.3093719482421875,1,0.14624635875225067,0.6321771144866943,-120.87091064453125,75.16619873046875,16.71645164489746,1,0.035095855593681335,0.6663973927497864,-159.20166015625,68.92845916748047,14.446127891540527,1,0.6791977882385254,31.915050506591797,643.4169921875,0.4998004734516144,0.43966343998908997,0.43799903988838196,1,-65.77238464355469,33.66063690185547,646.142578125,0.6379213333129883,0.4362868368625641,0.451330304145813,60977096769,2073294417
5,1,1,2.193603515625,1,2.3042449951171875,1,0.15628641843795776,0.6441778540611267,-117.40856170654297,72.97867584228516,15.92028522491455,1,0.04291288182139397,0.6769065856933594,-156.50592041015625,67.01283264160156,13.748896598815918,1,0.6811034083366394,31.91066551208496,643.4736328125,0.4997965693473816,0.43968018889427185,0.4381212294101715,1,-65.76527404785156,33.639404296875,646.0965576171875,0.6379176378250122,0.4363243281841278,0.45122626423835754,60977105102,2073302750
5,1,1,2.1958160400390625,1,2.2983551025390625,1,0.1590147316455841,0.6765893697738647,-116.46769714355469,67.07066345214844,13.769891738891602,1,0.026494842022657394,0.6776305437088013,-162.16775512695312,66.88084411621094,13.700888633728027,1,0.6784631013870239,31.902183532714844,643.4508666992188,0.4998021423816681,0.43969470262527466,0.438070684671402,1,-65.7640380859375,33.619728088378906,646.0965576171875,0.6379151940345764,0.4363650977611542,0.451223224401474,60977113435,2073311083
5,1,1,2.1924285888671875,1,2.2781524658203125,1,0.15995629131793976,0.6743759512901306,-116.14299011230469,67.47412872314453,13.916756629943848,1,0.019446084275841713,0.688716471195221,-164.5985565185547,64.86009216308594,12.965373992919922,1,0.6719521880149841,31.880712509155273,643.5196533203125,0.4998158812522888,0.43974852561950684,0.43821677565574646,1,-65.76901245117188,33.59101867675781,646.0969848632812,0.6379255056381226,0.43642452359199524,0.4512211084365845,60977121771,2073319419
5,1,1,2.127532958984375,1,2.2834014892578125,1,0.1611817479133606,0.6263605356216431,-115.72039031982422,76.22647094726562,17.102386474609375,1,0.014718989841639996,0.6697785258293152,-166.22869873046875,68.3121337890625,14.221810340881348,1,0.6665424108505249,31.850936889648438,643.577880859375,0.49982738494873047,0.43981820344924927,0.438338965177536,1,-65.77076721191406,33.57520294189453,646.10791015625,0.6379266381263733,0.4364587366580963,0.451242595911026,60977130104,2073327752
5,1,1,2.1731109619140625,1,2.2765655517578125,1,0.16121737658977509,0.6291519403457642,-115.70809936523438,75.71763610839844,16.917217254638672,1,0.02183789387345314,0.7017903327941895,-163.77371215820312,62.47695541381836,12.098010063171387,1,0.6579663753509521,31.812217712402344,643.6468505859375,0.4998455345630646,0.4399077892303467,0.4384830594062805,1,-65.7774887084961,33.555198669433594,646.14208984375,0.637932538986206,0.4365048408508301,0.4513150453567505,60977138437,2073336085
5,1,1,2.2261199951171875,1,2.3059234619140625,1,0.13594338297843933,0.643945038318634,-124.42393493652344,73.02114868164062,15.935685157775879,1,0.03995103761553764,0.6724358797073364,-157.52732849121094,67.8277359008789,14.045531272888184,1,0.6483495831489563,31.76224136352539,643.7391357421875,0.49986594915390015,0.44002389907836914,0.438676118850708,1,-65.79098510742188,33.52946472167969,646.256103515625,0.6379334330558777,0.43657398223876953,0.45156025886535645,60977146772,2073344419
5,1,1,2.215087890625,1,2.269561767578125,1,0.14376616477966309,0.629092276096344,-121.7262191772461,75.728515625,16.921123504638672,1,0.04468962177634239,0.677718460559845,-155.89320373535156,66.86483764648438,13.695039749145508,1,0.6398876309394836,31.752761840820312,643.739013671875,0.49988359212875366,0.44004350900650024,0.43867453932762146,1,-65.7966537475586,33.5145149230957,646.24462890625,0.6379479765892029,0.43660324811935425,0.4515345096588135,60977155105,2073352752
5,1,1,2.1931610107421875,1,2.27130126953125,1,0.13364416360855103,0.6386385560035706,-125.21682739257812,73.9884033203125,16.28779411315918,1,0.010695542208850384,0.676440954208374,-167.61619567871094,67.09770202636719,13.77977180480957,1,0.5784448981285095,31.732315063476562,643.8528442382812,0.5000123381614685,0.44010108709335327,0.4389185309410095,1,-65.82842254638672,33.463356018066406,646.3679809570312,0.6379846334457397,0.4367261826992035,0.45180025696754456,60977163438,2073361085
5,1,1,2.2438507080078125,1,2.2823333740234375,1,0.07617024332284927,0.7331351637840271,-145.03697204589844,56.76335906982422,10.01838207244873,1,-0.011871911585330963,0.7330140471458435,-175.39869689941406,56.78544616699219,10.026406288146973,1,0.4319518804550171,31.69274139404297,643.7836303710938,0.5003184080123901,0.4401736259460449,0.43876248598098755,1,-65.91644287109375,33.41166687011719,646.5491943359375,0.6381239295005798,0.43685802817344666,0.4522029757499695,60977171772,2073369419
5,1,1,2.2320709228515625,1,2.3011627197265625,1,0.06263373047113419,0.7360534071922302,-149.70509338378906,56.23139953613281,9.824820518493652,1,-0.028181688860058784,0.7228727340698242,-181.02317810058594,58.63401412963867,10.69925594329834,1,0.2848885655403137,31.64917755126953,643.7510986328125,0.5006259679794312,0.44025933742523193,0.43868568539619446,1,-66.18998718261719,33.64295196533203,650.9462890625,0.63764488697052,0.436989426612854,0.46178561449050903,60977180105,2073377752
5,1,1,2.2252349853515625,1,2.2886962890625,1,0.058633629232645035,0.7460372447967529,-151.08456420898438,54.41154861450195,9.162378311157227,1,-0.03027578815817833,0.7354843616485596,-181.74534606933594,56.33514404296875,9.862507820129395,1,0.2344633936882019,31.626632690429688,643.80859375,0.5007314085960388,0.4403136968612671,0.4388072192668915,1,-66.04449462890625,33.369937896728516,647.0223388671875,0.6382763981819153,0.43700966238975525,0.4532458782196045,60977188439,2073386085
5,1,1,2.228271484375,1,2.28125,1,0.05980653688311577,0.7389931082725525,-150.68006896972656,55.695560455322266,9.629751205444336,1,-0.026913320645689964,0.7438643574714661,-180.58578491210938,54.807613372802734,9.306578636169434,1,0.2208559811115265,31.633590698242188,643.8536376953125,0.5007598400115967,0.44030526280403137,0.4389059245586395,1,-66.06681060791016,33.36279296875,647.1004638671875,0.6383039951324463,0.4370351731777191,0.4534183740615845,60977196773,2073394419
5,1,1,2.2317657470703125,1,2.2845001220703125,1,0.06287047266960144,0.7309963703155518,-149.62344360351562,57.153236389160156,10.160307884216309,1,-0.042199403047561646,0.7171788215637207,-185.85723876953125,59.671913146972656,11.0770263671875,1,0.20238134264945984,31.612167358398438,643.8997192382812,0.5007985234260559,0.4403558671474457,0.43900278210639954,1,-66.07994842529297,33.33995056152344,647.06201171875,0.638340413570404,0.43707704544067383,0.45333489775657654,60977205106,2073402752
5,1,1,2.2261199951171875,1,2.2967529296875,1,0.05946901813149452,0.7130782008171082,-150.7964630126953,60.41937255859375,11.349082946777344,1,-0.034246042370796204,0.7220127582550049,-183.114501953125,58.790767669677734,10.756363868713379,1,0.1782459318637848,31.60755157470703,643.9342041015625,0.5008490085601807,0.44036999344825745,0.4390769600868225,1,-66.10247802734375,33.319091796875,646.9393920898438,0.6384164094924927,0.4371030628681183,0.453072190284729,60977213439,2073411085
5,1,1,2.24432373046875,1,2.283660888671875,1,0.0649087131023407,0.7313337326049805,-148.92054748535156,57.09173583984375,10.137879371643066,1,-0.04988107085227966,0.741095781326294,-188.50633239746094,55.31229782104492,9.490232467651367,1,0.15186738967895508,31.594802856445312,643.8883666992188,0.5009040832519531,0.4403902292251587,0.4389757215976715,1,-66.13626098632812,33.29933166503906,646.92138671875,0.6384906768798828,0.4371413588523865,0.453037828207016,60977221773,2073419419
5,1,1,2.2565155029296875,1,2.267547607421875,1,0.07203762978315353,0.7336030006408691,-146.4621124267578,56.67805480957031,9.987401962280273,1,-0.035961974412202835,0.7402051091194153,-183.7062530517578,55.474609375,9.5493803024292,1,0.1264258623123169,31.58785629272461,643.91064453125,0.5009573101997375,0.4404076039791107,0.43902310729026794,1,-66.18913269042969,33.298885345458984,647.0995483398438,0.638557493686676,0.43716681003570557,0.4534337520599365,60977230106,2073427752
5,1,1,2.2614898681640625,1,2.2530059814453125,1,0.0639905035495758,0.7174500823020935,-149.23721313476562,59.622474670410156,11.059039115905762,1,-0.04336889833211899,0.7436670064926147,-186.2605438232422,54.84360885620117,9.31960678100586,1,0.10456746071577072,31.573314666748047,643.8538818359375,0.5010030269622803,0.44043007493019104,0.43889784812927246,1,-66.3750991821289,33.53224182128906,651.18603515625,0.6379691958427429,0.4372493326663971,0.462327241897583,60977238439,2073436085
5,1,1,2.229522705078125,1,2.312164306640625,1,0.06293757259845734,0.7221207022666931,-149.60031127929688,58.77110290527344,10.749153137207031,1,-0.02427893877029419,0.7596632838249207,-179.67730712890625,51.92776870727539,8.25837516784668,1,0.07728652656078339,31.539323806762695,643.7388916015625,0.5010600686073303,0.4404851198196411,0.43864360451698303,1,-66.40812683105469,33.50689697265625,651.2741088867188,0.6380162835121155,0.43731334805488586,0.4625208377838135,60977246775,2073444420
5,1,1,2.2481689453125,1,2.270477294921875,1,0.05925152823328972,0.7179573178291321,-150.8714599609375,59.53001022338867,11.025374412536621,1,-0.04622245579957962,0.7617821097373962,-187.24461364746094,51.541534423828125,8.117785453796387,1,0.055700235068798065,31.52181625366211,643.681640625,0.5011052489280701,0.4405137598514557,0.43851688504219055,1,-66.22871398925781,33.249244689941406,646.9735107421875,0.6386697888374329,0.43725183606147766,0.45316335558891296,60977255109,2073452754
5,1,1,2.2105865478515625,1,2.3176116943359375,1,0.05526356399059296,0.7121267318725586,-152.24671936035156,60.59282302856445,11.412175178527832,1,-0.02277691289782524,0.7603620290756226,-179.15933227539062,51.80040740966797,8.21198844909668,1,0.03303183242678642,31.501983642578125,643.6246337890625,0.5011526942253113,0.44054722785949707,0.43839046359062195,1,-66.26910400390625,33.216312408447266,647.0234985351562,0.6387415528297424,0.43732672929763794,0.453275203704834,60977263442,2073461087
5,1,1,2.1829681396484375,1,2.3022918701171875,1,0.07822849601507187,0.7347074747085571,-144.32716369628906,56.47673034667969,9.9141263961792,1,-0.04648160934448242,0.7577479481697083,-187.33399963378906,52.27687072753906,8.385515213012695,1,0.019204527139663696,31.49791145324707,643.6819458007812,0.5011816024780273,0.44056329131126404,0.43851423263549805,1,-66.29602813720703,33.169647216796875,646.936279296875,0.6388183236122131,0.43741101026535034,0.453086256980896,60977271775,2073469420
5,1,1,2.2752838134765625,1,2.33502197265625,1,0.04685939475893974,0.7504761815071106,-155.1449432373047,53.60239028930664,8.867932319641113,1,-0.014870020560920238,0.7642421722412109,-176.43260192871094,51.093109130859375,7.954558849334717,1,-0.0027002915740013123,31.501588821411133,643.7848510742188,0.5012273192405701,0.44056937098503113,0.438738077878952,1,-66.31961822509766,33.144432067871094,646.8602905273438,0.638885498046875,0.4374525547027588,0.4529237151145935,60977280109,2073477754
5,1,1,2.21978759765625,1,2.26861572265625,1,0.05127086490392685,0.7646076679229736,-153.62364196777344,51.02648162841797,7.93035888671875,1,-0.038959890604019165,0.7265113592147827,-184.74009704589844,57.970760345458984,10.457867622375488,1,-0.03149392828345299,31.489917755126953,643.73876953125,0.5012875199317932,0.4405873715877533,0.43863645195961,1,-66.31676483154297,33.089874267578125,646.6134033203125,0.6389389634132385,0.4375312328338623,0.45238250494003296,60977288443,2073486087
5,1,1,2.232421875,1,2.27069091796875,1,0.05190880969166756,0.742756724357605,-153.40362548828125,55.00950622558594,9.380091667175293,1,-0.04123833775520325,0.7508350610733032,-185.5258331298828,53.53697967529297,8.844085693359375,1,-0.06048726662993431,31.483715057373047,643.6929931640625,0.5013481974601746,0.4405940771102905,0.43853625655174255,1,-66.51667785644531,33.302738189697266,650.433837890625,0.6384391784667969,0.4376171827316284,0.46070170402526855,60977296776,2073494420
5,1,1,2.2386627197265625,1,2.325347900390625,1,0.07095516473054886,0.755832314491272,-146.8354034423828,52.62602615356445,8.51258659362793,1,0.00027201874763704836,0.7389510869979858,-171.21080017089844,55.70320129394531,9.632551193237305,1,-0.08698040246963501,31.476194381713867,643.624267578125,0.5014036297798157,0.4406004548072815,0.43838608264923096,1,-66.56222534179688,33.302520751953125,650.66455078125,0.63847815990448,0.437649130821228,0.4612095057964325,60977305110,2073502754
5,1,1,2.212982177734375,1,2.328125,1,0.056236330419778824,0.7310150861740112,-151.91127014160156,57.149810791015625,10.159032821655273,1,-0.008963451720774174,0.7399810552597046,-174.3957061767578,55.51549530029297,9.564172744750977,1,-0.11265295743942261,31.470516204833984,643.521484375,0.5014573931694031,0.44059842824935913,0.43816235661506653,1,-66.58854675292969,33.301536560058594,650.7801513671875,0.6385048031806946,0.4376669228076935,0.461464524269104,60977313443,2073511087
5,1,1,2.20635986328125,1,2.3597869873046875,1,0.07996416091918945,0.7366960644721985,-143.72862243652344,56.114261627197266,9.782191276550293,1,-0.014206606894731522,0.7393457889556885,-176.20382690429688,55.63125228881836,9.606389045715332,1,-0.13394233584403992,31.47277069091797,643.45263671875,0.5015019774436951,0.4405844807624817,0.43801334500312805,1,-66.61103820800781,33.30829620361328,650.7901000976562,0.6385486721992493,0.43765437602996826,0.46149200201034546,60977321776,2073519420
5,1,1,2.213287353515625,1,2.3567352294921875,1,0.09662626683712006,0.7357585430145264,-137.9826202392578,56.285152435302734,9.844381332397461,1,-0.00840849056839943,0.7466544508934021,-174.20431518554688,54.29900360107422,9.121487617492676,1,-0.1488654911518097,31.467315673828125,643.3605346679688,0.5015332698822021,0.4405834674835205,0.4378127455711365,1,-66.6268310546875,33.30508041381836,650.8505859375,0.638566792011261,0.43766915798187256,0.46162548661231995,60977330110,2073527754
5,1,1,2.1956024169921875,1,2.3491973876953125,1,0.08663485199213028,0.7391743659973145,-141.42820739746094,55.66250228881836,9.617742538452148,1,-0.01987847127020359,0.7622050046920776,-178.15977478027344,51.46443557739258,8.089737892150879,1,-0.15941400825977325,31.47247314453125,643.3489379882812,0.501555323600769,0.4405711591243744,0.43778833746910095,1,-66.43315124511719,33.045814514160156,646.27099609375,0.6392624378204346,0.4375748932361603,0.45166268944740295,60977338444,2073536087
5,1,1,2.2352752685546875,1,2.3137054443359375,1,0.0687764510512352,0.751971960067749,-147.58676147460938,53.329734802246094,8.768675804138184,1,-0.028042346239089966,0.7507296204566956,-180.97512817382812,53.55622100830078,8.851070404052734,1,-0.16372577846050262,31.470584869384766,643.3148193359375,0.5015643835067749,0.44057056307792664,0.43771401047706604,1,-66.44493103027344,33.03665542602539,646.1639404296875,0.639312744140625,0.43757909536361694,0.451433002948761,60977346777,2073544420
5,1,1,2.239532470703125,1,2.327301025390625,1,0.06613738089799881,0.7472305297851562,-148.49684143066406,54.19401550292969,9.083240509033203,1,-0.030597953125834465,0.753179669380188,-181.8564453125,53.109615325927734,8.68854808807373,1,-0.1687166541814804,31.470890045166016,643.3148193359375,0.5015748143196106,0.4405698776245117,0.437714159488678,1,-66.45874786376953,33.028160095214844,646.125244140625,0.6393506526947021,0.4375912547111511,0.45135125517845154,60977355111,2073552754
5,1,1,2.2059173583984375,1,2.335296630859375,1,0.08061616867780685,0.7462763786315918,-143.5037841796875,54.36793518066406,9.146543502807617,1,-0.021756649017333984,0.7635480761528015,-178.8074951171875,51.21965026855469,8.000621795654297,1,-0.17623348534107208,31.468425750732422,643.2691650390625,0.5015905499458313,0.4405688941478729,0.43761464953422546,1,-66.48216247558594,33.03684997558594,646.2044067382812,0.6393800973892212,0.43758416175842285,0.45152851939201355,60977363444,2073561087
5,1,1,2.1976318359375,1,2.4008941650390625,1,0.08585046231746674,0.7383516430854797,-141.69869995117188,55.81247329711914,9.672335624694824,1,0.002389400964602828,0.7474526762962341,-170.48062133789062,54.15351867675781,9.068503379821777,1,-0.18009880185127258,31.463151931762695,643.223388671875,0.5015987157821655,0.44057369232177734,0.43751460313796997,1,-66.48544311523438,33.02693176269531,646.1678466796875,0.6393957138061523,0.43759962916374207,0.451448917388916,60977371777,2073569420
5,1,1,2.2353363037109375,1,2.2743988037109375,1,0.07879184931516647,0.7733036875724792,-144.13290405273438,49.44135665893555,7.353387832641602,1,-0.046348828822374344,0.7554711699485779,-187.2882080078125,52.691871643066406,8.53654670715332,1,-0.18637649714946747,31.45850372314453,643.1777954101562,0.5016118884086609,0.4405772089958191,0.43741509318351746,1,-66.49951171875,33.02252960205078,646.223388671875,0.6394115090370178,0.4376163184642792,0.4515712559223175,60977380114,2073577757
5,1,1,2.2562713623046875,1,2.3801116943359375,1,0.07009930163621902,0.8061069846153259,-147.13055419921875,43.46189880371094,5.177043437957764,1,-0.009993325918912888,0.7814835906028748,-174.7508544921875,47.9503173828125,6.8106865882873535,1,-0.20047634840011597,31.42662239074707,643.0297241210938,0.5016416311264038,0.44062358140945435,0.4370894730091095,1,-66.5064697265625,33.00986099243164,646.6131591796875,0.6393321752548218,0.4376962184906006,0.45241206884384155,60977388448,2073586090
5,1,1,2.22332763671875,1,2.35516357421875,1,0.0895044133067131,0.8204376697540283,-140.43862915039062,40.849632263183594,4.226349353790283,1,-0.002046395093202591,0.83750319480896,-172.01031494140625,37.738914489746094,3.0940895080566406,1,-0.1939641237258911,31.316349029541016,643.0315551757812,0.5016282200813293,0.4408528506755829,0.43707793951034546,1,-66.46605682373047,32.92401885986328,645.9835815429688,0.6394003629684448,0.43778717517852783,0.4510321617126465,60977396781,2073594423
5,1,1,2.2437591552734375,1,2.3822784423828125,1,0.08240286260843277,0.8047831058502197,-142.8876190185547,43.70320129394531,5.264918804168701,1,0.0024768896400928497,0.8198123574256897,-170.450439453125,40.96365737915039,4.267735481262207,1,-0.18343044817447662,31.291364669799805,643.0657958984375,0.501606285572052,0.4409092962741852,0.437148779630661,1,-66.45851135253906,32.91289138793945,646.031494140625,0.639373242855072,0.4378167986869812,0.45113232731819153,60977405115,2073602757
5,1,1,2.24395751953125,1,2.3447113037109375,1,0.07429606467485428,0.7951309084892273,-145.68328857421875,45.46265411376953,5.905259609222412,1,-0.005411050748080015,0.8078984618186951,-173.1706085205078,43.135337829589844,5.058221340179443,1,-0.17713114619255066,31.271320343017578,643.0655517578125,0.5015930533409119,0.4409509301185608,0.437145471572876,1,-66.45707702636719,32.895408630371094,645.9723510742188,0.6393845677375793,0.43784481287002563,0.451001912355423,60977413448,2073611090
5,1,1,2.225067138671875,1,2.3426666259765625,1,0.08043341338634491,0.7863467931747437,-143.56680297851562,47.06382751464844,6.488095760345459,1,-0.016132505610585213,0.8352682590484619,-176.8679656982422,38.14632797241211,3.2423348426818848,1,-0.17836812138557434,31.280813217163086,643.0198974609375,0.5015957355499268,0.44092509150505066,0.43704769015312195,1,-66.46202087402344,32.905330657958984,645.8894653320312,0.6394146680831909,0.4378128945827484,0.45082542300224304,60977421781,2073619423
5,1,1,2.2743682861328125,1,2.3371429443359375,1,0.07451267540454865,0.7966280579566956,-145.60858154296875,45.18970489501953,5.8059539794921875,1,-0.011290698312222958,0.8081551790237427,-175.19825744628906,43.088539123535156,5.04115104675293,1,-0.18012835085391998,31.270151138305664,643.008544921875,0.5015994310379028,0.44094574451446533,0.43702152371406555,1,-66.45526885986328,32.878108978271484,645.796630859375,0.6394232511520386,0.4378564655780792,0.45061978697776794,60977430116,2073627757
5,1,1,2.268524169921875,1,2.3405914306640625,1,0.076531320810318,0.794548511505127,-144.91244506835938,45.56879806518555,5.943933486938477,1,-0.01459445245563984,0.820453941822052,-176.3375701904297,40.84668731689453,4.225226879119873,1,-0.18085069954395294,31.279647827148438,642.996826171875,0.5016009211540222,0.4409244656562805,0.43699753284454346,1,-66.46147155761719,32.895057678222656,645.8543701171875,0.6394221186637878,0.43782928586006165,0.4507482051849365,60977438449,2073636090
5,1,1,2.258331298828125,1,2.337127685546875,1,0.08442152291536331,0.8023549318313599,-142.1914825439453,44.145809173583984,5.426031112670898,1,-0.012708173133432865,0.8355823755264282,-175.6870880126953,38.08904266357422,3.221529960632324,1,-0.1802975833415985,31.307071685791016,642.8944091796875,0.5015997886657715,0.44085386395454407,0.43677911162376404,1,-66.46730041503906,32.91883850097656,645.8768310546875,0.6394286751747131,0.4377831518650055,0.450801283121109,60977446782,2073644423
5,1,1,2.2249908447265625,1,2.3307952880859375,1,0.09903096407651901,0.820656955242157,-137.1533660888672,40.80967330932617,4.21176290512085,1,-0.02279934287071228,0.8189163208007812,-179.16705322265625,41.126976013183594,4.327263832092285,1,-0.18088357150554657,31.32168197631836,642.8825073242188,0.501600980758667,0.44082188606262207,0.43675535917282104,1,-66.47465515136719,32.920494079589844,645.8759765625,0.6394440531730652,0.43777963519096375,0.450801283121109,60977455116,2073652757
5,1,1,2.2247161865234375,1,2.3247528076171875,1,0.09208226203918457,0.825050950050354,-139.5496368408203,40.00874328613281,3.9202306270599365,1,-0.022440319880843163,0.8251147270202637,-179.04324340820312,39.99711990356445,3.915952444076538,1,-0.18337222933769226,31.356754302978516,642.88232421875,0.5016061067581177,0.44074901938438416,0.436759889125824,1,-66.47714233398438,32.93739318847656,645.8509521484375,0.6394551992416382,0.437741219997406,0.45075032114982605,60977463449,2073661090
5,1,1,2.261474609375,1,2.3492279052734375,1,0.07631398737430573,0.8702728748321533,-144.98741149902344,31.765609741210938,0.9199311137199402,1,-0.00845008622854948,0.8211274743080139,-174.21865844726562,40.72393798828125,4.180537700653076,1,-0.1834208369255066,31.373687744140625,642.8367309570312,0.5016062259674072,0.4407077431678772,0.43666329979896545,1,-66.48400115966797,32.94376754760742,645.8973999023438,0.639458179473877,0.4377344250679016,0.45085301995277405,60977471782,2073669423
5,1,1,2.248504638671875,1,2.356048583984375,1,0.08493613451719284,0.8401581048965454,-142.01402282714844,37.25499725341797,2.9179294109344482,1,-0.004852990619838238,0.8479055166244507,-172.97817993164062,35.842777252197266,2.4039180278778076,1,-0.184670090675354,31.39786720275879,642.8362426757812,0.5016088485717773,0.44065743684768677,0.43666568398475647,1,-66.49459075927734,32.95579528808594,645.9422607421875,0.6394692659378052,0.43771567940711975,0.450953871011734,60977480117,2073677757
5,1,1,2.2533721923828125,1,2.3732757568359375,1,0.0794307142496109,0.8446875214576721,-143.91258239746094,36.42937469482422,2.617367744445801,1,0.01305475365370512,0.8187569379806519,-166.80262756347656,41.15602493286133,4.337820529937744,1,-0.18426090478897095,31.422931671142578,642.892822265625,0.5016078948974609,0.4406129717826843,0.43679186701774597,1,-66.48968505859375,32.96900177001953,645.8968505859375,0.6394700407981873,0.4376821219921112,0.4508567452430725,60977488450,2073686090
5,1,1,2.206756591796875,1,2.386749267578125,1,0.09504404664039612,0.8660586476325989,-138.52825927734375,32.533782958984375,1.1995846033096313,1,0.005403443239629269,0.823421061038971,-169.4412078857422,40.30585861206055,4.028317451477051,1,-0.18374770879745483,31.429183959960938,642.8814086914062,0.5016067624092102,0.4405984580516815,0.43676796555519104,1,-66.496826171875,32.97589874267578,645.89501953125,0.639485239982605,0.437667578458786,0.4508552849292755,60977496783,2073694423
5,1,1,2.2304534912109375,1,2.3453826904296875,1,0.07889027148485184,0.8333457708358765,-144.0989532470703,38.49675750732422,3.369847536087036,1,-0.020903047174215317,0.8268097043037415,-178.51312255859375,39.688148498535156,3.803529739379883,1,-0.18147005140781403,31.44327163696289,642.9725952148438,0.5016018748283386,0.44058141112327576,0.43696779012680054,1,-66.49334716796875,32.99375915527344,645.8490600585938,0.6394889950752258,0.4376242756843567,0.4507578909397125,60977505117,2073702757
5,1,1,2.2310638427734375,1,2.33758544921875,1,0.10369217395782471,0.8507375717163086,-135.5458984375,35.32655715942383,2.2160139083862305,1,-0.013878509402275085,0.8189043402671814,-176.09068298339844,41.129173278808594,4.3280029296875,1,-0.1763705015182495,31.448213577270508,643.0178833007812,0.5015912055969238,0.4405772387981415,0.4370666444301605,1,-66.50128936767578,33.008934020996094,645.98828125,0.6394718885421753,0.43761202692985535,0.45106229186058044,60977513454,2073711094
5,1,1,2.2590789794921875,1,2.39678955078125,1,0.08419602364301682,0.8049662113189697,-142.2692413330078,43.66982650756836,5.252753734588623,1,-0.001261183526366949,0.8118129372596741,-171.73953247070312,42.42182159423828,4.798442840576172,1,-0.169810950756073,31.450702667236328,643.0179443359375,0.5015774369239807,0.440572053194046,0.4370671808719635,1,-66.4918212890625,33.01869201660156,645.942626953125,0.6394631862640381,0.43758559226989746,0.45096302032470703,60977521787,2073719427
5,1,1,2.262725830078125,1,2.3677215576171875,1,0.08429516106843948,0.8144456148147583,-142.23504638671875,41.941890716552734,4.623876571655273,1,-0.012372009456157684,0.8098225593566895,-175.5711669921875,42.784645080566406,4.930484294891357,1,-0.16463449597358704,31.451492309570312,643.0181884765625,0.5015665888786316,0.4405704438686371,0.43706783652305603,1,-66.48614501953125,33.029178619384766,645.9927368164062,0.6394393444061279,0.43757081031799316,0.45107144117355347,60977530122,2073727761
5,1,1,2.2369537353515625,1,2.3230133056640625,1,0.09540768712759018,0.819949746131897,-138.40284729003906,40.9385986328125,4.258660316467285,1,-0.028500039130449295,0.8156428933143616,-181.1329803466797,41.72368240356445,4.544361591339111,1,-0.15945148468017578,31.451393127441406,642.9949951171875,0.5015558004379272,0.44056758284568787,0.437017560005188,1,-66.48640441894531,33.03562927246094,646.0260009765625,0.6394318342208862,0.43756207823753357,0.451144278049469,60977538455,2073736094
5,1,1,2.2422027587890625,1,2.3937225341796875,1,0.09089339524507523,0.817192792892456,-139.95962524414062,41.44116973876953,4.44154167175293,1,0.006601580418646336,0.8187388777732849,-169.0280303955078,41.15931701660156,4.339049816131592,1,-0.1580628752708435,31.450557708740234,642.9722900390625,0.5015528798103333,0.4405662715435028,0.43696820735931396,1,-66.4889144897461,33.04253005981445,646.0029296875,0.6394425630569458,0.4375446140766144,0.45109596848487854,60977546788,2073744427
5,1,1,2.266510009765625,1,2.376007080078125,1,0.08282271772623062,0.8144165277481079,-142.74282836914062,41.947227478027344,4.625765800476074,1,0.0017892669420689344,0.8111177682876587,-170.6875762939453,42.54855728149414,4.844550609588623,1,-0.1607542335987091,31.44843864440918,642.9949951171875,0.5015585422515869,0.44057369232177734,0.43701717257499695,1,-66.48908996582031,33.025123596191406,645.9290161132812,0.6394608020782471,0.4375704228878021,0.45093411207199097,60977555122,2073752761
5,1,1,2.23455810546875,1,2.3782196044921875,1,0.1060258075594902,0.8219119310379028,-134.74114990234375,40.580936431884766,4.128467559814453,1,-0.0037468785885721445,0.8116977214813232,-172.5967559814453,42.44281005859375,4.806140422821045,1,-0.16986706852912903,31.445343017578125,642.9949951171875,0.5015775561332703,0.4405801296234131,0.43701663613319397,1,-66.50360870361328,33.01865005493164,645.892333984375,0.6394997835159302,0.4375787377357483,0.45085713267326355,60977563455,2073761094
5,1,1,2.26898193359375,1,2.4448394775390625,1,0.08968406915664673,0.8294363617897034,-140.37667846679688,39.20935821533203,3.6292974948883057,1,0.021075963973999023,0.8180921673774719,-164.03646850585938,41.2772102355957,4.381895542144775,1,-0.18131723999977112,31.432926177978516,642.881591796875,0.5016016960144043,0.4405907094478607,0.43676891922950745,1,-66.5267562866211,33.00153350830078,645.8292236328125,0.6395630240440369,0.4376054108142853,0.4507235288619995,60977571789,2073769427
5,1,1,2.277191162109375,1,2.3751068115234375,1,0.07729010283946991,0.8614826202392578,-144.65077209472656,33.367889404296875,1.5031818151474,1,-0.0006802618154324591,0.8330665826797485,-171.53921508789062,38.54763412475586,3.3884153366088867,1,-0.20426973700523376,31.408645629882812,642.7333984375,0.5016499757766724,0.4406212568283081,0.43644410371780396,1,-66.55470275878906,32.9774284362793,645.8112182617188,0.6396254897117615,0.43765270709991455,0.450687438249588,60977580123,2073777761
5,1,1,2.238311767578125,1,2.3930816650390625,1,0.08612556755542755,0.8272656202316284,-141.6038360595703,39.60505676269531,3.773268699645996,1,0.00858217105269432,0.833977997303009,-168.34500122070312,38.38148880004883,3.3279836177825928,1,-0.22989006340503693,31.38397789001465,642.5621337890625,0.5017038583755493,0.44064953923225403,0.436069130897522,1,-66.58872985839844,32.97288513183594,645.933349609375,0.6396665573120117,0.43767887353897095,0.45095786452293396,60977588456,2073786094
5,1,1,2.3008880615234375,1,2.3480682373046875,1,0.07354404777288437,0.8465558886528015,-145.94261169433594,36.08879470825195,2.493417739868164,1,-0.008275293745100498,0.8244220614433289,-174.15838623046875,40.12339401245117,3.961958646774292,1,-0.25676077604293823,31.361724853515625,642.6309204101562,0.5017601251602173,0.44070494174957275,0.43621522188186646,1,-66.61181640625,32.94580078125,645.9063720703125,0.6397210359573364,0.43773114681243896,0.4509007930755615,60977596789,2073794427
5,1,1,2.251068115234375,1,2.3548431396484375,1,0.08380322903394699,0.8567495346069336,-142.40469360351562,34.23066711425781,1.817148208618164,1,-0.004158887546509504,0.8373081088066101,-172.7388153076172,37.77448272705078,3.1069889068603516,1,-0.2879530191421509,31.35437774658203,642.5962524414062,0.5018254518508911,0.440715491771698,0.4361390471458435,1,-66.62783813476562,32.914527893066406,645.785400390625,0.6397835612297058,0.43777918815612793,0.4506387412548065,60977605122,2073802760
5,1,1,2.2624969482421875,1,2.378814697265625,1,0.07751057296991348,0.8380454778671265,-144.5747528076172,37.64008712768555,3.058075189590454,1,-0.0037789945490658283,0.8184494972229004,-172.60781860351562,41.21208953857422,4.358180999755859,1,-0.3151528239250183,31.349639892578125,642.664794921875,0.5018823742866516,0.44073447585105896,0.436286985874176,1,-66.65422821044922,32.8989143371582,645.8155517578125,0.6398310661315918,0.4378156065940857,0.450707346200943,60977613456,2073811094
5,1,1,2.2487335205078125,1,2.3476104736328125,1,0.09776224195957184,0.842445969581604,-137.59088134765625,36.83795166015625,2.766117572784424,1,-0.01452985592186451,0.802566647529602,-176.3153076171875,44.10722351074219,5.411952972412109,1,-0.34169280529022217,31.35442352294922,642.7102661132812,0.5019378662109375,0.4407305419445038,0.436386376619339,1,-66.7003402709961,32.911354064941406,646.076416015625,0.6398636102676392,0.43782567977905273,0.451282262802124,60977621790,2073819427
5,1,1,2.2863006591796875,1,2.39385986328125,1,0.0705513134598732,0.8339093327522278,-146.97470092773438,38.39402770996094,3.3325228691101074,1,0.006241233553737402,0.8347292542457581,-169.15228271484375,38.24459457397461,3.278095006942749,1,-0.36805540323257446,31.362573623657227,642.7789306640625,0.50199294090271,0.4407227635383606,0.436536580324173,1,-66.72969055175781,32.913536071777344,646.1658325195312,0.6399028301239014,0.43783336877822876,0.45148196816444397,60977630124,2073827761
5,1,1,2.2617034912109375,1,2.3814239501953125,1,0.0758870467543602,0.8322019577026367,-145.13462829589844,38.70523452758789,3.4458186626434326,1,0.00953222718089819,0.8375052213668823,-168.01736450195312,37.738563537597656,3.0939154624938965,1,-0.3867429494857788,31.36264419555664,642.8016357421875,0.5020320415496826,0.4407255947589874,0.43658581376075745,1,-66.75088500976562,32.91017150878906,646.1954345703125,0.6399396061897278,0.4378443956375122,0.451550155878067,60977638457,2073836094
5,1,1,2.2734222412109375,1,2.3459014892578125,1,0.07516921311616898,0.8343090415000916,-145.38217163085938,38.3211555480957,3.306011199951172,1,-0.023238878697156906,0.8191167712211609,-179.31863403320312,41.0904541015625,4.313914775848389,1,-0.4005240797996521,31.356830596923828,642.82470703125,0.5020608901977539,0.4407407343387604,0.43663501739501953,1,-66.76704406738281,32.89984130859375,646.1922607421875,0.6399738788604736,0.4378652274608612,0.451545387506485,60977646793,2073844430
5,1,1,2.2985076904296875,1,2.3572540283203125,1,0.07729266583919525,0.8395469188690186,-144.64991760253906,37.36640548706055,2.958484172821045,1,-0.01946893520653248,0.8031288981437683,-178.01856994628906,44.00476837158203,5.374613285064697,1,-0.41491585969924927,31.345157623291016,642.7904052734375,0.502091109752655,0.44076037406921387,0.43655914068222046,1,-66.7862548828125,32.89142608642578,646.2347412109375,0.6400034427642822,0.4378884434700012,0.45163998007774353,60977655127,2073852764
5,1,1,2.2781524658203125,1,2.3602752685546875,1,0.07283559441566467,0.8291997909545898,-146.18695068359375,39.25248718261719,3.6449897289276123,1,-0.005070201586931944,0.8212354779243469,-173.05311584472656,40.70425796508789,4.173338413238525,1,-0.42553892731666565,31.318300247192383,642.8023681640625,0.5021133422851562,0.4408177435398102,0.4365812838077545,1,-66.79701232910156,32.87103271484375,646.2564086914062,0.6400206089019775,0.43793362379074097,0.451686292886734,60977663460,2073861097
5,1,1,2.264495849609375,1,2.3479156494140625,1,0.07561490684747696,0.8194507360458374,-145.2284698486328,41.02955627441406,4.291757106781006,1,-0.01902325265109539,0.8072710633277893,-177.86485290527344,43.24972152709961,5.099787712097168,1,-0.43740177154541016,31.30838966369629,642.8364868164062,0.502138078212738,0.440842866897583,0.43665385246276855,1,-66.81155395507812,32.86323547363281,646.3016357421875,0.64003986120224,0.43795591592788696,0.45178595185279846,60977671794,2073869430
5,1,1,2.28326416015625,1,2.374786376953125,1,0.0964597836136818,0.8124170303344727,-138.04002380371094,42.311676025390625,4.7584309577941895,1,-0.002742460696026683,0.8141286969184875,-172.2503662109375,41.99968719482422,4.6448445320129395,1,-0.45058971643447876,31.284099578857422,642.8933715820312,0.502165675163269,0.44090089201927185,0.43677395582199097,1,-66.83084106445312,32.84480285644531,646.3671875,0.640064001083374,0.43800297379493713,0.45192912220954895,60977680128,2073877764
5,1,1,2.2631378173828125,1,2.3430023193359375,1,0.07283920049667358,0.8045012354850769,-146.18569946289062,43.75458526611328,5.283642768859863,1,-0.0167730450630188,0.8210009336471558,-177.0888671875,40.747005462646484,4.188893795013428,1,-0.46061941981315613,31.26571273803711,642.938232421875,0.50218665599823,0.440945029258728,0.436868816614151,1,-66.8409423828125,32.82928466796875,646.3424072265625,0.6400909423828125,0.4380316436290741,0.4518755078315735,60977688461,2073886097
5,1,1,2.2722930908203125,1,2.3153533935546875,1,0.07615454494953156,0.8036505579948425,-145.04238891601562,43.90962600708008,5.340075969696045,1,-0.02667361870408058,0.8300804495811462,-180.50311279296875,39.091957092285156,3.5865581035614014,1,-0.4765014350414276,31.243194580078125,642.8701171875,0.502220094203949,0.4409826695919037,0.43671780824661255,1,-66.84609985351562,32.81215286254883,646.293212890625,0.6401136517524719,0.43806031346321106,0.45176804065704346,60977696794,2073894430
5,1,1,2.2789459228515625,1,2.3846282958984375,1,0.0578884482383728,0.828397274017334,-151.34152221679688,39.398765563964844,3.698190927505493,1,-0.0019816746935248375,0.8359025716781616,-171.9879913330078,38.03068161010742,3.2002601623535156,1,-0.4989670515060425,31.221776962280273,642.7902221679688,0.5022673010826111,0.4410165250301361,0.4365416169166565,1,-66.86957550048828,32.794952392578125,646.3723754882812,0.6401431560516357,0.4381067156791687,0.451941579580307,60977705128,2073902764
5,1,1,2.2642059326171875,1,2.3519134521484375,1,0.06761623919010162,0.840078592300415,-147.98684692382812,37.26947784423828,2.923168182373047,1,-0.022443033754825592,0.8522860407829285,-179.044189453125,35.04426193237305,2.1133601665496826,1,-0.5217839479446411,31.21957015991211,642.91552734375,0.5023148059844971,0.44103771448135376,0.43681323528289795,1,-66.8762435913086,32.775299072265625,646.2998046875,0.6401746869087219,0.43813735246658325,0.451783686876297,60977713462,2073911097
5,1,1,2.25689697265625,1,2.3503265380859375,1,0.06300490349531174,0.8560304641723633,-149.5771026611328,34.36176681518555,1.8648661375045776,1,-0.018728435039520264,0.8399088382720947,-177.76318359375,37.30044937133789,2.9344072341918945,1,-0.5467990636825562,31.217653274536133,643.0067138671875,0.5023669600486755,0.4410538077354431,0.437010794878006,1,-66.87973022460938,32.74468231201172,646.217041015625,0.640201985836029,0.4381893277168274,0.451601505279541,60977721795,2073919430
5,1,1,2.219024658203125,1,2.3959808349609375,1,0.08852297067642212,0.8562986850738525,-140.77706909179688,34.31285858154297,1.8470410108566284,1,0.006516388151794672,0.8584845066070557,-169.05740356445312,33.91437530517578,1.7021111249923706,1,-0.5691404342651367,31.22528839111328,643.1550903320312,0.5024133324623108,0.44105765223503113,0.43733373284339905,1,-66.90965270996094,32.72612380981445,646.28173828125,0.6402484178543091,0.4382365345954895,0.45174506306648254,60977730129,2073927764
5,1,1,2.2994842529296875,1,2.38140869140625,1,0.07775714248418808,0.8360068798065186,-144.48974609375,38.01171112060547,3.19329571723938,1,-0.0014326578238978982,0.8333046436309814,-171.79869079589844,38.5042610168457,3.3726203441619873,1,-0.5887970328330994,31.215463638305664,643.212646484375,0.5024543404579163,0.44108569622039795,0.43745726346969604,1,-66.9362564086914,32.698089599609375,646.3228759765625,0.6402936577796936,0.43830007314682007,0.4518356919288635,60977738462,2073936097
5,1,1,2.2678985595703125,1,2.3810882568359375,1,0.07330784946680069,0.8391730785369873,-146.02407836914062,37.434566497802734,2.983218193054199,1,-0.003918088972568512,0.8202576041221619,-172.65577697753906,40.88249206542969,4.238254547119141,1,-0.6095198392868042,31.226272583007812,643.2236328125,0.502497673034668,0.44106465578079224,0.437482625246048,1,-66.97142028808594,32.70818328857422,646.45703125,0.6403340101242065,0.43829745054244995,0.452134370803833,60977746795,2073944430
5,1,1,2.2749786376953125,1,2.36102294921875,1,0.07152680307626724,0.8697443008422852,-146.63829040527344,31.861936569213867,0.9550701975822449,1,-0.011764186434447765,0.846002995967865,-175.3615264892578,36.189571380615234,2.5301597118377686,1,-0.6330606937408447,31.2338924407959,643.1776123046875,0.502547025680542,0.4410426914691925,0.43738389015197754,1,-67.01144409179688,32.731056213378906,646.5904541015625,0.6403844356536865,0.43826836347579956,0.45243436098098755,60977755129,2073952763
5,1,1,2.27227783203125,1,2.3611907958984375,1,0.06079598516225815,0.8447011113166809,-150.33885192871094,36.42684555053711,2.616595506668091,1,-0.003702393267303705,0.8295765519142151,-172.58139038085938,39.18381881713867,3.619957208633423,1,-0.6675416231155396,31.229440689086914,643.13232421875,0.5026192665100098,0.4410458207130432,0.4372851848602295,1,-67.0542221069336,32.7265739440918,646.7239990234375,0.6404406428337097,0.43829578161239624,0.4527314603328705,60977763463,2073961097
5,1,0,nan,1,2.372772216796875,0,nan,nan,nan,nan,nan,1,-0.00740318838506937,0.8352406620979309,-173.85763549804688,38.1513671875,3.2441794872283936,0,nan,nan,nan,nan,nan,nan,1,-67.08592987060547,32.72877502441406,646.764404296875,0.640496551990509,0.43829667568206787,0.45282605290412903,60977771796,2073969430
5,1,1,2.2890167236328125,1,2.35650634765625,1,0.06341642886400223,0.8477248549461365,-149.4351806640625,35.87568664550781,2.415929079055786,1,-0.011300158686935902,0.8447660207748413,-175.20152282714844,36.4150505065918,2.6121842861175537,1,-0.7443045377731323,31.235252380371094,643.108642578125,0.502780020236969,0.44103044271469116,0.4372347593307495,1,-67.09986114501953,32.721923828125,646.6771240234375,0.6405465602874756,0.43829888105392456,0.45263975858688354,60977780131,2073977765
5,1,1,2.235443115234375,1,2.38311767578125,1,0.08524887263774872,0.8380579948425293,-141.90615844726562,37.63777542114258,3.057314395904541,1,-0.009480598382651806,0.826030433177948,-174.57403564453125,39.830196380615234,3.8552863597869873,1,-0.802200436592102,31.248865127563477,643.2677612304688,0.5029006004333496,0.4410232603549957,0.43758198618888855,1,-67.1234359741211,32.6990966796875,646.4033203125,0.640661895275116,0.43830859661102295,0.45205092430114746,60977788465,2073986099
5,1,1,2.2847900390625,1,2.3233184814453125,1,0.05270767584443092,0.8435369729995728,-153.12814331054688,36.639060974121094,2.693760633468628,1,-0.044126980006694794,0.8489491939544678,-186.52198791503906,35.652523040771484,2.334709405899048,1,-0.8343360424041748,31.252567291259766,643.2791748046875,0.5029678344726562,0.4410170018672943,0.4376073479652405,1,-67.1775131225586,32.72753143310547,646.697509765625,0.6407023072242737,0.43828994035720825,0.45270174741744995,60977796798,2073994432
5,1,1,2.2686614990234375,1,2.355438232421875,1,0.0498022623360157,0.8490063548088074,-154.13009643554688,35.64212417602539,2.330843210220337,1,-0.027790267020463943,0.8211422562599182,-180.88819885253906,40.72126770019531,4.1794891357421875,1,-0.8571608066558838,31.249282836914062,643.244873046875,0.5030156373977661,0.4410191774368286,0.4375326335430145,1,-67.20708465576172,32.728118896484375,646.8221435546875,0.6407333612442017,0.43830570578575134,0.45297732949256897,60977805132,2074002765
5,1,1,2.2640533447265625,1,2.3803558349609375,1,0.05515546724200249,0.8626672029495239,-152.2840118408203,33.15198516845703,1.4245541095733643,1,-0.01015366893261671,0.8388625979423523,-174.80613708496094,37.491127014160156,3.0038564205169678,1,-0.863417387008667,31.25105857849121,643.2215576171875,0.5030288100242615,0.4410124123096466,0.43748220801353455,1,-67.21945190429688,32.745033264160156,646.9012451171875,0.6407396197319031,0.4382815659046173,0.45315325260162354,60977813457,2074011090
5,1,1,2.2547454833984375,1,2.406829833984375,1,0.052298180758953094,0.8429161906242371,-153.26934814453125,36.752227783203125,2.7349507808685303,1,-0.0027568391524255276,0.8344839215278625,-172.2553253173828,38.28927993774414,3.2944180965423584,1,-0.8719801902770996,31.244836807250977,643.1995849609375,0.5030468106269836,0.44102242588996887,0.437433660030365,1,-67.23751068115234,32.743202209472656,647.0534057617188,0.6407400965690613,0.43830606341362,0.45348525047302246,60977821791,2074019424
5,1,1,2.280303955078125,1,2.3470611572265625,1,0.03617938607931137,0.8294649720191956,-158.82798767089844,39.204158782958984,3.6273982524871826,1,-0.035487428307533264,0.8424941301345825,-183.5426025390625,36.829166412353516,2.7629427909851074,1,-0.8811694979667664,31.24493980407715,643.1648559570312,0.5030661821365356,0.4410175383090973,0.43735843896865845,1,-67.25799560546875,32.75841522216797,647.2034301757812,0.6407459378242493,0.4382950961589813,0.45381563901901245,60977830132,2074027765
5,1,1,2.2535858154296875,1,2.3690338134765625,1,0.05099751427769661,0.8471724987030029,-153.7178955078125,35.97637176513672,2.45257830619812,1,-0.023801658302545547,0.8409493565559387,-179.51271057128906,37.11075973510742,2.865469455718994,1,-0.8854464888572693,31.24290657043457,643.130615234375,0.5030752420425415,0.44101718068122864,0.43728384375572205,1,-67.26416778564453,32.75321578979492,647.20263671875,0.6407589316368103,0.43830573558807373,0.45381468534469604,60977838466,2074036099
5,1,1,2.2597808837890625,1,2.3787994384765625,1,0.03489907830953598,0.8360369801521301,-159.26951599121094,38.006168365478516,3.1913766860961914,1,-0.01590915583074093,0.829691469669342,-176.7909393310547,39.16285705566406,3.6123242378234863,1,-0.8899195790290833,31.245338439941406,643.1419067382812,0.5030845999717712,0.4410136044025421,0.437308669090271,1,-67.43060302734375,32.99894332885742,650.7587890625,0.6402422785758972,0.4382838308811188,0.46156033873558044,60977846800,2074044432
5,1,1,2.2729034423828125,1,2.364166259765625,1,0.027689946815371513,0.824643075466156,-161.75559997558594,40.083072662353516,3.9473159313201904,1,-0.016321612522006035,0.8552173376083374,-176.93319702148438,34.50999069213867,1.9187918901443481,1,-0.8866227865219116,31.243515014648438,643.1304321289062,0.5030776858329773,0.44101589918136597,0.43728360533714294,1,-67.26717376708984,32.75364685058594,647.1663208007812,0.6407739520072937,0.43829986453056335,0.45373693108558655,60977855133,2074052765
5,1,1,2.243133544921875,1,2.373046875,1,0.051441919058561325,0.8612538576126099,-153.56463623046875,33.40961837768555,1.518291711807251,1,-0.03600126504898071,0.8251076936721802,-183.7198028564453,39.99840545654297,3.916454553604126,1,-0.885459303855896,31.232208251953125,643.0850830078125,0.5030754804611206,0.4410333037376404,0.43718355894088745,1,-67.24003601074219,32.69574737548828,646.685791015625,0.6408347487449646,0.43835389614105225,0.45268580317497253,60977863467,2074061099
5,1,1,2.273193359375,1,2.3533782958984375,1,0.03881454840302467,0.8435378670692444,-157.91925048828125,36.638916015625,2.693718194961548,1,-0.01778409816324711,0.8381978869438171,-177.43753051757812,37.612281799316406,3.047985076904297,1,-0.8817548751831055,31.234315872192383,643.0619506835938,0.5030677318572998,0.44102588295936584,0.43713366985321045,1,-67.26072692871094,32.72968292236328,647.108154296875,0.6407748460769653,0.4383414387702942,0.45360663533210754,60977871792,2074069424
5,1,1,2.2830657958984375,1,2.387451171875,1,0.05230288580060005,0.860150933265686,-153.26773071289062,33.610652923583984,1.5915013551712036,1,-0.015041698701679707,0.8250860571861267,-176.4918212890625,40.00236129760742,3.9179039001464844,1,-0.8780616521835327,31.232524871826172,643.0849609375,0.503059983253479,0.4410327076911926,0.4371834099292755,1,-67.25484466552734,32.719478607177734,647.0621948242188,0.6407738924026489,0.4383562505245209,0.453504741191864,60977880125,2074077757
5,1,1,2.28466796875,1,2.3195343017578125,1,0.03292577713727951,0.8680614829063416,-159.9499969482422,32.168724060058594,1.0666321516036987,1,-0.032647427171468735,0.8318284153938293,-182.56320190429688,38.77333450317383,3.4705803394317627,1,-0.875581681728363,31.21783447265625,643.0399169921875,0.5030549764633179,0.4410572052001953,0.4370836317539215,1,-67.2232437133789,32.660221099853516,646.5704956054688,0.6408281326293945,0.4384115934371948,0.45242828130722046,60977888467,2074086099
5,1,1,2.2905120849609375,1,2.3893890380859375,1,0.04434915632009506,0.8724114298820496,-156.01060485839844,31.37578773498535,0.7780803442001343,1,-0.025159554556012154,0.8286453485488892,-179.98098754882812,39.35355758666992,3.6817426681518555,1,-0.869391918182373,31.214523315429688,643.0172119140625,0.5030421018600464,0.4410610795021057,0.43703389167785645,1,-67.21244812011719,32.65656280517578,646.5267333984375,0.6408165097236633,0.43841323256492615,0.45233088731765747,60977896793,2074094424
5,1,1,2.26824951171875,1,2.38580322265625,1,0.04199402779340744,0.8672673106193542,-156.82278442382812,32.31344223022461,1.1194283962249756,1,-0.024688681587576866,0.8389137387275696,-179.818603515625,37.481807708740234,3.000488042831421,1,-0.863784670829773,31.20394515991211,642.98291015625,0.5030305981636047,0.44107845425605774,0.436957985162735,1,-67.2044677734375,32.64000701904297,646.4934692382812,0.64080810546875,0.4384429156780243,0.452254980802536,60977905129,2074102760
5,1,1,2.2692108154296875,1,2.4435272216796875,1,0.05519741401076317,0.8893364071846008,-152.26954650878906,28.290658950805664,-0.3448209762573242,1,-0.011282525025308132,0.8163366913795471,-175.19544982910156,41.597198486328125,4.498388767242432,1,-0.8551541566848755,31.212818145751953,643.0513305664062,0.5030121803283691,0.44106918573379517,0.43710750341415405,1,-67.1844253540039,32.64365768432617,646.4140014648438,0.6407858729362488,0.43842455744743347,0.45207956433296204,60977913462,2074111093
5,1,1,2.2795257568359375,1,2.3763580322265625,1,0.04689531773328781,0.8723185658454895,-155.13255310058594,31.3927001953125,0.784276008605957,1,-0.019241785630583763,0.8169025778770447,-177.9402313232422,41.494049072265625,4.460834980010986,1,-0.8428739309310913,31.214763641357422,643.0745849609375,0.5029863715171814,0.44106823205947876,0.43715834617614746,1,-67.17396545410156,32.646873474121094,646.45361328125,0.6407546401023865,0.4384233355522156,0.4521631598472595,60977921796,2074119427
5,1,1,2.275726318359375,1,2.3782196044921875,1,0.06152867525815964,0.8668286204338074,-150.08616638183594,32.393394470214844,1.1485295295715332,1,-0.018368225544691086,0.833243727684021,-177.63897705078125,38.515342712402344,3.376715660095215,1,-0.8298410773277283,31.222293853759766,643.1315307617188,0.5029589533805847,0.44106021523475647,0.4372828006744385,1,-67.15646362304688,32.651878356933594,646.4207763671875,0.6407262682914734,0.4384085237979889,0.4520891308784485,60977930129,2074127760
5,1,1,2.261993408203125,1,2.3754730224609375,1,0.06585019081830978,0.8599545955657959,-148.59588623046875,33.64645004272461,1.6044974327087402,1,-0.03652290999889374,0.8179989457130432,-183.89968872070312,41.29421615600586,4.388091087341309,1,-0.8149672746658325,31.240129470825195,643.1990966796875,0.5029275417327881,0.4410322308540344,0.43743181228637695,1,-67.13516235351562,32.680992126464844,646.4363403320312,0.6406782865524292,0.43835049867630005,0.45212215185165405,60977938463,2074136093
5,1,1,2.2242584228515625,1,2.3886260986328125,1,0.07773216813802719,0.8512163758277893,-144.4983367919922,35.23926544189453,2.1842689514160156,1,-0.015131923370063305,0.8406939506530762,-176.52291870117188,37.157310485839844,2.882370710372925,1,-0.8053686618804932,31.245447158813477,643.2337036132812,0.502907395362854,0.44102582335472107,0.437507688999176,1,-67.29570007324219,32.964019775390625,650.3662109375,0.6400592923164368,0.4383024573326111,0.460678368806839,60977946797,2074144427
5,1,1,2.268707275390625,1,2.3206939697265625,1,0.05597231164574623,0.8431693315505981,-152.0023193359375,36.70610427856445,2.718158006668091,1,-0.022923704236745834,0.8452942371368408,-179.20994567871094,36.31875991821289,2.577177047729492,1,-0.7942350506782532,31.24275016784668,643.1310424804688,0.5028843879699707,0.441017746925354,0.43728452920913696,1,-67.12971496582031,32.6595344543457,645.2745361328125,0.6409497857093811,0.43823590874671936,0.4496108293533325,60977955130,2074152760
5,1,1,2.2492218017578125,1,2.3463592529296875,1,0.07749460637569427,0.8554183840751648,-144.5802459716797,34.47328567504883,1.905542016029358,1,-0.04430202394723892,0.8482804894447327,-186.5823516845703,35.7744140625,2.379070281982422,1,-0.7777724266052246,31.238201141357422,643.0624389648438,0.5028501749038696,0.44101810455322266,0.4371349811553955,1,-67.25493621826172,33.0042839050293,650.3360595703125,0.6399825215339661,0.4382156729698181,0.460610032081604,60977963463,2074161093
5,1,1,2.28790283203125,1,2.3714141845703125,1,0.052023690193891525,0.8287757039070129,-153.36402893066406,39.329769134521484,3.673182487487793,1,-0.02626165933907032,0.8446608781814575,-180.36105346679688,36.434200286865234,2.6191887855529785,1,-0.7542747259140015,31.241329193115234,643.06298828125,0.5028010010719299,0.4410116970539093,0.43713656067848206,1,-67.10859680175781,32.8139762878418,647.3875122070312,0.6403921246528625,0.4382058382034302,0.45418781042099,60977971797,2074169427
5,1,1,2.302001953125,1,2.416351318359375,1,0.04903051629662514,0.8309347629547119,-154.39622497558594,38.93626403808594,3.5298283100128174,1,-0.02590394951403141,0.8356425166130066,-180.2377166748047,38.07810974121094,3.2175023555755615,1,-0.7706093788146973,31.24947738647461,643.0859375,0.5028350949287415,0.440997838973999,0.437187522649765,1,-67.15840148925781,32.94924545288086,648.7374267578125,0.6401683688163757,0.43811121582984924,0.45713114738464355,60977980139,2074177768
5,1,1,2.3079833984375,1,2.374481201171875,1,0.04148678481578827,0.8043318390846252,-156.99771118164062,43.78547286987305,5.294847011566162,1,-0.0660298615694046,0.7759490013122559,-194.07528686523438,48.95916748046875,7.17788553237915,1,-0.8097544312477112,31.25945472717285,643.26806640625,0.5029163956642151,0.4410012662410736,0.43758413195610046,1,-67.10089111328125,32.87644958496094,647.63720703125,0.6403155326843262,0.4381110370159149,0.45473381876945496,60977988473,2074186102
5,1,1,2.2942352294921875,1,2.3538970947265625,1,0.041102081537246704,0.7707052230834961,-157.13038635253906,49.9150276184082,7.525758266448975,1,-0.04481418803334236,0.7381744980812073,-186.7589874267578,55.844764709472656,9.68411636352539,1,-0.7991121411323547,31.27050018310547,643.2344970703125,0.5028941631317139,0.4409739077091217,0.4375128746032715,1,-67.12870788574219,32.92646026611328,648.03564453125,0.6402765512466431,0.4380623400211334,0.4556068778038025,60977996806,2074194435
5,1,1,2.2698822021484375,1,2.3470611572265625,1,0.04379910230636597,0.7858047485351562,-156.20028686523438,47.16264343261719,6.523993015289307,1,-0.05320091173052788,0.7282907962799072,-189.6511688232422,57.646419525146484,10.3397798538208,1,-0.7529994249343872,31.280336380004883,643.25732421875,0.5027976036071777,0.44095662236213684,0.4375636875629425,1,-67.07394409179688,32.92163848876953,647.8345947265625,0.6402119994163513,0.43804484605789185,0.4551602602005005,60978005139,2074202768
5,1,1,2.2711029052734375,1,2.341827392578125,1,0.03929957002401352,0.7940925359725952,-157.75196838378906,45.651912689208984,5.974143981933594,1,-0.04673745483160019,0.7431569695472717,-187.42222595214844,54.936588287353516,9.35345458984375,1,-0.7117817401885986,31.268112182617188,643.3260498046875,0.5027112364768982,0.44099125266075134,0.4377109706401825,1,-67.08972930908203,32.985164642333984,649.0186157226562,0.639958918094635,0.4380757808685303,0.45772784948349,60978013473,2074211102
5,1,1,2.2806854248046875,1,2.362945556640625,1,0.027273744344711304,0.8094077706336975,-161.89913940429688,42.86022186279297,4.958059787750244,1,-0.04379609227180481,0.7541560530662537,-186.4078826904297,52.93162155151367,8.623783111572266,1,-0.6726829409599304,31.259897232055664,643.3603515625,0.5026293992996216,0.4410129487514496,0.4377840757369995,1,-67.00595092773438,32.90082550048828,647.7192993164062,0.6400994658470154,0.43807217478752136,0.45489344000816345,60978021806,2074219435
5,1,1,2.2891387939453125,1,2.345458984375,1,0.03338700532913208,0.8277894258499146,-159.79095458984375,39.509544372558594,3.7386085987091064,1,-0.05879999324679375,0.758844792842865,-191.58206176757812,52.076961517333984,8.312668800354004,1,-0.6397442817687988,31.257240295410156,643.3942260742188,0.5025603771209717,0.441023051738739,0.43785718083381653,1,-66.95281219482422,32.861473083496094,647.23046875,0.6401076912879944,0.438086599111557,0.45382121205329895,60978030140,2074227768
5,1,1,2.2757720947265625,1,2.3566741943359375,1,0.0467984601855278,0.828698992729187,-155.16595458984375,39.34375762939453,3.6782338619232178,1,-0.05836563929915428,0.763829231262207,-191.4322509765625,51.16838073730469,7.9820051193237305,1,-0.6150299906730652,31.258501052856445,643.3947143554688,0.5025086402893066,0.44102051854133606,0.43785837292671204,1,-66.94236755371094,32.909881591796875,647.8634643554688,0.639933168888092,0.4380733370780945,0.45519185066223145,60978038477,2074236105
5,1,1,2.2710418701171875,1,2.3566131591796875,1,0.04222530871629715,0.7929859161376953,-156.74302673339844,45.85365295410156,6.04757022857666,1,-0.06357604265213013,0.7688204646110535,-193.2290802001953,50.258541107177734,7.650867462158203,1,-0.5959526896476746,31.2585391998291,643.3831787109375,0.5024688243865967,0.4410189390182495,0.437833309173584,1,-66.98777770996094,33.016822814941406,649.4297485351562,0.6396498680114746,0.43806692957878113,0.45859721302986145,60978046810,2074244438
5,1,1,2.2828216552734375,1,2.4017486572265625,1,0.05246631056070328,0.8232892155647278,-153.2113800048828,40.32988739013672,4.037131309509277,1,-0.03192144259810448,0.7570525407791138,-182.31285095214844,52.403648376464844,8.431540489196777,1,-0.5769780874252319,31.266557693481445,643.486572265625,0.5024288296699524,0.4410161077976227,0.43805861473083496,1,-66.98937225341797,33.04839324951172,649.644287109375,0.6396015882492065,0.43803122639656067,0.45906490087509155,60978055143,2074252771
5,1,1,2.2862701416015625,1,2.385467529296875,1,0.04760685935616493,0.7939002513885498,-154.8871612548828,45.68696212768555,5.986880302429199,1,-0.03747263178229332,0.7626689076423645,-184.22720336914062,51.37990188598633,8.058920860290527,1,-0.5432239770889282,31.277053833007812,643.5777587890625,0.502358078956604,0.44100654125213623,0.4382579028606415,1,-66.95452880859375,33.068885803222656,649.5919799804688,0.639542281627655,0.4379820227622986,0.4589473605155945,60978063477,2074261105
5,1,1,2.2783660888671875,1,2.3459320068359375,1,0.044594377279281616,0.7909740805625916,-155.92605590820312,46.220359802246094,6.18103551864624,1,-0.048529915511608124,0.7838099598884583,-188.04037475585938,47.5262336730957,6.656367301940918,1,-0.5033174753189087,31.299922943115234,643.6923828125,0.5022742748260498,0.4409744441509247,0.43850961327552795,1,-66.90592193603516,33.08680725097656,649.3132934570312,0.639508843421936,0.4379071295261383,0.45833781361579895,60978071811,2074269438
5,1,1,2.2805328369140625,1,2.3958740234375,1,0.03565031662583351,0.7873066067695618,-159.0104522705078,46.88887405395508,6.424321174621582,1,-0.03492609038949013,0.7707396149635315,-183.34902954101562,49.90874099731445,7.523495197296143,1,-0.47112739086151123,31.31844711303711,643.7730712890625,0.5022068619728088,0.4409467875957489,0.438687264919281,1,-66.76930236816406,32.9843864440918,647.17041015625,0.6397421360015869,0.43782493472099304,0.4536687433719635,60978080144,2074277771
5,1,1,2.275360107421875,1,2.3675384521484375,1,0.04506491869688034,0.771016001701355,-155.76377868652344,49.85835266113281,7.505181789398193,1,-0.041502296924591064,0.7746272087097168,-185.6168670654297,49.200111389160156,7.265615463256836,1,-0.4503132104873657,31.329612731933594,643.8307495117188,0.5021632313728333,0.4409313499927521,0.43881383538246155,1,-66.7683334350586,33.03616714477539,647.5501098632812,0.6396484375,0.43777015805244446,0.454495370388031,60978088478,2074286105
5,1,1,2.3003387451171875,1,2.34405517578125,1,0.04666304215788841,0.7642465233802795,-155.21266174316406,51.0922966003418,7.954352855682373,1,-0.04856228455901146,0.7787793874740601,-188.05152893066406,48.4432373046875,6.9901018142700195,1,-0.43380114436149597,31.350357055664062,643.8197631835938,0.5021286010742188,0.44088685512542725,0.438792884349823,1,-66.7320556640625,33.05821990966797,647.5101318359375,0.6395830512046814,0.4377191960811615,0.45440420508384705,60978096811,2074294438
5,1,1,2.268890380859375,1,2.4067230224609375,1,0.05272690951824188,0.7976264357566833,-153.12152099609375,45.007781982421875,5.739699840545654,1,-0.031142979860305786,0.772269070148468,-182.0443878173828,49.62996292114258,7.42198371887207,1,-0.41956502199172974,31.363967895507812,643.8308715820312,0.5020988583564758,0.44086018204689026,0.43881890177726746,1,-66.82532501220703,33.230308532714844,650.0865478515625,0.6391572952270508,0.43771788477897644,0.46000936627388,60978105144,2074302771
5,1,1,2.2999420166015625,1,2.399566650390625,1,0.0477004237473011,0.7965463995933533,-154.85491943359375,45.204620361328125,5.8113694190979,1,-0.04498940333724022,0.7721693515777588,-186.81939697265625,49.648101806640625,7.4287028312683105,1,-0.40848618745803833,31.355127334594727,643.8312377929688,0.502075731754303,0.44087857007980347,0.43881848454475403,1,-66.80369567871094,33.221885681152344,649.9956665039062,0.6391345262527466,0.4377228021621704,0.45980727672576904,60978113479,2074311105
5,1,1,2.3079833984375,1,2.3700103759765625,1,0.04614560678601265,0.7868924140930176,-155.39108276367188,46.964351654052734,6.451887607574463,1,-0.04525971785187721,0.7918459177017212,-186.91262817382812,46.061458587646484,6.123147964477539,1,-0.3997322618961334,31.35003662109375,643.899658203125,0.5020573139190674,0.44089826941490173,0.43896618485450745,1,-66.80012512207031,33.22161865234375,650.05615234375,0.6391127705574036,0.43773165345191956,0.4599369168281555,60978121812,2074319438
5,1,1,2.3019561767578125,1,2.43243408203125,1,0.04741103947162628,0.7827250957489014,-154.9547119140625,47.724002838134766,6.728384017944336,1,-0.02136031910777092,0.7860950231552124,-178.67080688476562,47.10972213745117,6.504748821258545,1,-0.39221349358558655,31.310546875,643.8536376953125,0.5020418167114258,0.44097405672073364,0.43886080384254456,1,-66.8042984008789,33.18354034423828,650.1140747070312,0.6391075849533081,0.43781784176826477,0.46005740761756897,60978130145,2074327771
5,1,1,2.27960205078125,1,2.3828277587890625,1,0.05202373489737511,0.7883517146110535,-153.36399841308594,46.69837188720703,6.35507869720459,1,-0.01971096731722355,0.777521014213562,-178.10202026367188,48.67259216308594,7.0736308097839355,1,-0.3866767883300781,31.2992000579834,643.8417358398438,0.5020301938056946,0.440995991230011,0.4388333559036255,1,-66.68797302246094,33.03034973144531,647.7084350585938,0.6394443511962891,0.43780407309532166,0.454818457365036,60978138479,2074336105
5,1,1,2.2795257568359375,1,2.361480712890625,1,0.05696137994527817,0.7955501079559326,-151.66122436523438,45.38621520996094,5.87745475769043,1,-0.05696640908718109,0.7738853096961975,-190.94972229003906,49.33530807495117,7.314837455749512,1,-0.3807871341705322,31.29088020324707,643.86474609375,0.5020179152488708,0.4410163462162018,0.43888217210769653,1,-66.68731689453125,33.006900787353516,647.8504638671875,0.6394089460372925,0.43787193298339844,0.45512136816978455,60978146812,2074344438
5,1,1,2.265869140625,1,2.3829803466796875,1,0.05810556933283806,0.8244067430496216,-151.26666259765625,40.126182556152344,3.9629995822906494,1,-0.03970316797494888,0.7508452534675598,-184.9964141845703,53.535133361816406,8.843441009521484,1,-0.37720370292663574,31.28566551208496,643.8877563476562,0.5020103454589844,0.44103020429611206,0.438931405544281,1,-66.68643188476562,32.982521057128906,647.9332275390625,0.6393873691558838,0.43793362379074097,0.4552963972091675,60978155146,2074352771
5,1,0,nan,1,2.387481689453125,0,nan,nan,nan,nan,nan,1,-0.03445667773485184,0.7684078812599182,-183.18716430664062,50.33377456665039,7.678195953369141,0,nan,nan,nan,nan,nan,nan,1,-66.80455017089844,33.12108612060547,650.8468017578125,0.6389337778091431,0.4380461871623993,0.461629718542099,60978163480,2074361105
5,1,1,2.2665557861328125,1,2.470733642578125,1,0.05019275099039078,0.8354293704032898,-153.9954376220703,38.11697006225586,3.2316746711730957,1,-0.002041187835857272,0.7562862038612366,-172.00851440429688,52.54331970214844,8.48245906829834,1,-0.3599780797958374,31.277406692504883,644.14013671875,0.5019739866256714,0.4410809278488159,0.43947768211364746,1,-66.79386901855469,33.10570526123047,650.9080810546875,0.6388972997665405,0.4380860924720764,0.46175748109817505,60978171815,2074369440
5,1,1,2.28521728515625,1,2.4199676513671875,1,0.051022954285144806,0.8241202235221863,-153.70912170410156,40.17840576171875,3.982003927230835,1,-0.014812324196100235,0.7738617658615112,-176.41270446777344,49.339637756347656,7.316350936889648,1,-0.35463374853134155,31.28451156616211,644.197509765625,0.5019627213478088,0.44107383489608765,0.43960317969322205,1,-66.78927612304688,33.1181755065918,650.9921264648438,0.6388677954673767,0.43807199597358704,0.46193966269493103,60978180148,2074377773
5,1,1,2.3086090087890625,1,2.3943328857421875,1,0.0492204986512661,0.8203622102737427,-154.33070373535156,40.863426208496094,4.2312822341918945,1,-0.030824124813079834,0.7607654929161072,-181.9344482421875,51.72683334350586,8.18528938293457,1,-0.34849536418914795,31.28706932067871,644.266845703125,0.5019497275352478,0.4410777688026428,0.439753919839859,1,-66.63877868652344,32.94244384765625,647.9541015625,0.639284074306488,0.4380192160606384,0.455325186252594,60978188482,2074386107
5,1,1,2.2724456787109375,1,2.4027099609375,1,0.04301566258072853,0.8356687426567078,-156.470458984375,38.07331848144531,3.2157726287841797,1,-0.01814575493335724,0.7827198505401611,-177.562255859375,47.72494888305664,6.7286763191223145,1,-0.3423558473587036,31.289688110351562,644.3125610351562,0.5019368529319763,0.44107842445373535,0.4398534297943115,1,-66.65441131591797,32.969722747802734,648.5216064453125,0.6391803026199341,0.4380405843257904,0.4565573036670685,60978196816,2074394440
5,1,1,2.272186279296875,1,2.383270263671875,1,0.05202149972319603,0.8189389109611511,-153.36477661132812,41.12287521362305,4.325741291046143,1,-0.032754071056842804,0.7676072120666504,-182.59999084472656,50.479736328125,7.731295585632324,1,-0.3350209593772888,31.300582885742188,644.3588256835938,0.5019214749336243,0.44106200337409973,0.43995532393455505,1,-66.64517211914062,32.977577209472656,648.53369140625,0.6391582489013672,0.4380260407924652,0.45658251643180847,60978205149,2074402773
5,1,1,2.3022613525390625,1,2.4229278564453125,1,0.04421680420637131,0.8138214945793152,-156.05625915527344,42.05565643310547,4.665281295776367,1,-0.019250571727752686,0.755474865436554,-177.94325256347656,52.69121170043945,8.536277770996094,1,-0.32756632566452026,31.30535125732422,644.404296875,0.5019058585166931,0.44105812907218933,0.44005459547042847,1,-66.67265319824219,33.01689910888672,649.34130859375,0.6390216946601868,0.4380553364753723,0.4583370089530945,60978213482,2074411106
5,1,1,2.300567626953125,1,2.4367218017578125,1,0.04798368737101555,0.8205915093421936,-154.75723266601562,40.82164001464844,4.2160515785217285,1,-0.01314093079417944,0.7848591208457947,-175.8363037109375,47.334991455078125,6.586760520935059,1,-0.32084351778030396,31.318159103393555,644.507080078125,0.5018916130065918,0.4410453140735626,0.44027936458587646,1,-66.60591125488281,32.96076202392578,648.0440673828125,0.6391944885253906,0.43799376487731934,0.4555147886276245,60978221816,2074419440
5,1,1,2.3151397705078125,1,2.467620849609375,1,0.05282190442085266,0.832736074924469,-153.0887451171875,38.60786437988281,3.4104020595550537,1,-0.008778967894613743,0.7651103734970093,-174.33206176757812,50.934844970703125,7.8970046043396,1,-0.31378495693206787,31.319904327392578,644.587890625,0.5018767714500427,0.44105246663093567,0.44045490026474,1,-66.73926544189453,33.131099700927734,651.1927490234375,0.6387173533439636,0.4380728602409363,0.46236348152160645,60978230149,2074427773
5,1,1,2.279083251953125,1,2.426605224609375,1,0.0480378083884716,0.8330327868461609,-154.7385711669922,38.55381393432617,3.3906450271606445,1,-0.0194126944988966,0.7730281949043274,-177.99917602539062,49.49156951904297,7.371670722961426,1,-0.30854707956314087,31.31666374206543,644.6101684570312,0.501865804195404,0.44106215238571167,0.440502792596817,1,-66.73250579833984,33.130149841308594,651.2063598632812,0.6387002468109131,0.4380766749382019,0.462391197681427,60978238483,2074436107
5,1,1,2.304718017578125,1,2.3582000732421875,1,0.046032339334487915,0.8235389590263367,-155.43016052246094,40.284358978271484,4.020558834075928,1,-0.05856509879231453,0.7724247574806213,-191.5010528564453,49.60158920288086,7.411685466766357,1,-0.3021335005760193,31.314167022705078,644.65625,0.5018523335456848,0.4410734474658966,0.44060245156288147,1,-66.71856689453125,33.123268127441406,651.149658203125,0.6386851072311401,0.43808311223983765,0.46226489543914795,60978246817,2074444440
5,1,1,2.2901611328125,1,2.387847900390625,1,0.0398692823946476,0.8221997618675232,-157.55551147460938,40.52845764160156,4.109400272369385,1,-0.042155589908361435,0.7629950046539307,-185.84214782714844,51.320430755615234,8.037354469299316,1,-0.29748284816741943,31.291919708251953,644.6685791015625,0.5018426775932312,0.4411211311817169,0.4406260550022125,1,-66.70835876464844,33.10725784301758,651.0924072265625,0.6386777758598328,0.4381082355976105,0.462136834859848,60978255150,2074452773
5,1,1,2.306427001953125,1,2.4502716064453125,1,0.04494499787688255,0.8162115216255188,-155.8051300048828,41.62002182006836,4.506666660308838,1,-0.02342253364622593,0.7845101356506348,-179.38198852539062,47.398624420166016,6.609913349151611,1,-0.2886348068714142,31.275569915771484,644.71484375,0.5018242001533508,0.441161185503006,0.44072425365448,1,-66.69076538085938,33.097450256347656,650.9892578125,0.6386662125587463,0.43811434507369995,0.46190887689590454,60978263483,2074461106
5,1,1,2.29315185546875,1,2.37042236328125,1,0.04061577469110489,0.7862858772277832,-157.298095703125,47.0749397277832,6.492051124572754,1,-0.0482594296336174,0.77146977186203,-187.94708251953125,49.775630950927734,7.4750895500183105,1,-0.27735382318496704,31.24154281616211,644.73779296875,0.5018006563186646,0.4412347376346588,0.440769225358963,1,-66.67863464355469,33.08396530151367,651.0032348632812,0.6386379599571228,0.4381439685821533,0.46193450689315796,60978271817,2074469440
5,1,1,2.3053436279296875,1,2.427032470703125,1,0.062034670263528824,0.8039761781692505,-149.91168212890625,43.85031509399414,5.318411350250244,1,-0.03475954756140709,0.8009981513023376,-183.29159545898438,44.39315414428711,5.515984535217285,1,-0.26813754439353943,31.191761016845703,644.8189086914062,0.5017814636230469,0.4413485527038574,0.440938264131546,1,-66.62869262695312,33.059513092041016,650.6174926757812,0.6386269927024841,0.43814176321029663,0.46108755469322205,60978280150,2074477773
5,1,1,2.3146209716796875,1,2.4129791259765625,1,0.050709567964076996,0.8263211250305176,-153.81719970703125,39.77722930908203,3.835948944091797,1,-0.03439227119088173,0.8239603638648987,-183.16494750976562,40.20754623413086,3.992602825164795,1,-0.24682554602622986,31.149749755859375,644.8072509765625,0.5017370581626892,0.4414340853691101,0.4409070909023285,1,-66.59539794921875,33.00912094116211,650.0288696289062,0.6386986970901489,0.43816524744033813,0.4598027765750885,60978288484,2074486106
5,1,1,2.3125152587890625,1,2.4135284423828125,1,0.061096180230379105,0.8482727408409119,-150.23533630371094,35.77582931518555,2.3795785903930664,1,-0.021853145211935043,0.8423948287963867,-178.84075927734375,36.84727096557617,2.769557237625122,1,-0.21773169934749603,31.13035774230957,644.647216796875,0.501676619052887,0.4414531886577606,0.44055721163749695,1,-66.54483032226562,32.83207702636719,647.3031005859375,0.6392465829849243,0.4381580650806427,0.45388394594192505,60978296821,2074494443
5,1,1,2.305755615234375,1,2.46844482421875,1,0.036023907363414764,0.8232666850090027,-158.88160705566406,40.334007263183594,4.038560390472412,1,-0.007808317895978689,0.8303228616714478,-173.99732971191406,39.047767639160156,3.5704448223114014,1,-0.1765364557504654,31.119258880615234,644.56591796875,0.5015907287597656,0.44146549701690674,0.44037926197052,1,-66.53971862792969,32.840057373046875,647.494873046875,0.6391900181770325,0.4381678104400635,0.454297810792923,60978305154,2074502776
5,1,1,2.3082427978515625,1,2.4069366455078125,1,0.040833987295627594,0.8329645991325378,-157.2228240966797,38.56624221801758,3.3951847553253174,1,-0.04282014071941376,0.8097729682922363,-186.07130432128906,42.79364013671875,4.9338483810424805,1,-0.14122511446475983,31.12084197998047,644.6348876953125,0.5015169382095337,0.4414713978767395,0.44052907824516296,1,-66.48197937011719,32.94646072387695,649.2603759765625,0.638648271560669,0.43818965554237366,0.458110511302948,60978313487,2074511109
5,1,1,2.27435302734375,1,2.446258544921875,1,0.0674431100487709,0.8560114502906799,-148.04656982421875,34.36521530151367,1.866121530532837,1,-0.026018064469099045,0.814889132976532,-180.2770538330078,41.86106491088867,4.5944085121154785,1,-0.10735688358545303,31.12183380126953,644.7384033203125,0.5014462471008301,0.4414830803871155,0.44075384736061096,1,-66.4483642578125,32.81007766723633,647.159423828125,0.639081597328186,0.43818405270576477,0.45354947447776794,60978321821,2074519443
5,1,1,2.2882537841796875,1,2.437713623046875,1,0.06359905749559402,0.8602410554885864,-149.3721923828125,33.594242095947266,1.5854997634887695,1,-0.033244211226701736,0.8168526291847229,-182.76902770996094,41.503177642822266,4.46406364440918,1,-0.07144710421562195,31.138198852539062,644.9564819335938,0.5013710856437683,0.44147804379463196,0.44122910499572754,1,-66.40103149414062,32.813682556152344,647.0054931640625,0.639020562171936,0.4381556212902069,0.453207403421402,60978330155,2074527776
5,1,1,2.3053741455078125,1,2.43206787109375,1,0.053780198097229004,0.8450078368186951,-152.7582550048828,36.370948791503906,2.59623122215271,1,-0.03171195462346077,0.8309999704360962,-182.24061584472656,38.92436218261719,3.525498867034912,1,-0.04041053727269173,31.127513885498047,644.8646240234375,0.501306414604187,0.441488116979599,0.441028356552124,1,-66.37240600585938,32.82741928100586,647.12841796875,0.6389318108558655,0.43814414739608765,0.453468382358551,60978338488,2074536109
5,1,1,2.3257904052734375,1,2.477874755859375,1,0.04348735511302948,0.8582269549369812,-156.3078155517578,33.96135711669922,1.7191115617752075,1,-0.0019808770157396793,0.8251982927322388,-171.9877166748047,39.981895446777344,3.910421133041382,1,-0.0019177291542291641,31.11163330078125,644.7155151367188,0.5012261867523193,0.4415014088153839,0.44070276618003845,1,-66.35001373291016,32.84699249267578,647.226318359375,0.6388619542121887,0.4381171762943268,0.45367762446403503,60978346822,2074544443
5,1,1,2.30755615234375,1,2.46514892578125,1,0.037253156304359436,0.8647057414054871,-158.4576873779297,32.78038024902344,1.2893697023391724,1,-0.01409203838557005,0.8219263553619385,-176.164306640625,40.57829666137695,4.127516269683838,1,0.03995361179113388,31.093734741210938,644.6473388671875,0.5011389255523682,0.4415295720100403,0.440552294254303,1,-66.3447494506836,32.86443328857422,647.513916015625,0.6387821435928345,0.438120573759079,0.454299658536911,60978355155,2074552776
5,1,1,2.3251495361328125,1,2.4451751708984375,1,0.03777352720499039,0.8677330017089844,-158.2782440185547,32.22856140136719,1.0884515047073364,1,-0.014108838513493538,0.8081013560295105,-176.1700897216797,43.098384857177734,5.044669151306152,1,0.08155661821365356,31.086872100830078,644.5789794921875,0.5010520815849304,0.4415348172187805,0.440403014421463,1,-66.39884948730469,33.158287048339844,651.7930908203125,0.6378762125968933,0.4380994439125061,0.46358880400657654,60978363488,2074561109
5,1,1,2.3277587890625,1,2.4779815673828125,1,0.04792581498622894,0.8585792183876038,-154.7771759033203,33.897151947021484,1.6957716941833496,1,-0.013059355318546295,0.8206114768981934,-175.80819702148438,40.8179931640625,4.214726448059082,1,0.11324406415224075,31.099151611328125,644.7279052734375,0.5009859204292297,0.4415290951728821,0.4407278299331665,1,-66.3862075805664,33.1886100769043,651.96826171875,0.6378087997436523,0.4380611181259155,0.463968425989151,60978371823,2074569443
5,1,1,2.3003997802734375,1,2.4923553466796875,1,0.06526852399110794,0.868338942527771,-148.79647827148438,32.11811828613281,1.0482631921768188,1,-0.015342259779572487,0.7969887852668762,-176.595458984375,45.12397003173828,5.782034397125244,1,0.1434905230998993,31.107093811035156,644.8428955078125,0.5009227991104126,0.4415279030799866,0.440978467464447,1,-66.32757568359375,33.18621063232422,651.7034301757812,0.6377508640289307,0.4380301237106323,0.46338367462158203,60978380156,2074577776
5,1,1,2.2952423095703125,1,2.432403564453125,1,0.06859466433525085,0.8635686039924622,-147.64942932128906,32.987674713134766,1.3647396564483643,1,-0.02969653159379959,0.81341952085495,-181.5455780029297,42.12895584106445,4.691884517669678,1,0.16924314200878143,31.096538543701172,644.831298828125,0.50086909532547,0.44154828786849976,0.440951943397522,1,-66.16189575195312,32.97628402709961,648.6362915039062,0.6381364464759827,0.4380437135696411,0.456697940826416,60978388489,2074586109
5,1,1,2.316162109375,1,2.4649810791015625,1,0.04306092858314514,0.8588173389434814,-156.45484924316406,33.8537483215332,1.679949164390564,1,-0.005580092780292034,0.8125101327896118,-173.22891235351562,42.29469680786133,4.752285957336426,1,0.1951017826795578,31.08141326904297,644.728271484375,0.5008151531219482,0.4415660500526428,0.44072625041007996,1,-66.12873840332031,32.96574020385742,648.4267578125,0.6381178498268127,0.43803685903549194,0.45623698830604553,60978396823,2074594443
5,1,1,2.3184661865234375,1,2.4752960205078125,1,0.04406500980257988,0.8321358561515808,-156.1085968017578,38.71730422973633,3.450181245803833,1,0.004363809246569872,0.8132665753364563,-169.79974365234375,42.15684127807617,4.70205545425415,1,0.2164710909128189,31.0662899017334,644.6596069335938,0.5007705092430115,0.4415883421897888,0.4405752420425415,1,-66.11651611328125,32.96369552612305,648.3461303710938,0.6381118297576904,0.43803006410598755,0.45606014132499695,60978405156,2074602776
5,1,1,2.3501434326171875,1,2.476165771484375,1,0.03811536356806755,0.8518857359886169,-158.16036987304688,35.11725616455078,2.139842987060547,1,-0.0031754744704812765,0.8009302020072937,-172.39968872070312,44.40554428100586,5.520529270172119,1,0.23085148632526398,31.068220138549805,644.648193359375,0.5007405281066895,0.4415828585624695,0.44055068492889404,1,-66.106689453125,32.97295379638672,648.3135986328125,0.6380992531776428,0.43800657987594604,0.4559890031814575,60978413489,2074611109
5,1,1,2.3448486328125,1,2.4378814697265625,1,0.047266554087400436,0.8466970920562744,-155.00453186035156,36.06303787231445,2.4841103553771973,1,-0.010305394418537617,0.8109499216079712,-174.8584747314453,42.579139709472656,4.855741500854492,1,0.23950372636318207,31.05081558227539,644.6487426757812,0.5007225275039673,0.44161900877952576,0.44054949283599854,1,-66.09962463378906,32.970577239990234,648.2919921875,0.6380897760391235,0.43800851702690125,0.4559405744075775,60978421823,2074619443
5,1,1,2.3505859375,1,2.49444580078125,1,0.0536794550716877,0.8489465117454529,-152.7930145263672,35.65301513671875,2.334906816482544,1,0.008095880970358849,0.8125441074371338,-168.51271057128906,42.28852081298828,4.749997615814209,1,0.24686355888843536,31.047691345214844,644.6485595703125,0.5007071495056152,0.4416255056858063,0.44054871797561646,1,-66.09677124023438,32.983802795410156,648.3381958007812,0.6380729079246521,0.4379875957965851,0.4560414254665375,60978430158,2074627778
5,1,1,2.33538818359375,1,2.431121826171875,1,0.04893331974744797,0.8399964570999146,-154.42974853515625,37.28445053100586,2.928708553314209,1,-0.015036612749099731,0.7946196794509888,-176.49005126953125,45.555824279785156,5.939195156097412,1,0.24757497012615204,31.025888442993164,644.6142578125,0.5007057189941406,0.4416661262512207,0.44047123193740845,1,-66.08428955078125,32.971160888671875,648.19921875,0.6380801796913147,0.43799468874931335,0.45573702454566956,60978438491,2074636111
5,1,1,2.3554229736328125,1,2.507843017578125,1,0.04894592985510826,0.8385907411575317,-154.42538452148438,37.540687561035156,3.021876096725464,1,-0.0007559656514786184,0.796280026435852,-171.5653076171875,45.253170013427734,5.829024314880371,1,0.24682292342185974,31.00988006591797,644.5802001953125,0.5007073283195496,0.44169479608535767,0.44039517641067505,1,-66.07861328125,32.962432861328125,648.1053466796875,0.6380908489227295,0.43799981474876404,0.45553189516067505,60978446825,2074644445
5,1,1,2.3496551513671875,1,2.4715118408203125,1,0.051499851047992706,0.837496280670166,-153.54466247558594,37.74018478393555,3.0945732593536377,1,0.0009243430686183274,0.809174120426178,-170.98585510253906,42.90281295776367,4.973583221435547,1,0.24248841404914856,31.007600784301758,644.56884765625,0.5007163286209106,0.44169801473617554,0.44037023186683655,1,-66.08411407470703,32.966156005859375,648.11669921875,0.6380993723869324,0.4379936754703522,0.455558180809021,60978455158,2074652778
5,1,1,2.33251953125,1,2.4661712646484375,1,0.04805313050746918,0.8272497057914734,-154.7332763671875,39.607967376708984,3.7743403911590576,1,0.004812041763216257,0.8171506524085999,-169.64515686035156,41.448822021484375,4.444380760192871,1,0.23747652769088745,30.9908447265625,644.5230712890625,0.5007268190383911,0.4417267143726349,0.4402686059474945,1,-66.0903091430664,32.95808792114258,648.091552734375,0.6381182670593262,0.4380068778991699,0.45550402998924255,60978463491,2074661111
5,1,1,2.343475341796875,1,2.45465087890625,1,0.04961884021759033,0.8393804430961609,-154.1933135986328,37.396759033203125,2.9694740772247314,1,-0.00508099514991045,0.7945739030838013,-173.0568084716797,45.56416320800781,5.942261695861816,1,0.22684285044670105,30.99042510986328,644.511474609375,0.5007489919662476,0.44172602891921997,0.4402433931827545,1,-66.10053253173828,32.96133041381836,648.1240844726562,0.6381316184997559,0.43800458312034607,0.45557701587677,60978471825,2074669445
5,1,1,2.32025146484375,1,2.4694671630859375,1,0.04507826641201973,0.8218278884887695,-155.75918579101562,40.59627151489258,4.13401985168457,1,-0.011712808161973953,0.818875789642334,-175.3438262939453,41.134376525878906,4.329946994781494,1,0.2161710560321808,30.982372283935547,644.4312133789062,0.5007712244987488,0.44173210859298706,0.4400681257247925,1,-66.10916137695312,32.9581298828125,648.1231079101562,0.6381496787071228,0.4380110204219818,0.4555763602256775,60978480158,2074677778
5,1,1,2.33990478515625,1,2.45806884765625,1,0.048704106360673904,0.8429751992225647,-154.5087890625,36.74147415161133,2.731034278869629,1,-0.020535960793495178,0.8260968923568726,-178.38653564453125,39.818084716796875,3.8508827686309814,1,0.2006050944328308,30.992063522338867,644.4195556640625,0.5008037090301514,0.4417104423046112,0.440044105052948,1,-66.122802734375,32.96526336669922,648.0608520507812,0.6381925940513611,0.4379878044128418,0.45544591546058655,60978488491,2074686111
5,1,1,2.320465087890625,1,2.494415283203125,1,0.044209934771060944,0.8483228087425232,-156.05862426757812,35.76669692993164,2.376279592514038,1,-0.001048833248205483,0.8213032484054565,-171.6663055419922,40.69187545776367,4.168862819671631,1,0.18439674377441406,31.018753051757812,644.3963623046875,0.5008374452590942,0.4416520595550537,0.43999752402305603,1,-66.1432113647461,32.98414993286133,648.0693359375,0.6382327079772949,0.4379499852657318,0.455471396446228,60978496825,2074694445
5,1,1,2.339569091796875,1,2.431365966796875,1,0.045563291758298874,0.8532873392105103,-155.59190368652344,34.861759185791016,2.046903371810913,1,-0.015802524983882904,0.8201834559440613,-176.75416564941406,40.89600372314453,4.243133068084717,1,0.16109240055084229,31.024150848388672,644.4078369140625,0.5008861422538757,0.4416423439979553,0.44002315402030945,1,-66.16886138916016,32.98326873779297,648.0630493164062,0.6382871866226196,0.43795087933540344,0.45546332001686096,60978505158,2074702778
5,1,1,2.3206787109375,1,2.44378662109375,1,0.05920276790857315,0.854037880897522,-150.88829040527344,34.72496795654297,1.9970608949661255,1,-0.017148027196526527,0.8333584666252136,-177.21817016601562,38.49444580078125,3.3690669536590576,1,0.13916590809822083,31.056560516357422,644.3499145507812,0.5009318590164185,0.4415675103664398,0.43990200757980347,1,-66.18072509765625,32.99418258666992,647.918212890625,0.6383461356163025,0.43790847063064575,0.45515480637550354,60978513491,2074711111
5,1,1,2.31878662109375,1,2.4803924560546875,1,0.05630629137158394,0.8596035242080688,-151.88714599609375,33.71042251586914,1.6278250217437744,1,-0.006419534329324961,0.8243522644042969,-173.51841735839844,40.1361198425293,3.966573476791382,1,0.13222099840641022,31.07662582397461,644.3839111328125,0.5009463429450989,0.44153037667274475,0.4399784207344055,1,-66.19918823242188,33.00745391845703,647.89208984375,0.6383904218673706,0.43787750601768494,0.45510441064834595,60978521825,2074719445
5,1,1,2.334625244140625,1,2.4553985595703125,1,0.07516247779130936,0.8171167969703674,-145.38450622558594,41.45500946044922,4.446621417999268,1,-0.008107869885861874,0.7882417440414429,-174.1006622314453,46.71840286254883,6.362390041351318,1,0.16069141030311584,31.11130142211914,644.5325927734375,0.5008867979049683,0.4414782226085663,0.4403058886528015,1,-66.19110870361328,33.0550537109375,647.8448486328125,0.6383848190307617,0.43777284026145935,0.45500752329826355,60978530158,2074727778
5,1,1,2.3382415771484375,1,2.4296875,1,0.08283111453056335,0.7845286726951599,-142.73992919921875,47.395233154296875,6.608696937561035,1,0.005721244961023331,0.7601382732391357,-169.3316192626953,51.84120178222656,8.226786613464355,1,0.18963269889354706,31.12384796142578,644.4757080078125,0.500826358795166,0.4414447844028473,0.44018420577049255,1,-66.18775939941406,33.108238220214844,647.904541015625,0.6383634805679321,0.43767133355140686,0.4551432728767395,60978538491,2074736111
5,1,1,2.31536865234375,1,2.4710693359375,1,0.09019815176725388,0.7861500978469849,-140.1993865966797,47.09967041015625,6.50111198425293,1,0.004790457431226969,0.7677493691444397,-169.65260314941406,50.453834533691406,7.721866130828857,1,0.18826104700565338,31.11883544921875,644.4752197265625,0.50082927942276,0.44145509600639343,0.44018250703811646,1,-66.16934204101562,33.09320068359375,647.695068359375,0.6383753418922424,0.4376736283302307,0.4546849727630615,60978546825,2074744445
5,1,1,2.3203582763671875,1,2.4127044677734375,1,0.10509295761585236,0.7960720658302307,-135.06285095214844,45.29104995727539,5.842887878417969,1,-0.02121264487504959,0.755959689617157,-178.61990356445312,52.60285949707031,8.504117012023926,1,0.16777384281158447,31.117351531982422,644.4982299804688,0.500872015953064,0.44146114587783813,0.44023212790489197,1,-66.15385437011719,33.05234909057617,647.2828369140625,0.638441801071167,0.4377013146877289,0.453786164522171,60978555158,2074752778
5,1,1,2.322479248046875,1,2.4449920654296875,1,0.09759082645177841,0.7911171317100525,-137.6499786376953,46.19427490234375,6.171584129333496,1,0.007452592719346285,0.765724241733551,-168.73455810546875,50.82294845581055,7.856295585632324,1,0.1387944221496582,31.102794647216797,644.3722534179688,0.5009325742721558,0.4414746165275574,0.43995678424835205,1,-66.17538452148438,33.00265121459961,647.1964111328125,0.6385072469711304,0.43779197335243225,0.45359721779823303,60978563495,2074761115
5,1,1,2.357452392578125,1,2.4639892578125,1,0.09890001267194748,0.7915631532669067,-137.19851684570312,46.11295700073242,6.142032623291016,1,0.023448381572961807,0.7586905360221863,-163.2183380126953,52.10506820678711,8.322943687438965,1,0.11637389659881592,31.08926010131836,644.22314453125,0.5009793639183044,0.44148293137550354,0.43963146209716797,1,-66.21673583984375,32.966976165771484,647.3424072265625,0.638558030128479,0.4378856122493744,0.45391619205474854,60978571829,2074769449
5,1,1,2.3090667724609375,1,2.4765625,1,0.13014204800128937,0.832836389541626,-126.42455291748047,38.58959197998047,3.403724193572998,1,0.013239817693829536,0.7644503116607666,-166.73880004882812,51.055137634277344,7.940829753875732,1,0.09683110564947128,31.075563430786133,644.0521240234375,0.5010201930999756,0.4414886236190796,0.43925848603248596,1,-66.2563705444336,32.935325622558594,647.39306640625,0.6386280655860901,0.43795785307884216,0.4540296494960785,60978580162,2074777782
5,1,1,2.3127288818359375,1,2.4712066650390625,1,0.10181738436222076,0.8204450011253357,-136.19244384765625,40.84830856323242,4.225841522216797,1,0.003287296509370208,0.7602025270462036,-170.17095947265625,51.829463958740234,8.222631454467773,1,0.0777931958436966,31.065078735351562,643.994873046875,0.5010599493980408,0.44150280952453613,0.43913280963897705,1,-66.2921142578125,32.91027069091797,647.4795532226562,0.6386813521385193,0.43802133202552795,0.4542204439640045,60978588495,2074786115
5,1,1,2.32025146484375,1,2.4849853515625,1,0.09599614143371582,0.7919607758522034,-138.19993591308594,46.040496826171875,6.115639686584473,1,0.0020124195143580437,0.7618647217750549,-170.61062622070312,51.52648162841797,8.112344741821289,1,0.059563860297203064,31.056900024414062,643.8565673828125,0.501098096370697,0.4415013790130615,0.438831627368927,1,-66.30467224121094,32.88854217529297,647.3252563476562,0.6387443542480469,0.43804502487182617,0.45388713479042053,60978596829,2074794449
5,1,1,2.3135223388671875,1,2.4481048583984375,1,0.11339195817708969,0.7984601855278015,-132.20089721679688,44.85578155517578,5.684412479400635,1,-0.0061692241579294205,0.7501552104949951,-173.43209838867188,53.660892486572266,8.889228820800781,1,0.04737423360347748,31.053709030151367,643.833251953125,0.5011236071586609,0.44150489568710327,0.43878066539764404,1,-66.31674194335938,32.869136810302734,647.180419921875,0.638804018497467,0.4380652606487274,0.45357441902160645,60978605162,2074802782
5,1,1,2.3056793212890625,1,2.497161865234375,1,0.10308032482862473,0.8113846182823181,-135.7569122314453,42.49986267089844,4.826943874359131,1,0.011995812878012657,0.7801827192306519,-167.16781616210938,48.187435150146484,6.896989822387695,1,0.03716285154223442,31.060588836669922,643.821533203125,0.5011448860168457,0.4414891004562378,0.43875613808631897,1,-66.33934020996094,32.874324798583984,647.2115478515625,0.638843297958374,0.4380587637424469,0.453647255897522,60978613495,2074811115
5,1,1,2.3016815185546875,1,2.4385528564453125,1,0.08816279470920563,0.801485002040863,-140.9012908935547,44.304412841796875,5.483713150024414,1,0.006673271767795086,0.7770207524299622,-169.0032958984375,48.76380920410156,7.1067986488342285,1,0.03126298263669014,31.063335418701172,643.798828125,0.5011572241783142,0.4414803683757782,0.43870729207992554,1,-66.35740661621094,32.877716064453125,647.2318115234375,0.6388757824897766,0.43805450201034546,0.45369553565979004,60978621829,2074819449
5,1,1,2.33282470703125,1,2.4282684326171875,1,0.09414312988519669,0.7809831500053406,-138.83892822265625,48.04152297973633,6.843917369842529,1,-0.003437667153775692,0.7621658444404602,-172.4901123046875,51.471561431884766,8.092402458190918,1,0.0266103558242321,31.072254180908203,643.8216552734375,0.5011669397354126,0.441464900970459,0.438757985830307,1,-66.37138366699219,32.894737243652344,647.2408447265625,0.6389024257659912,0.4380205273628235,0.45372048020362854,60978630162,2074827782
5,1,1,2.3441162109375,1,2.4563446044921875,1,0.08830144256353378,0.7760683298110962,-140.8534698486328,48.937374114990234,7.1700639724731445,1,0.005206996574997902,0.7776063084602356,-169.5089569091797,48.65705490112305,7.0679612159729,1,0.024108080193400383,31.07897186279297,643.8221435546875,0.5011721849441528,0.4414510428905487,0.438759982585907,1,-66.37939453125,32.91901397705078,647.28662109375,0.6389079689979553,0.4379766881465912,0.453824520111084,60978638495,2074836115
5,1,1,2.3426971435546875,1,2.4502410888671875,1,0.09783092141151428,0.7678760290145874,-137.56719970703125,50.430728912353516,7.713487148284912,1,0.011167480610311031,0.7652281522750854,-167.45346069335938,50.91339111328125,7.889190673828125,1,0.01714736595749855,31.08367156982422,643.8104858398438,0.5011866688728333,0.4414397180080414,0.4387354254722595,1,-66.38591766357422,32.93076705932617,647.2376708984375,0.6389331221580505,0.4379456341266632,0.45372194051742554,60978646828,2074844448
5,1,1,2.33941650390625,1,2.4563446044921875,1,0.08827253431081772,0.7708038687705994,-140.86343383789062,49.89702606201172,7.519257545471191,1,-0.004021398723125458,0.7719314098358154,-172.69142150878906,49.691490173339844,7.444447040557861,1,0.008193273097276688,31.10855484008789,643.85693359375,0.501205325126648,0.44139420986175537,0.4388395845890045,1,-66.39808654785156,32.96328353881836,647.2568969726562,0.6389535665512085,0.43788114190101624,0.45377078652381897,60978655162,2074852782
5,1,1,2.311187744140625,1,2.4607696533203125,1,0.09838799387216568,0.7592298984527588,-137.37509155273438,52.006752014160156,8.287123680114746,1,0.009574532508850098,0.7650225162506104,-168.00279235839844,50.95087814331055,7.902818202972412,1,0.00806778110563755,31.110254287719727,643.856689453125,0.5012056231498718,0.44139066338539124,0.438839316368103,1,-66.40103149414062,32.95991516113281,647.2694702148438,0.6389566659927368,0.43788984417915344,0.4537981152534485,60978663495,2074861115
5,1,0,nan,1,2.4875030517578125,0,nan,nan,nan,nan,nan,1,0.026449350640177727,0.7730347514152527,-162.1834259033203,49.490360260009766,7.371223449707031,0,nan,nan,nan,nan,nan,nan,1,-66.40242004394531,32.96519470214844,647.2454223632812,0.6389653086662292,0.4378755986690521,0.4537471532821655,60978671829,2074869449
5,1,1,2.3467559814453125,1,2.4722442626953125,1,0.10348513722419739,0.7593680024147034,-135.61729431152344,51.981563568115234,8.27800178527832,1,0.02329634316265583,0.7776310443878174,-163.270751953125,48.65253829956055,7.066364765167236,1,0.009703950956463814,31.127185821533203,643.822509765625,0.5012022256851196,0.4413510262966156,0.43876755237579346,1,-66.3984375,32.96051025390625,647.2125854492188,0.6389650106430054,0.4378807842731476,0.453674852848053,60978680162,2074877782
5,1,1,2.3435516357421875,1,2.4617919921875,1,0.09640102088451385,0.7556309700012207,-138.060302734375,52.66276168823242,8.525915145874023,1,0.006304698530584574,0.7709837555885315,-169.13040161132812,49.86421585083008,7.507325649261475,1,0.012924233451485634,31.101415634155273,643.7425537109375,0.50119549036026,0.4413939118385315,0.438590407371521,1,-66.39400482177734,32.940086364746094,647.1774291992188,0.6389642953872681,0.43791815638542175,0.45359498262405396,60978688495,2074886115
5,1,1,2.334075927734375,1,2.50469970703125,1,0.08391719311475754,0.7507189512252808,-142.3654022216797,53.55816650390625,8.851775169372559,1,0.022751716896891594,0.7715997695922852,-163.45860290527344,49.75194549560547,7.466454982757568,1,0.016866490244865417,31.089372634887695,643.6732177734375,0.501187264919281,0.441409707069397,0.438438355922699,1,-66.39070129394531,32.92950439453125,647.10693359375,0.6389744281768799,0.4379303455352783,0.45344066619873047,60978696832,2074894452
5,1,1,2.3475189208984375,1,2.457183837890625,1,0.09203275293111801,0.7662569880485535,-139.56671142578125,50.7258415222168,7.820939540863037,1,0.004439538344740868,0.7541013956069946,-169.7736358642578,52.94157409667969,8.627426147460938,1,0.024498140439391136,31.072267532348633,643.673095703125,0.5011714100837708,0.44144517183303833,0.43843570351600647,1,-66.36805725097656,32.88636016845703,646.827880859375,0.638994574546814,0.4379812479019165,0.45282724499702454,60978705165,2074902785
5,1,1,2.3352508544921875,1,2.5232086181640625,1,0.095806784927845,0.7814648747444153,-138.26522827148438,47.953704833984375,6.811962604522705,1,0.03620260953903198,0.7563426494598389,-158.8199920654297,52.53307342529297,8.478618621826172,1,0.031248776242136955,31.06322479248047,643.6385498046875,0.501157283782959,0.44145938754081726,0.4383595287799835,1,-66.36820983886719,32.8680534362793,646.910400390625,0.638975203037262,0.43803033232688904,0.45300281047821045,60978713498,2074911118
5,1,1,2.3270721435546875,1,2.4783782958984375,1,0.0876808911561966,0.7164987325668335,-141.0674591064453,59.79585266113281,11.122177124023438,1,0.0008493493660353124,0.7670832276344299,-171.01170349121094,50.57520294189453,7.76616907119751,1,0.016427472233772278,31.08006477355957,643.7075805664062,0.5011882185935974,0.4414335787296295,0.43851158022880554,1,-66.38004302978516,32.902488708496094,647.0850830078125,0.638957679271698,0.4379831552505493,0.4533873200416565,60978721832,2074919452
5,1,0,nan,1,2.4389190673828125,0,nan,nan,nan,nan,nan,1,-0.026267340406775475,0.6905273199081421,-180.36302185058594,64.5300064086914,12.845244407653809,0,nan,nan,nan,nan,nan,nan,1,-66.38851928710938,32.94153594970703,647.2132568359375,0.6389443278312683,0.43792009353637695,0.453671395778656,60978730165,2074927785
5,1,1,2.3589935302734375,1,2.42919921875,1,0.06912114471197128,0.6579945683479309,-147.46788024902344,70.46013641357422,15.003658294677734,1,-0.04255465418100357,0.6827525496482849,-185.97976684570312,65.94718933105469,13.361045837402344,1,-0.05357019603252411,31.22641944885254,643.7525634765625,0.5013343095779419,0.4411357641220093,0.43862953782081604,1,-66.38812255859375,33.050392150878906,647.6766967773438,0.638832151889801,0.4377589821815491,0.45468708872795105,60978738498,2074936118
5,1,1,2.3203887939453125,1,2.4512176513671875,1,0.07726660370826721,0.6332457065582275,-144.6588897705078,74.97142791748047,16.64557456970215,1,-0.020612603053450584,0.6423251032829285,-178.4129638671875,73.31641387939453,16.043209075927734,1,-0.07337513566017151,31.25421905517578,643.8321533203125,0.5013754963874817,0.4410886764526367,0.4388061463832855,1,-66.43623352050781,33.09214782714844,648.1522216796875,0.6388176679611206,0.4377380609512329,0.4557298719882965,60978746832,2074944452
5,1,1,2.2982025146484375,1,2.4276885986328125,1,0.09733729064464569,0.6212726831436157,-137.7374267578125,77.15387725830078,17.439964294433594,1,-0.04201508313417435,0.6840305328369141,-185.793701171875,65.71426391601562,13.276224136352539,1,-0.04285736009478569,31.25448989868164,643.8319091796875,0.5013117790222168,0.44108811020851135,0.43880560994148254,1,-66.38832092285156,33.07733154296875,647.9744262695312,0.6387612819671631,0.43774428963661194,0.45533353090286255,60978755165,2074952785
5,1,1,2.2999114990234375,1,2.4535675048828125,1,0.07620760053396225,0.6307021379470825,-145.02407836914062,75.43506622314453,16.81431007385254,1,-0.04574599117040634,0.6769172549247742,-187.080322265625,67.01089477539062,13.748170852661133,1,-0.004843913018703461,31.250944137573242,643.75244140625,0.501232385635376,0.44108501076698303,0.4386327266693115,1,-66.35856628417969,33.05009078979492,647.7073974609375,0.6387636661529541,0.43776389956474304,0.454746812582016,60978763498,2074961118
5,1,1,2.3127288818359375,1,2.4199066162109375,1,0.10150269418954849,0.6312865614891052,-136.30096435546875,75.32852172851562,16.775588989257812,1,-0.04668236896395683,0.6859203577041626,-187.40322875976562,65.36978149414062,13.150859832763672,1,0.019403478130698204,31.21867561340332,643.75341796875,0.5011817216873169,0.4411521255970001,0.4386303424835205,1,-66.34754943847656,33.02048110961914,647.6502075195312,0.6387547254562378,0.43781712651252747,0.45461663603782654,60978771832,2074969452
5,1,1,2.320281982421875,1,2.4457855224609375,1,0.10507884621620178,0.658913791179657,-135.0677032470703,70.29257202148438,14.942663192749023,1,-0.030029434710741043,0.7066172957420349,-181.66038513183594,61.59709548950195,11.777729034423828,1,0.03915731608867645,31.237184524536133,643.661376953125,0.5011404156684875,0.4411014914512634,0.4384331703186035,1,-66.35015106201172,33.034210205078125,647.7203369140625,0.6387432217597961,0.43779847025871277,0.45477068424224854,60978780165,2074977785
5,1,1,2.3145751953125,1,2.4782257080078125,1,0.08910434693098068,0.6453663110733032,-140.5765838623047,72.76203155517578,15.841466903686523,1,-0.023367799818515778,0.7124994993209839,-179.36309814453125,60.524871826171875,11.387480735778809,1,0.05601150542497635,31.237619400024414,643.673095703125,0.5011051893234253,0.44110220670700073,0.438458651304245,1,-66.34100341796875,33.024112701416016,647.6860961914062,0.6387326121330261,0.4378145635128021,0.4546931982040405,60978788498,2074986118
5,1,1,2.31842041015625,1,2.459259033203125,1,0.10682208091020584,0.6591351628303528,-134.466552734375,70.25223541259766,14.927959442138672,1,-0.03007569909095764,0.6912580132484436,-181.67636108398438,64.39682006835938,12.79674243927002,1,0.06656649708747864,31.242839813232422,643.6842041015625,0.5010830760002136,0.441092848777771,0.4384835958480835,1,-66.32929229736328,33.02505874633789,647.6174926757812,0.6387248039245605,0.4378032088279724,0.45454272627830505,60978796832,2074994452
5,1,1,2.3299560546875,1,2.4464111328125,1,0.10026568174362183,0.6448315382003784,-136.7275390625,72.8595199584961,15.876925468444824,1,-0.0395842008292675,0.6987684965133667,-184.9553985595703,63.027801513671875,12.298419952392578,1,0.07331714034080505,31.252281188964844,643.649658203125,0.5010689496994019,0.44106870889663696,0.4384099543094635,1,-66.31922912597656,33.03514099121094,647.5599365234375,0.638717770576477,0.43777456879615784,0.454417884349823,60978805165,2075002785
5,1,1,2.3184814453125,1,2.4485626220703125,1,0.09518936276435852,0.6255472898483276,-138.4781494140625,76.37471771240234,17.156272888183594,1,-0.04312875121831894,0.6946296691894531,-186.17774963378906,63.78221130371094,12.573052406311035,1,0.08283442258834839,31.243057250976562,643.7070922851562,0.5010491013526917,0.4410954713821411,0.438533216714859,1,-66.31208801269531,33.01969909667969,647.5128173828125,0.6387142539024353,0.43779996037483215,0.454312264919281,60978813498,2075011118
5,1,1,2.33416748046875,1,2.4536895751953125,1,0.0857791006565094,0.6343848705291748,-141.7233123779297,74.76376342773438,16.570003509521484,1,-0.022008739411830902,0.7033244371414185,-178.89442443847656,62.19729232788086,11.996251106262207,1,0.08682601153850555,31.25838851928711,643.6722412109375,0.5010406970977783,0.44105908274650574,0.43845972418785095,1,-66.31645202636719,33.03701400756836,647.5478515625,0.6387148499488831,0.4377690255641937,0.45439136028289795,60978821837,2075019457
5,1,1,2.3425445556640625,1,2.442047119140625,1,0.10202983021736145,0.6582871079444885,-136.11917114257812,70.40681457519531,14.984230041503906,1,-0.032355740666389465,0.7060044407844543,-182.46263122558594,61.70880126953125,11.818387985229492,1,0.0901113748550415,31.252756118774414,643.7301025390625,0.5010338425636292,0.44107845425605774,0.438584566116333,1,-66.3236083984375,33.03139114379883,647.5925903320312,0.6387189626693726,0.4377867579460144,0.45448872447013855,60978830171,2075027791
5,1,1,2.3321990966796875,1,2.4288482666015625,1,0.09591494500637054,0.6385388970375061,-138.2279052734375,74.00656127929688,16.29438591003418,1,-0.034702081233263016,0.7078680396080017,-183.27175903320312,61.36911392211914,11.694697380065918,1,0.09024421870708466,31.240947723388672,643.7299194335938,0.50103360414505,0.44110292196273804,0.4385824501514435,1,-66.3132095336914,33.013160705566406,647.5013427734375,0.6387193202972412,0.43781188130378723,0.45428693294525146,60978838504,2075036124
5,1,1,2.35699462890625,1,2.45294189453125,1,0.10422683507204056,0.6430971622467041,-135.3615264892578,73.17566680908203,15.992009162902832,1,-0.023699147626757622,0.702222466468811,-179.47735595703125,62.3982048034668,12.069266319274902,1,0.09022273123264313,31.243282318115234,643.7301635742188,0.50103360414505,0.4410981237888336,0.4385833740234375,1,-66.3135986328125,33.01688003540039,647.4539184570312,0.6387314796447754,0.4377976655960083,0.4541851580142975,60978846837,2075044457
5,1,1,2.373016357421875,1,2.491851806640625,1,0.0974174216389656,0.6600428819656372,-137.7097930908203,70.0867691040039,14.867734909057617,1,-0.022263411432504654,0.7009883522987366,-178.9822540283203,62.623172760009766,12.151164054870605,1,0.08916694670915604,31.21013069152832,643.753662109375,0.5010359287261963,0.44117000699043274,0.438629686832428,1,-66.30862426757812,32.981117248535156,647.3482666015625,0.6387466192245483,0.4378570318222046,0.453950971364975,60978855171,2075052791
5,1,1,2.3346405029296875,1,2.443023681640625,1,0.0975293442606926,0.6099222302436829,-137.67120361328125,79.22288513183594,18.19296646118164,1,-0.027127772569656372,0.7122361063957214,-180.65972900390625,60.572879791259766,11.404936790466309,1,0.08235868066549301,31.225313186645508,643.7189331054688,0.5010501146316528,0.44113385677337646,0.438556432723999,1,-66.32002258300781,32.996253967285156,647.322021484375,0.6387763619422913,0.437822163105011,0.45389896631240845,60978863504,2075061124
5,1,1,2.3311920166015625,1,2.433013916015625,1,0.10013497620820999,0.6107320785522461,-136.7726287841797,79.07525634765625,18.139249801635742,1,-0.030170172452926636,0.6657784581184387,-181.70892333984375,69.0412826538086,14.487174987792969,1,0.1096501275897026,31.208965301513672,643.810791015625,0.5009931325912476,0.441180020570755,0.43875348567962646,1,-66.29277038574219,32.964134216308594,647.0076904296875,0.6387953758239746,0.4378453493118286,0.4532100558280945,60978871837,2075069457
5,1,1,2.32470703125,1,2.44879150390625,1,0.1241762712597847,0.5808571577072144,-128.48187255859375,84.52091217041016,20.121326446533203,1,-0.016153255477547646,0.6462730765342712,-176.87513732910156,72.59676361083984,15.781289100646973,1,0.14885181188583374,31.248123168945312,643.832763671875,0.5009111166000366,0.4411018192768097,0.43880656361579895,1,-66.26124572753906,33.00836181640625,647.004150390625,0.6387307643890381,0.4377536177635193,0.4532018303871155,60978880171,2075077791
5,1,1,2.320098876953125,1,2.442169189453125,1,0.11504693329334259,0.5962302684783936,-131.6301727294922,81.71866607666016,19.101398468017578,1,-0.011214178055524826,0.6401453614234924,-175.17185974121094,73.71372985839844,16.187833786010742,1,0.15783947706222534,31.250762939453125,643.8326416015625,0.5008923411369324,0.44109636545181274,0.4388066828250885,1,-66.24699401855469,33.00678253173828,646.86474609375,0.6387346386909485,0.43773776292800903,0.4528975784778595,60978888504,2075086124
5,1,1,2.381378173828125,1,2.4783782958984375,1,0.11799902468919754,0.6190074682235718,-130.61212158203125,77.5667953491211,17.590206146240234,1,-0.0001421125343767926,0.6681222915649414,-171.35362243652344,68.61405944824219,14.331686019897461,1,0.14876680076122284,31.238771438598633,643.810302734375,0.500911295413971,0.4411182403564453,0.43875652551651,1,-66.26307678222656,33.00428771972656,646.9210815429688,0.6387544870376587,0.43775060772895813,0.45302242040634155,60978896837,2075094457
5,1,1,2.3403167724609375,1,2.4418182373046875,1,0.11457760632038116,0.593373715877533,-131.79202270507812,82.2393798828125,19.290918350219727,1,-0.021606052294373512,0.6490511894226074,-178.7555694580078,72.0903549194336,15.5969877243042,1,0.13428494334220886,31.261390686035156,643.8212890625,0.5009415149688721,0.4410727322101593,0.43878358602523804,1,-66.26800537109375,33.01503372192383,646.87109375,0.6387766003608704,0.43772152066230774,0.45291706919670105,60978905171,2075102791
5,1,1,2.3616943359375,1,2.441070556640625,1,0.11820309609174728,0.6016152501106262,-130.54176330566406,80.7370834350586,18.744136810302734,1,-0.025390703231096268,0.6583334803581238,-180.06069946289062,70.39834594726562,14.981164932250977,1,0.12725424766540527,31.252506256103516,643.786865234375,0.5009562373161316,0.4410865902900696,0.43870770931243896,1,-66.29203796386719,33.011940002441406,646.9844970703125,0.6387991905212402,0.4377434551715851,0.453166663646698,60978913504,2075111124
5,1,1,2.34295654296875,1,2.46026611328125,1,0.12452004104852676,0.6032074093818665,-128.36334228515625,80.44688415527344,18.638469696044922,1,-0.0061782896518707275,0.6596972942352295,-173.43521118164062,70.14972686767578,14.89073371887207,1,0.11826759576797485,31.271472930908203,643.7869873046875,0.5009749531745911,0.44104722142219543,0.438710480928421,1,-66.29196166992188,33.024620056152344,646.819580078125,0.6388384699821472,0.4376945495605469,0.45281267166137695,60978921837,2075119457
5,1,1,2.3696746826171875,1,2.4485015869140625,1,0.12751436233520508,0.6016315817832947,-127.33072662353516,80.73410034179688,18.743026733398438,1,-0.014910987578332424,0.6550033092498779,-176.4467315673828,71.00540161132812,15.202094078063965,1,0.10750377923250198,31.267335891723633,643.7296142578125,0.5009974837303162,0.44104817509651184,0.438585489988327,1,-66.29753112792969,33.020362854003906,646.7720947265625,0.6388614177703857,0.43769678473472595,0.45271074771881104,60978930171,2075127791
5,1,1,2.3531951904296875,1,2.45703125,1,0.12832045555114746,0.6003612875938416,-127.05274963378906,80.96565246582031,18.827333450317383,1,-0.003994385711848736,0.6498774886131287,-172.68209838867188,71.93972778320312,15.542197227478027,1,0.100552037358284,31.26700210571289,643.741455078125,0.5010120272636414,0.4410504400730133,0.43861111998558044,1,-66.30987548828125,33.02085494995117,646.8265380859375,0.6388739347457886,0.43770328164100647,0.452830970287323,60978938504,2075136124
5,1,1,2.3579254150390625,1,2.4608917236328125,1,0.13248726725578308,0.5938392877578735,-125.61578369140625,82.15448760986328,19.259984970092773,1,-0.014233522117137909,0.6558913588523865,-176.21310424804688,70.84354400634766,15.143117904663086,1,0.08802147209644318,31.270185470581055,643.6259765625,0.5010381937026978,0.4410284459590912,0.4383609890937805,1,-66.33317565917969,33.03804016113281,646.9039916992188,0.6389034986495972,0.43767836689949036,0.45300570130348206,60978946837,2075144457
5,1,1,2.347259521484375,1,2.4756927490234375,1,0.13303391635417938,0.5973640084266663,-125.42729187011719,81.51202392578125,19.026182174682617,1,-0.010445362888276577,0.6554989218711853,-174.90675354003906,70.91504669189453,15.169221878051758,1,0.08058957755565643,31.261066436767578,643.58056640625,0.5010537505149841,0.4410412907600403,0.4382612109184265,1,-66.35287475585938,33.02613830566406,646.948486328125,0.6389336585998535,0.4377090632915497,0.45310428738594055,60978955171,2075152791
5,1,1,2.3422393798828125,1,2.4741058349609375,1,0.14236071705818176,0.584125280380249,-122.21089172363281,83.92518615722656,19.90449333190918,1,-0.0003177853359375149,0.6652182936668396,-171.41419982910156,69.14337921142578,14.524408340454102,1,0.07200893759727478,31.25676727294922,643.5352783203125,0.5010716915130615,0.4410441815853119,0.43816235661506653,1,-66.36546325683594,33.02256774902344,646.9815673828125,0.6389517784118652,0.4377209544181824,0.45317792892456055,60978963504,2075161124
5,1,1,2.36492919921875,1,2.4523468017578125,1,0.1241283118724823,0.5940552949905396,-128.49842834472656,82.11511993408203,19.245704650878906,1,-0.015210336074233055,0.6390905976295471,-176.5499725341797,73.90599822998047,16.2578125,1,0.06458170711994171,31.24658966064453,643.51220703125,0.5010872483253479,0.44106221199035645,0.438110888004303,1,-66.365234375,32.98674392700195,646.75732421875,0.6390053033828735,0.43776413798332214,0.45268887281417847,60978971837,2075169457
5,1,1,2.3324127197265625,1,2.463165283203125,1,0.12592686712741852,0.590920627117157,-127.87818908691406,82.68653106689453,19.453636169433594,1,-0.007362973410636187,0.6511437892913818,-173.84375,71.70891571044922,15.458130836486816,1,0.057251788675785065,31.230133056640625,643.5584716796875,0.5011026263237,0.4411025047302246,0.43820905685424805,1,-66.38105773925781,32.96533966064453,646.7526245117188,0.639039158821106,0.43780767917633057,0.4526790380477905,60978980171,2075177791
5,1,1,2.386077880859375,1,2.451690673828125,1,0.11969625949859619,0.6166503429412842,-130.02682495117188,77.9964370727539,17.746646881103516,1,0.003506358480080962,0.6341813802719116,-170.09542846679688,74.80085754394531,16.58349609375,1,0.050471458584070206,31.21879005432129,643.5244140625,0.5011168122291565,0.44112151861190796,0.43813356757164,1,-66.40573120117188,32.95513916015625,646.85546875,0.639065682888031,0.43784284591674805,0.45290499925613403,60978988504,2075186124
5,1,1,2.396514892578125,1,2.45172119140625,1,0.11746099591255188,0.6081893444061279,-130.7976837158203,79.53875732421875,18.30794334411621,1,-0.001961721107363701,0.6404561400413513,-171.98110961914062,73.6570816040039,16.167224884033203,1,0.040636226534843445,31.166399002075195,643.5020751953125,0.5011374950408936,0.4412272274494171,0.438077837228775,1,-66.42118835449219,32.919761657714844,646.92236328125,0.6390817761421204,0.4379250705242157,0.45304763317108154,60978996837,2075194457
5,1,1,2.3180999755859375,1,2.485076904296875,1,0.131245955824852,0.5639727115631104,-126.04386901855469,87.5986328125,21.241588592529297,1,0.009444006718695164,0.6387739181518555,-168.0478057861328,73.96369171142578,16.27886962890625,1,0.03008083440363407,31.14375877380371,643.4906616210938,0.5011596083641052,0.44127267599105835,0.438049852848053,1,-66.42634582519531,32.89378356933594,646.8746948242188,0.6391040086746216,0.43797218799591064,0.4529421627521515,60979005171,2075202791
5,1,1,2.3870849609375,1,2.42425537109375,1,0.1239854097366333,0.581847071647644,-128.54769897460938,84.34046936035156,20.05562400817871,1,-0.007518915459513664,0.6338176727294922,-173.89755249023438,74.86717224121094,16.607650756835938,1,0.018994169309735298,31.123842239379883,643.4681396484375,0.5011828541755676,0.4413110017776489,0.4379982352256775,1,-66.4264144897461,32.866477966308594,646.7430419921875,0.6391358375549316,0.438010573387146,0.45265424251556396,60979013504,2075211124
5,1,1,2.3632049560546875,1,2.4400177001953125,1,0.12716978788375854,0.5769033432006836,-127.4495620727539,85.24163055419922,20.383636474609375,1,0.006051567383110523,0.611887514591217,-169.21771240234375,78.8646469116211,18.062576293945312,1,0.008375031873583794,31.12929916381836,643.50244140625,0.5012050271034241,0.44130417704582214,0.43807345628738403,1,-66.42771911621094,32.855674743652344,646.6363525390625,0.6391641497612,0.43801823258399963,0.45242270827293396,60979021837,2075219457
5,1,1,2.369384765625,1,2.491363525390625,1,0.11645359545946121,0.5814563035964966,-131.14508056640625,84.41167449951172,20.08159637451172,1,0.030652126297354698,0.6197015047073364,-160.73410034179688,77.44027709960938,17.544157028198242,1,-0.00021551549434661865,31.129528045654297,643.479248046875,0.5012229681015015,0.441300630569458,0.438023179769516,1,-66.43205261230469,32.84980392456055,646.5663452148438,0.6391900181770325,0.4380207359790802,0.4522716999053955,60979030171,2075227791
5,1,1,2.3550567626953125,1,2.442138671875,1,0.11356214433908463,0.5686022639274597,-132.14219665527344,86.75476837158203,20.93433952331543,1,-0.003626702819019556,0.6067651510238647,-172.5552978515625,79.79834747314453,18.40243148803711,1,-0.0032924115657806396,31.114883422851562,643.4908447265625,0.501229465007782,0.44133254885673523,0.43804627656936646,1,-66.43290710449219,32.83763885498047,646.5078125,0.6392058730125427,0.4380379021167755,0.45214393734931946,60979038504,2075236124
5,1,1,2.33685302734375,1,2.4462432861328125,1,0.14459480345249176,0.5742703080177307,-121.44046020507812,85.72156524658203,20.558361053466797,1,0.0022696848027408123,0.6244968771934509,-170.52191162109375,76.56619262695312,17.22601890563965,1,0.05051995441317558,31.142324447631836,643.3880004882812,0.5011168718338013,0.44126203656196594,0.437826931476593,1,-66.41171264648438,32.86695861816406,646.440673828125,0.6391779780387878,0.43796810507774353,0.4519985020160675,60979046837,2075244457
5,1,1,2.3400115966796875,1,2.4602508544921875,1,0.18114355206489563,0.5893747806549072,-108.8364486694336,82.96829223632812,19.556241989135742,1,0.04581914842128754,0.6160650253295898,-155.50369262695312,78.10314178466797,17.78544044494629,1,0.11863701790571213,31.16979217529297,643.4217529296875,0.5009744167327881,0.44120967388153076,0.43790403008461,1,-66.3594970703125,32.88232421875,646.2391967773438,0.6391181945800781,0.43790876865386963,0.45155441761016846,60979055171,2075252791
5,1,1,2.3465728759765625,1,2.44622802734375,1,0.17368865013122559,0.5927111506462097,-111.40730285644531,82.3601303100586,19.334857940673828,1,0.04160747304558754,0.6140509843826294,-156.95608520507812,78.47024536132812,17.919099807739258,1,0.16405388712882996,31.17746353149414,643.3645629882812,0.5008793473243713,0.44118624925613403,0.43778103590011597,1,-66.33030700683594,32.903717041015625,646.1980590820312,0.639067530632019,0.4378589689731598,0.4514623284339905,60979063504,2075261124
5,1,1,2.336700439453125,1,2.46533203125,1,0.17953135073184967,0.5932698845863342,-109.3924331665039,82.25829315185547,19.297800064086914,1,0.03812399134039879,0.6271137595176697,-158.15737915039062,76.08915710449219,17.052427291870117,1,0.18586570024490356,31.19484519958496,643.330322265625,0.5008336901664734,0.4411456882953644,0.437709242105484,1,-66.31841278076172,32.925567626953125,646.1533203125,0.6390535235404968,0.4378076493740082,0.45136624574661255,60979071837,2075269457
5,1,1,2.3032684326171875,1,2.48577880859375,1,0.1819087415933609,0.5687668323516846,-108.57258605957031,86.7247314453125,20.92348861694336,1,0.0436517670750618,0.6235695481300354,-156.25111389160156,76.7352294921875,17.287551879882812,1,0.18462008237838745,31.18134307861328,643.33056640625,0.5008363127708435,0.4411737322807312,0.437707781791687,1,-66.31661224365234,32.908424377441406,646.0946655273438,0.6390639543533325,0.4378349781036377,0.45123690366744995,60979080171,2075277791
5,1,1,2.3150177001953125,1,2.4355316162109375,1,0.17973537743091583,0.5827389359474182,-109.32208251953125,84.17791748046875,19.99642562866211,1,0.02333955280482769,0.6201794743537903,-163.25584411621094,77.35315704345703,17.51249885559082,1,0.18577194213867188,31.179668426513672,643.284912109375,0.5008338689804077,0.4411711096763611,0.437608540058136,1,-66.31497192382812,32.898040771484375,646.0602416992188,0.6390688419342041,0.43785175681114197,0.451160728931427,60979088506,2075286126
5,1,1,2.3204498291015625,1,2.440032958984375,1,0.18591338396072388,0.5743748545646667,-107.19156646728516,85.70252990722656,20.551395416259766,1,0.03373965620994568,0.6093776226043701,-159.66934204101562,79.3221435546875,18.229110717773438,1,0.1888500452041626,31.167999267578125,643.296875,0.5008274912834167,0.4411969780921936,0.4376329481601715,1,-66.31432342529297,32.88385009765625,646.072265625,0.6390646696090698,0.43788278102874756,0.45118448138237,60979096839,2075294459
5,1,1,2.3155517578125,1,2.471466064453125,1,0.18665648996829987,0.574901819229126,-106.93531036376953,85.60647583007812,20.516422271728516,1,0.0343022346496582,0.6112152338027954,-159.475341796875,78.9872055053711,18.107175827026367,1,0.1957273781299591,31.162050247192383,643.2620849609375,0.5008130669593811,0.44120466709136963,0.43755653500556946,1,-66.31221008300781,32.87794494628906,646.0491943359375,0.6390658617019653,0.4378918409347534,0.4511334002017975,60979105173,2075302793
5,1,1,2.31536865234375,1,2.445404052734375,1,0.17973685264587402,0.5685595870018005,-109.32157135009766,86.76253509521484,20.93719482421875,1,0.0337577685713768,0.6307428479194641,-159.66310119628906,75.42761993408203,16.811681747436523,1,0.201305091381073,31.162166595458984,643.2735595703125,0.5008013844490051,0.4412059783935547,0.43758147954940796,1,-66.31388092041016,32.878173828125,646.0597534179688,0.6390668153762817,0.4378927946090698,0.4511566162109375,60979113506,2075311126
5,1,1,2.31683349609375,1,2.457611083984375,1,0.18986396491527557,0.5712335705757141,-105.82919311523438,86.27513122558594,20.75977325439453,1,0.04419934004545212,0.6123205423355103,-156.06228637695312,78.78571319580078,18.033863067626953,1,0.20946885645389557,31.138504028320312,643.2630615234375,0.5007843971252441,0.44125375151634216,0.4375554621219635,1,-66.31053161621094,32.858184814453125,646.0379638671875,0.6390652060508728,0.4379311800003052,0.45110592246055603,60979121839,2075319459
5,1,1,2.3192901611328125,1,2.4112548828125,1,0.1932448148727417,0.5728715062141418,-104.66329193115234,85.97657012939453,20.65108871459961,1,0.030204402282834053,0.6102204918861389,-160.8885040283203,79.16851043701172,18.1732234954834,1,0.21755759418010712,31.143081665039062,643.2739868164062,0.5007674694061279,0.4412457048892975,0.4375797510147095,1,-66.30558776855469,32.86128616333008,646.0145263671875,0.6390605568885803,0.43792152404785156,0.45105472207069397,60979130173,2075327793
5,1,1,2.32244873046875,1,2.4507598876953125,1,0.18091323971748352,0.5688812136650085,-108.91588592529297,86.70391082763672,20.915849685668945,1,0.051335658878088,0.6292300820350647,-153.60128784179688,75.70341491699219,16.911914825439453,1,0.22618478536605835,31.123544692993164,643.2283935546875,0.5007494688034058,0.44128018617630005,0.437478244304657,1,-66.30496215820312,32.852317810058594,646.0505981445312,0.6390506029129028,0.43794506788253784,0.451131135225296,60979138506,2075336126
5,1,1,2.31988525390625,1,2.451263427734375,1,0.1885845959186554,0.5520456433296204,-106.2703857421875,89.77274322509766,22.032838821411133,1,0.050445277243852615,0.6220219731330872,-153.9083251953125,77.01729583740234,17.39025115966797,1,0.23540577292442322,31.11779022216797,643.1942138671875,0.5007301568984985,0.441287636756897,0.43740326166152954,1,-66.2981948852539,32.85004806518555,646.0398559570312,0.639039158821106,0.4379482865333557,0.4511061906814575,60979146839,2075344459
5,1,1,2.3094940185546875,1,2.48406982421875,1,0.18730884790420532,0.5744819045066833,-106.7103500366211,85.6830062866211,20.54427719116211,1,0.054128143936395645,0.6258036494255066,-152.63829040527344,76.32798767089844,17.139352798461914,1,0.24216978251934052,31.141427993774414,643.2286987304688,0.5007159113883972,0.44124314188957214,0.4374812841415405,1,-66.29133605957031,32.86897277832031,646.029052734375,0.63902747631073,0.4379076659679413,0.45108404755592346,60979155173,2075352793
5,1,1,2.3070526123046875,1,2.4602203369140625,1,0.18429771065711975,0.5632015466690063,-107.74874114990234,87.73920440673828,21.292695999145508,1,0.05884349346160889,0.6424832940101624,-151.01217651367188,73.2875747680664,16.032724380493164,1,0.25035956501960754,31.13017463684082,643.2398071289062,0.5006988048553467,0.4412679672241211,0.437503844499588,1,-66.28764343261719,32.86431884765625,646.0292358398438,0.639019787311554,0.4379173219203949,0.4510829746723175,60979163506,2075361126
5,1,1,2.2920989990234375,1,2.44732666015625,1,0.1853502094745636,0.5687593221664429,-107.38578033447266,86.72613525390625,20.923940658569336,1,0.03323270007967949,0.6308022737503052,-159.8441619873047,75.41678619384766,16.807737350463867,1,0.2551397681236267,31.168149948120117,643.216796875,0.5006887912750244,0.4411861300468445,0.437459260225296,1,-66.28697204589844,32.899444580078125,646.0411376953125,0.6390153765678406,0.437846302986145,0.45111361145973206,60979171839,2075369459
5,1,1,2.30181884765625,1,2.4249114990234375,1,0.1880386769771576,0.5710629224777222,-106.45864868164062,86.30622863769531,20.7711181640625,1,0.029653340578079224,0.6173697113990784,-161.0785369873047,77.86532592773438,17.69889259338379,1,0.263286828994751,31.186622619628906,643.250732421875,0.5006716251373291,0.44115227460861206,0.43753543496131897,1,-66.27986145019531,32.908607482910156,646.0194091796875,0.6390057802200317,0.43782439827919006,0.45106640458106995,60979180173,2075377793
5,1,1,2.3101043701171875,1,2.4508514404296875,1,0.18097935616970062,0.588983416557312,-108.8930892944336,83.03963470458984,19.58222007751465,1,0.05765674635767937,0.6399074792861938,-151.4214324951172,73.75709533691406,16.203609466552734,1,0.2651312053203583,31.20216178894043,643.23876953125,0.5006678104400635,0.441118448972702,0.437511682510376,1,-66.28102111816406,32.92140579223633,646.0432739257812,0.6390024423599243,0.43780115246772766,0.45112013816833496,60979188506,2075386126
5,1,1,2.2955169677734375,1,2.440093994140625,1,0.18377350270748138,0.5774844288825989,-107.92951965332031,85.1357192993164,20.345064163208008,1,0.0431518591940403,0.6334534883499146,-156.4235076904297,74.93352508544922,16.631813049316406,1,0.26634374260902405,31.22719383239746,643.260986328125,0.5006651878356934,0.44106945395469666,0.43756330013275146,1,-66.27513122558594,32.94721984863281,645.997314453125,0.639001190662384,0.4377414286136627,0.45102328062057495,60979196839,2075394459
5,1,1,2.286712646484375,1,2.3933868408203125,1,0.18533770740032196,0.5744845867156982,-107.39009094238281,85.68250274658203,20.54414176940918,1,0.030684316530823708,0.6352418065071106,-160.72299194335938,74.60757446289062,16.51314353942871,1,0.269472599029541,31.227006912231445,643.2264404296875,0.5006586909294128,0.4410652816295624,0.437488317489624,1,-66.26585388183594,32.94478988647461,645.9302978515625,0.6389979720115662,0.43773722648620605,0.45087626576423645,60979205173,2075402793
5,1,1,2.3141021728515625,1,2.3880462646484375,1,0.1927642971277237,0.5963225960731506,-104.8290023803711,81.70184326171875,19.095266342163086,1,0.024879397824406624,0.6370620131492615,-162.724853515625,74.27578735351562,16.392385482788086,1,0.268948495388031,31.242332458496094,643.23779296875,0.500659704208374,0.4410349428653717,0.43751513957977295,1,-66.26268768310547,32.96669006347656,645.9404296875,0.6389889717102051,0.43769338726997375,0.450900673866272,60979213506,2075411126
5,1,1,2.28912353515625,1,2.4756622314453125,1,0.20507174730300903,0.5871973037719727,-100.58472442626953,83.365234375,19.700641632080078,1,0.05804084986448288,0.6574430465698242,-151.2889862060547,70.56067657470703,15.040230751037598,1,0.269622266292572,31.246959686279297,643.2493896484375,0.5006583333015442,0.441026896238327,0.43754085898399353,1,-66.25547790527344,32.96867370605469,645.9185180664062,0.6389792561531067,0.4376862943172455,0.4508519768714905,60979221840,2075419460
5,1,1,2.306732177734375,1,2.413665771484375,1,0.19890595972537994,0.5707980990409851,-102.71102142333984,86.35448455810547,20.78868293762207,1,0.03718726709485054,0.6480793356895447,-158.4804229736328,72.26752471923828,15.661458969116211,1,0.27034831047058105,31.250444412231445,643.2601928710938,0.50065678358078,0.44102105498313904,0.437564879655838,1,-66.2523422241211,32.97541046142578,645.8833618164062,0.6389811635017395,0.43766745924949646,0.4507763385772705,60979230174,2075427794
5,1,1,2.27471923828125,1,2.47247314453125,1,0.19252142310142517,0.5656205415725708,-104.91275024414062,87.29827880859375,21.132198333740234,1,0.04742766171693802,0.6408728957176208,-154.948974609375,73.58113861083984,16.13951873779297,1,0.271004855632782,31.25251007080078,643.2489013671875,0.5006554126739502,0.4410152733325958,0.43754059076309204,1,-66.2564697265625,32.98600387573242,645.9415283203125,0.6389756798744202,0.4376536011695862,0.45090436935424805,60979238507,2075436127
5,1,1,2.297882080078125,1,2.4417266845703125,1,0.20625904202461243,0.5661662220954895,-100.17528533935547,87.19880676269531,21.09599494934082,1,0.037587400525808334,0.6192823648452759,-158.34243774414062,77.51668548583984,17.571979522705078,1,0.2703530192375183,31.25091552734375,643.26025390625,0.5006567239761353,0.44102007150650024,0.43756502866744995,1,-66.25689697265625,32.98367691040039,645.97705078125,0.6389680504798889,0.4376632869243622,0.45098066329956055,60979246840,2075444460
5,1,1,2.2950897216796875,1,2.4142913818359375,1,0.1980431228876114,0.574123740196228,-103.00857543945312,85.74828338623047,20.56804656982422,1,0.04005003720521927,0.6138647198677063,-157.49317932128906,78.50423431396484,17.931447982788086,1,0.2710001468658447,31.252994537353516,643.2491455078125,0.5006554126739502,0.44101428985595703,0.43754127621650696,1,-66.25782012939453,32.99369812011719,645.9985961914062,0.6389647722244263,0.4376455247402191,0.45102885365486145,60979255174,2075452794
5,1,1,2.3111419677734375,1,2.3917236328125,1,0.19245962798595428,0.5908409357070923,-104.93406677246094,82.70104217529297,19.458969116210938,1,0.044972870498895645,0.6303400993347168,-155.79551696777344,75.50106811523438,16.83834457397461,1,0.2741430401802063,31.24946403503418,643.2376708984375,0.5006487965583801,0.441020131111145,0.4375157952308655,1,-66.24583435058594,32.988399505615234,645.9541015625,0.6389506459236145,0.4376503527164459,0.4509294629096985,60979263507,2075461127
5,1,1,2.3129425048828125,1,2.4300079345703125,1,0.19392167031764984,0.5877292156219482,-104.42988586425781,83.26825714111328,19.665428161621094,1,0.06999405473470688,0.6103054881095886,-147.16685485839844,79.15301513671875,18.167524337768555,1,0.3805735111236572,31.229990005493164,643.0674438476562,0.5004260540008545,0.4410381317138672,0.437144011259079,1,-66.19276428222656,32.981597900390625,646.048095703125,0.638818085193634,0.4376775026321411,0.45111972093582153,60979271840,2075469460
5,1,1,2.2708282470703125,1,2.43994140625,1,0.277677446603775,0.5565789341926575,-75.54633331298828,88.9463882446289,21.7320556640625,1,0.12950225174427032,0.601137101650238,-126.64520263671875,80.8242416381836,18.77588653564453,1,0.5319914817810059,31.2413387298584,643.1700439453125,0.5001093149185181,0.4410284757614136,0.43736836314201355,1,-66.06675720214844,32.989768981933594,645.8277587890625,0.6386097073554993,0.43763047456741333,0.45061779022216797,60979280174,2075477794
5,1,1,2.296875,1,2.4146270751953125,1,0.2752896547317505,0.599457323551178,-76.3697738647461,81.13043975830078,18.88729476928711,1,0.13347983360290527,0.5748640894889832,-125.27349853515625,85.61332702636719,20.518932342529297,1,0.6567386388778687,31.239845275878906,643.2272338867188,0.4998483955860138,0.44103944301605225,0.4374924302101135,1,-65.97608947753906,32.98313522338867,645.77490234375,0.6384342908859253,0.4376371204853058,0.450483113527298,60979288507,2075486127
5,1,1,2.270782470703125,1,2.435699462890625,1,0.28819820284843445,0.597163736820221,-71.918212890625,81.54851531982422,19.039464950561523,1,0.13025331497192383,0.5695003271102905,-126.38618469238281,86.591064453125,20.87476921081543,1,0.6760820150375366,31.234254837036133,643.3072509765625,0.499808132648468,0.44106176495552063,0.43766531348228455,1,-65.96622467041016,32.98363494873047,645.7518310546875,0.6384193301200867,0.43763288855552673,0.450431227684021,60979296840,2075494460
5,1,1,2.284454345703125,1,2.4326171875,1,0.28457680344581604,0.5828482508659363,-73.16705322265625,84.15796661376953,19.989238739013672,1,0.13354697823524475,0.6096041798591614,-125.25035095214844,79.28083038330078,18.2141170501709,1,0.6697583198547363,31.203060150146484,643.23974609375,0.499821275472641,0.441117525100708,0.43751445412635803,1,-65.98184204101562,32.96556091308594,645.7618408203125,0.638449490070343,0.4376716911792755,0.450453519821167,60979305174,2075502794
5,1,1,2.248291015625,1,2.375579833984375,1,0.2827826142311096,0.5835496783256531,-73.7857894897461,84.03012084960938,19.94266700744629,1,0.099454365670681,0.5926779508590698,-137.00733947753906,82.36618041992188,19.337078094482422,1,0.6655762195587158,31.16893196105957,643.206298828125,0.4998300075531006,0.4411839544773102,0.4374372363090515,1,-65.9765396118164,32.924293518066406,645.6461181640625,0.6384662985801697,0.43774110078811646,0.450196772813797,60979313507,2075511127
5,1,1,2.2668304443359375,1,2.4140777587890625,1,0.3023417294025421,0.5664008259773254,-67.0407485961914,87.15603637695312,21.080453872680664,1,0.11720117926597595,0.6095715165138245,-130.88726806640625,79.28679656982422,18.216278076171875,1,0.6728945970535278,31.15937614440918,643.1831665039062,0.4998146593570709,0.4412006735801697,0.437385618686676,1,-65.98046112060547,32.90999221801758,645.68017578125,0.6384662985801697,0.4377754032611847,0.45026907324790955,60979321840,2075519460
5,1,1,2.28338623046875,1,2.4460296630859375,1,0.2930631637573242,0.5661025643348694,-70.2405014038086,87.21041870117188,21.10019874572754,1,0.1415429413318634,0.6111097931861877,-122.49290466308594,79.00640106201172,18.11421775817871,1,0.6755774617195129,31.100357055664062,643.2293701171875,0.499809205532074,0.44132936000823975,0.43747782707214355,1,-65.9936752319336,32.865745544433594,645.8543701171875,0.6384522318840027,0.4378909468650818,0.45064154267311096,60979330173,2075527793
5,1,1,2.281280517578125,1,2.4058990478515625,1,0.2952655553817749,0.5663873553276062,-69.48099517822266,87.15849304199219,21.081329345703125,1,0.1306302398443222,0.5987342596054077,-126.2562026977539,81.26225280761719,18.935222625732422,1,0.6755704879760742,31.105003356933594,643.2291259765625,0.499809205532074,0.44131967425346375,0.43747782707214355,1,-65.99047088623047,32.858333587646484,645.7845458984375,0.6384623646736145,0.4378966987133026,0.4504890739917755,60979338507,2075536127
5,1,1,2.281463623046875,1,2.3884124755859375,1,0.3015262484550476,0.5409349799156189,-67.32196807861328,91.79802703857422,22.769935607910156,1,0.11214946955442429,0.5960045456886292,-132.62936401367188,81.75981140136719,19.116336822509766,1,0.6762049794197083,31.08255386352539,643.2181396484375,0.4998079538345337,0.4413648247718811,0.43745091557502747,1,-65.98597717285156,32.82963180541992,645.7138671875,0.6384700536727905,0.4379463493824005,0.450331449508667,60979346845,2075544465
5,1,1,2.2612457275390625,1,2.412689208984375,1,0.29214316606521606,0.5527581572532654,-70.55776977539062,89.6428451538086,21.98554801940918,1,0.14597153663635254,0.6223042607307434,-120.96569061279297,76.96585845947266,17.37151527404785,1,0.6731435060501099,31.087299346923828,643.2291259765625,0.49981439113616943,0.44135645031929016,0.437475323677063,1,-65.9850082397461,32.82365417480469,645.6919555664062,0.6384733319282532,0.43795573711395264,0.45028313994407654,60979355179,2075552799
5,1,1,2.2743072509765625,1,2.42083740234375,1,0.2819013297557831,0.5598039627075195,-74.0896987915039,88.3585205078125,21.51811981201172,1,0.13324184715747833,0.6158321499824524,-125.35557556152344,78.14559173583984,17.800901412963867,1,0.6744052171707153,31.090335845947266,643.25244140625,0.49981173872947693,0.4413532614707947,0.4375264048576355,1,-65.97560119628906,32.81159210205078,645.59912109375,0.6384760737419128,0.4379679560661316,0.45007893443107605,60979363512,2075561132
5,1,1,2.258026123046875,1,2.4130096435546875,1,0.29256823658943176,0.5317264795303345,-70.41117858886719,93.47654724121094,23.380935668945312,1,0.1371406465768814,0.6213653087615967,-124.01106262207031,77.13700103759766,17.433807373046875,1,0.6670084595680237,31.082874298095703,643.252197265625,0.4998272657394409,0.4413686692714691,0.43752482533454895,1,-65.97632598876953,32.801937103271484,645.611083984375,0.6384748220443726,0.43798956274986267,0.4501034915447235,60979371845,2075569465
5,1,1,2.2856903076171875,1,2.41119384765625,1,0.28525102138519287,0.5609052181243896,-72.93455505371094,88.15779113769531,21.445018768310547,1,0.14566786587238312,0.6167551279067993,-121.0704116821289,77.97737121582031,17.739648818969727,1,0.6594382524490356,31.113868713378906,643.2293701171875,0.49984294176101685,0.44130128622055054,0.43747955560684204,1,-65.98583984375,32.819393157958984,645.6322021484375,0.6384893655776978,0.4379563331604004,0.450153648853302,60979380178,2075577798
5,1,1,2.2448883056640625,1,2.402191162109375,1,0.275613933801651,0.5514017939567566,-76.25794219970703,89.89009857177734,22.075571060180664,1,0.13237299025058746,0.6159753799438477,-125.65520477294922,78.11949920654297,17.791404724121094,1,0.6544885635375977,31.110815048217773,643.2518920898438,0.4998534023761749,0.4413106143474579,0.43752798438072205,1,-65.99524688720703,32.815086364746094,645.70166015625,0.6384923458099365,0.437974750995636,0.4503050446510315,60979388512,2075586132
5,1,1,2.2652740478515625,1,2.428436279296875,1,0.2995045483112335,0.5678777694702148,-68.01914978027344,86.8868179321289,20.982458114624023,1,0.14133884012699127,0.6352101564407349,-122.56329345703125,74.61335754394531,16.51524543762207,1,0.6452426314353943,31.111492156982422,643.2406005859375,0.49987271428108215,0.4413076639175415,0.4375035762786865,1,-66.00056457519531,32.81108856201172,645.6883544921875,0.6385064721107483,0.4379812180995941,0.4502769112586975,60979396845,2075594465
5,1,1,2.2085113525390625,1,2.4509735107421875,1,0.28610825538635254,0.544283926486969,-72.63893127441406,91.18756103515625,22.54778480529785,1,0.15753953158855438,0.6234171390533447,-116.97640991210938,76.76297760009766,17.297714233398438,1,0.6363668441772461,31.108182907104492,643.2179565429688,0.4998912811279297,0.4413115084171295,0.437453955411911,1,-66.013671875,32.80763626098633,645.7330322265625,0.6385230422019958,0.43799448013305664,0.4503757655620575,60979405178,2075602798
5,1,1,2.25469970703125,1,2.36749267578125,1,0.28498268127441406,0.5459232926368713,-73.02709197998047,90.88874053955078,22.439002990722656,1,0.13532324135303497,0.5936195254325867,-124.63780212402344,82.19454193115234,19.274677276611328,1,0.6271442174911499,31.09604263305664,643.2978515625,0.49991077184677124,0.44134730100631714,0.4376256465911865,1,-66.02680206298828,32.79842758178711,645.77734375,0.6385396718978882,0.43801960349082947,0.450472891330719,60979413512,2075611132
5,1,1,2.2576446533203125,1,2.4085235595703125,1,0.29109692573547363,0.5544568300247192,-70.91857147216797,89.3332290649414,21.872867584228516,1,0.14252345263957977,0.6085314750671387,-122.15476989746094,79.47636413574219,18.28529930114746,1,0.6145136952400208,31.09201431274414,643.251708984375,0.4999370574951172,0.4413495361804962,0.4375249445438385,1,-66.03770446777344,32.79984664916992,645.775146484375,0.638562798500061,0.4380163550376892,0.45047077536582947,60979421845,2075619465
5,1,1,2.2621612548828125,1,2.4063873291015625,1,0.2798829674720764,0.5626081228256226,-74.78573608398438,87.84738159179688,21.332075119018555,1,0.15425968170166016,0.6170767545700073,-118.10748291015625,77.91873168945312,17.718318939208984,1,0.6076860427856445,31.072139739990234,643.285888671875,0.49995142221450806,0.44139528274536133,0.43759632110595703,1,-66.04580688476562,32.782135009765625,645.7615966796875,0.6385828852653503,0.43805113434791565,0.45044079422950745,60979430178,2075627798
5,1,1,2.2350006103515625,1,2.3776702880859375,1,0.27816805243492126,0.5439985394477844,-75.37714385986328,91.23957061767578,22.566740036010742,1,0.1391172707080841,0.6069594025611877,-123.32942199707031,79.76293182373047,18.38957977294922,1,0.6027094721794128,31.06513786315918,643.28564453125,0.49996188282966614,0.44140979647636414,0.43759486079216003,1,-66.05200958251953,32.776268005371094,645.7364501953125,0.6386018395423889,0.4380597770214081,0.45038703083992004,60979438512,2075636132
5,1,1,2.2547454833984375,1,2.3801116943359375,1,0.2701270282268524,0.5592904686927795,-78.1501235961914,88.45214080810547,21.552135467529297,1,0.13169746100902557,0.6071231365203857,-125.88816833496094,79.73310089111328,18.378684997558594,1,0.5989691019058228,31.058059692382812,643.2622680664062,0.4999696910381317,0.44142135977745056,0.43754300475120544,1,-66.05001068115234,32.766387939453125,645.6669921875,0.6386143565177917,0.43807071447372437,0.45023512840270996,60979446845,2075644465
5,1,1,2.2284088134765625,1,2.367431640625,1,0.2821621000766754,0.5617815852165222,-73.99978637695312,87.998046875,21.38690185546875,1,0.11449524015188217,0.5942866802215576,-131.82041931152344,82.07295227050781,19.23030662536621,1,0.5933773517608643,31.05449676513672,643.2283935546875,0.4999813437461853,0.44142431020736694,0.43746909499168396,1,-66.05255126953125,32.76380920410156,645.6423950195312,0.6386255025863647,0.43807268142700195,0.45018231868743896,60979455178,2075652798
5,1,1,2.2686004638671875,1,2.367828369140625,1,0.2886287271976471,0.561427891254425,-71.76974487304688,88.06250762939453,21.4104061126709,1,0.11467663198709488,0.6063025593757629,-131.7578582763672,79.88265991210938,18.433149337768555,1,0.5902338027954102,31.05629539489746,643.2395629882812,0.4999879002571106,0.4414220154285431,0.4374935030937195,1,-66.05509185791016,32.76524353027344,645.6192626953125,0.6386363506317139,0.4380665421485901,0.4501330852508545,60979463512,2075661132
5,1,1,2.264190673828125,1,2.3657989501953125,1,0.27958306670188904,0.5680063962936401,-74.88917541503906,86.86338806152344,20.97389030456543,1,0.13211625814437866,0.6104001402854919,-125.74373626708984,79.1357421875,18.16131019592285,1,0.5877842903137207,31.052074432373047,643.2171020507812,0.4999930262565613,0.4414277970790863,0.437444269657135,1,-66.04823303222656,32.756046295166016,645.5250854492188,0.6386447548866272,0.4380726218223572,0.4499271512031555,60979471845,2075669465
5,1,1,2.238922119140625,1,2.4146575927734375,1,0.28179869055747986,0.5643503069877625,-74.1250991821289,87.52982330322266,21.21646499633789,1,0.14768171310424805,0.6028239727020264,-120.37593078613281,80.5167465209961,18.663970947265625,1,0.5858703851699829,31.062400817871094,643.2743530273438,0.499997079372406,0.441413938999176,0.43756991624832153,1,-66.05332946777344,32.76237869262695,645.5264892578125,0.6386550068855286,0.4380596876144409,0.4499320685863495,60979480180,2075677800
5,1,1,2.247467041015625,1,2.35137939453125,1,0.27807483077049255,0.5598998665809631,-75.40929412841797,88.3410415649414,21.51175880432129,1,0.1303093433380127,0.6007111668586731,-126.36685943603516,80.90189361572266,18.804088592529297,1,0.5835285782814026,31.06183624267578,643.2288208007812,0.5000019073486328,0.44140908122062683,0.437470942735672,1,-66.05333709716797,32.761253356933594,645.4764404296875,0.6386669278144836,0.438055157661438,0.44982391595840454,60979488514,2075686134
5,1,1,2.2458953857421875,1,2.424774169921875,1,0.2927759885787964,0.5565323233604431,-70.33952331542969,88.95489501953125,21.73514747619629,1,0.15410037338733673,0.6219886541366577,-118.16242980957031,77.02337646484375,17.392454147338867,1,0.5821433067321777,31.07240867614746,643.2291259765625,0.500004768371582,0.4413871765136719,0.43747320771217346,1,-66.05545043945312,32.76447677612305,645.442626953125,0.6386794447898865,0.4380438029766083,0.4497518837451935,60979496847,2075694467
5,1,1,2.2436370849609375,1,2.37579345703125,1,0.29051902890205383,0.5554255247116089,-71.11785125732422,89.1566390991211,21.80858039855957,1,0.131886288523674,0.5975379347801208,-125.82304382324219,81.48030090332031,19.014644622802734,1,0.5878453254699707,31.092863082885742,643.2405395507812,0.49999284744262695,0.4413461983203888,0.43750080466270447,1,-66.05967712402344,32.785675048828125,645.53466796875,0.638666033744812,0.43801259994506836,0.44995447993278503,60979505180,2075702800
5,1,1,2.2471923828125,1,2.3717498779296875,1,0.31476232409477234,0.5503378510475159,-62.757442474365234,90.08403015136719,22.14615821838379,1,0.15122437477111816,0.5866116881370544,-119.15422058105469,83.47196197509766,19.739530563354492,1,0.6487778425216675,31.083677291870117,643.1722412109375,0.49986526370048523,0.441356360912323,0.43735140562057495,1,-66.02296447753906,32.79255294799805,645.5987548828125,0.638574481010437,0.43800726532936096,0.45008572936058044,60979513514,2075711134
5,1,1,2.237396240234375,1,2.33935546875,1,0.3349016308784485,0.5535324811935425,-55.81232452392578,89.50171661376953,21.93418312072754,1,0.15386907756328583,0.58451247215271,-118.2421875,83.85459899902344,19.878875732421875,1,0.7009548544883728,31.1124210357666,643.194580078125,0.4997560679912567,0.4412997364997864,0.437404066324234,1,-65.96256256103516,32.813812255859375,645.4846801757812,0.6384764313697815,0.43794766068458557,0.4498293697834015,60979521847,2075719467
5,1,1,2.22894287109375,1,2.33868408203125,1,0.33588433265686035,0.5786392688751221,-55.47343444824219,84.92517852783203,20.26850128173828,1,0.1539725959300995,0.5872362852096558,-118.20648956298828,83.35810852050781,19.69812774658203,1,0.7277875542640686,31.118305206298828,643.1604614257812,0.49969983100891113,0.44128307700157166,0.43733081221580505,1,-65.93605041503906,32.832664489746094,645.4183349609375,0.6384372115135193,0.43789955973625183,0.44968315958976746,60979530180,2075727800
5,1,1,2.1998443603515625,1,2.360565185546875,1,0.3174591660499573,0.5730330348014832,-61.82743835449219,85.94709777832031,20.64042854309082,1,0.16529716551303864,0.6052006483078003,-114.30115509033203,80.08352661132812,18.506267547607422,1,0.7239619493484497,31.12774085998535,643.137939453125,0.49970775842666626,0.4412604868412018,0.43728333711624146,1,-65.94195556640625,32.84791564941406,645.3828125,0.6384578943252563,0.4378630816936493,0.4496099054813385,60979538514,2075736134
5,1,1,2.2475738525390625,1,2.3488616943359375,1,0.3377763330936432,0.5907970666885376,-54.820960998535156,82.70903778076172,19.461875915527344,1,0.14900168776512146,0.6126964688301086,-119.92073822021484,78.71720123291016,18.008901596069336,1,0.717167317867279,31.147968292236328,643.148193359375,0.4997219741344452,0.44121983647346497,0.43730828166007996,1,-65.94306182861328,32.84612274169922,645.3344116210938,0.638471782207489,0.4378601610660553,0.449505478143692,60979546847,2075744467
5,1,1,2.2324981689453125,1,2.3560943603515625,1,0.3415299952030182,0.5679092407226562,-53.5265007019043,86.88108825683594,20.9803524017334,1,0.17004282772541046,0.6328595280647278,-112.66459655761719,75.04182434082031,16.67117691040039,1,0.7139116525650024,31.12966537475586,643.114501953125,0.4997287392616272,0.44125333428382874,0.43723264336586,1,-65.95469665527344,32.83383560180664,645.3916015625,0.6384823322296143,0.43789342045783997,0.44962966442108154,60979555180,2075752800
5,1,1,2.2183990478515625,1,2.3718719482421875,1,0.339633584022522,0.5541446805000305,-54.180477142333984,89.39012145996094,21.893598556518555,1,0.1791396141052246,0.6224507689476013,-109.52753448486328,76.93912506103516,17.361820220947266,1,0.7114554047584534,31.153472900390625,643.1370849609375,0.4997338354587555,0.4412069022655487,0.43728503584861755,1,-65.96148681640625,32.849510192871094,645.3787231445312,0.6384994387626648,0.4378591775894165,0.44960567355155945,60979563514,2075761134
5,1,1,2.2208404541015625,1,2.3065338134765625,1,0.34186261892318726,0.5936746597290039,-53.411800384521484,82.18450927734375,19.270963668823242,1,0.15032272040843964,0.5976337790489197,-119.46516418457031,81.46285247802734,19.008268356323242,1,0.7077116370201111,31.14899253845215,643.137451171875,0.49974170327186584,0.44121623039245605,0.4372851848602295,1,-65.9726791381836,32.843597412109375,645.43505859375,0.638509213924408,0.43787914514541626,0.449728786945343,60979571847,2075769467
5,1,1,2.257354736328125,1,2.3662872314453125,1,0.3391432464122772,0.5868075489997864,-54.349571228027344,83.4362564086914,19.726564407348633,1,0.16825348138809204,0.6089050769805908,-113.28166198730469,79.40825653076172,18.26050567626953,1,0.7032880187034607,31.15395164489746,643.103271484375,0.49975088238716125,0.441201388835907,0.43721166253089905,1,-65.97296142578125,32.83907699584961,645.38818359375,0.6385210156440735,0.43788206577301025,0.44962701201438904,60979580180,2075777800
5,1,1,2.2417755126953125,1,2.3279266357421875,1,0.3354012668132782,0.5804491639137268,-55.6400146484375,84.59529113769531,20.148391723632812,1,0.1566510945558548,0.6287083029747009,-117.28279113769531,75.79849243164062,16.946666717529297,1,0.6983308792114258,31.172643661499023,643.1260375976562,0.4997612535953522,0.44116559624671936,0.43726369738578796,1,-65.9759521484375,32.850067138671875,645.3989868164062,0.6385246515274048,0.43786078691482544,0.44965264201164246,60979588514,2075786134
5,1,1,2.234222412109375,1,2.3542633056640625,1,0.3298080861568451,0.5875759124755859,-57.568851470947266,83.29619598388672,19.675615310668945,1,0.16610901057720184,0.6232109665870667,-114.02119445800781,76.8005599975586,17.311431884765625,1,0.6946392059326172,31.160625457763672,643.1031494140625,0.499769002199173,0.4411875009536743,0.43721234798431396,1,-65.97498321533203,32.83330154418945,645.3763427734375,0.6385281085968018,0.4378924071788788,0.4496011435985565,60979596847,2075794467
5,1,1,2.2161407470703125,1,2.3375244140625,1,0.31988969445228577,0.5891287922859192,-60.98926544189453,83.01316833496094,19.572486877441406,1,0.1658070832490921,0.6160662174224854,-114.12532043457031,78.10291290283203,17.785400390625,1,0.6926673650741577,31.176340103149414,643.091552734375,0.4997729957103729,0.44115328788757324,0.4371892511844635,1,-65.97438049316406,32.84803771972656,645.363525390625,0.6385298371315002,0.4378601014614105,0.44957539439201355,60979605180,2075802800
5,1,1,2.229949951171875,1,2.3375701904296875,1,0.3280049264431,0.5611329674720764,-58.1906852722168,88.11628723144531,21.429946899414062,1,0.17813655734062195,0.6231561303138733,-109.87345123291016,76.81057739257812,17.314958572387695,1,0.6945774555206299,31.162485122680664,643.1030883789062,0.49976909160614014,0.4411836266517639,0.4372124671936035,1,-65.96543884277344,32.82734680175781,645.3076171875,0.6385247707366943,0.437895268201828,0.44944989681243896,60979613517,2075811137
5,1,1,2.2229156494140625,1,2.3458404541015625,1,0.3410138487815857,0.593822717666626,-53.70450210571289,82.15751647949219,19.261125564575195,1,0.15871171653270721,0.6248852014541626,-116.57218933105469,76.49540710449219,17.200223922729492,1,0.6951055526733398,31.17415428161621,643.0914306640625,0.4997679591178894,0.44115784764289856,0.4371887147426605,1,-65.96867370605469,32.84654998779297,645.343505859375,0.6385228037834167,0.4378604590892792,0.44953083992004395,60979621850,2075819470
5,1,1,2.210174560546875,1,2.3384552001953125,1,0.3218705952167511,0.5741446614265442,-60.30611801147461,85.7444839477539,20.56665802001953,1,0.16340555250644684,0.6119044423103333,-114.9534912109375,78.86154174804688,18.061491012573242,1,0.6994636654853821,31.15715789794922,643.0806884765625,0.4997588098049164,0.441191703081131,0.4371631145477295,1,-65.9593505859375,32.83317565917969,645.3087158203125,0.6385118365287781,0.4378833770751953,0.449451744556427,60979630183,2075827803
5,1,1,2.2089080810546875,1,2.299072265625,1,0.33168545365333557,0.5712595582008362,-56.92143249511719,86.2703857421875,20.758075714111328,1,0.16140948235988617,0.6019699573516846,-115.64185333251953,80.67240905761719,18.720657348632812,1,0.7051029205322266,31.144535064697266,643.0919799804688,0.499747097492218,0.4412194788455963,0.43718594312667847,1,-65.95423889160156,32.82981872558594,645.3565673828125,0.6384897232055664,0.4378969371318817,0.44955337047576904,60979638517,2075836137
5,1,1,2.2046356201171875,1,2.385345458984375,1,0.3319156765937805,0.5781267881393433,-56.84205627441406,85.01860046386719,20.302488327026367,1,0.1615334302186966,0.641471266746521,-115.5990982055664,73.47205352783203,16.099853515625,1,0.7138938903808594,31.153947830200195,643.0911865234375,0.4997286796569824,0.44119977951049805,0.4371854066848755,1,-65.93830871582031,32.84434127807617,645.3267211914062,0.6384638547897339,0.4378627836704254,0.44948771595954895,60979646850,2075844470
5,1,1,2.2215423583984375,1,2.3511505126953125,1,0.33238595724105835,0.570118248462677,-56.67987060546875,86.47843170166016,20.83380126953125,1,0.1647086888551712,0.6156643033027649,-114.50408935546875,78.17618560791016,17.812057495117188,1,0.724545419216156,31.13984489440918,643.1256103515625,0.499706506729126,0.44123372435569763,0.437258243560791,1,-65.9251937866211,32.834720611572266,645.3155517578125,0.6384392976760864,0.4378811717033386,0.4494593143463135,60979655183,2075852803
5,1,1,2.2196197509765625,1,2.3343353271484375,1,0.33458182215690613,0.5806488394737244,-55.9226188659668,84.55889129638672,20.135116577148438,1,0.15209396183490753,0.6422752737998962,-118.8543472290039,73.32548522949219,16.046533584594727,1,0.7358474731445312,31.16888999938965,643.07958984375,0.4996826648712158,0.44116729497909546,0.43716245889663696,1,-65.90611267089844,32.865806579589844,645.2255859375,0.6384211182594299,0.4378044605255127,0.4492654502391815,60979663517,2075861137
5,1,1,2.2413787841796875,1,2.327239990234375,1,0.334041029214859,0.5976966619491577,-56.109100341796875,81.45136260986328,19.00412940979004,1,0.15682286024093628,0.6224268078804016,-117.22356414794922,76.94349670410156,17.36338996887207,1,0.7466467618942261,31.173728942871094,643.0679931640625,0.49966001510620117,0.44115573167800903,0.43713802099227905,1,-65.89585876464844,32.871376037597656,645.1686401367188,0.6384134292602539,0.4377850592136383,0.4491409957408905,60979671850,2075869470
5,1,1,2.247955322265625,1,2.3070220947265625,1,0.3546481132507324,0.5950742363929749,-49.002662658691406,81.92938995361328,19.178075790405273,1,0.16377881169319153,0.6320890784263611,-114.82477569580078,75.18226623535156,16.722347259521484,1,0.7567934989929199,31.182220458984375,642.999267578125,0.4996386170387268,0.4411289691925049,0.43699008226394653,1,-65.88727569580078,32.8909797668457,645.1468505859375,0.6384007930755615,0.4377414882183075,0.4490949511528015,60979680183,2075877803
5,1,1,2.2355499267578125,1,2.35125732421875,1,0.33503493666648865,0.601876974105835,-55.7663459777832,80.68936920166016,18.726764678955078,1,0.16704857349395752,0.6426759958267212,-113.69718170166016,73.25244140625,16.01995277404785,1,0.7662165760993958,31.21112060546875,642.987548828125,0.499618798494339,0.4410673975944519,0.43696871399879456,1,-65.86940002441406,32.92369079589844,645.0798950195312,0.6383795738220215,0.43766456842422485,0.44895124435424805,60979688517,2075886137
5,1,1,2.189453125,1,2.3245391845703125,1,0.3310106694698334,0.5687509179115295,-57.154136657714844,86.72766876220703,20.92451286315918,1,0.1598406434059143,0.6332082748413086,-116.18286895751953,74.97823333740234,16.648082733154297,1,0.7809879779815674,31.204517364501953,642.9645385742188,0.4995878338813782,0.4410780668258667,0.43691790103912354,1,-65.86306762695312,32.92913055419922,645.1287231445312,0.6383547186851501,0.43766000866889954,0.44905608892440796,60979696850,2075894470
5,1,1,2.1751861572265625,1,2.3745574951171875,1,0.33455970883369446,0.5811482667922974,-55.93023681640625,84.46786499023438,20.101974487304688,1,0.17970795929431915,0.6276403069496155,-109.33153533935547,75.99317169189453,17.01753044128418,1,0.7945707440376282,31.21810531616211,642.9877319335938,0.4995594322681427,0.44105300307273865,0.43697017431259155,1,-65.85546875,32.945152282714844,645.1774291992188,0.6383271217346191,0.43763354420661926,0.4491618275642395,60979705183,2075902803
5,1,1,2.2237091064453125,1,2.3124847412109375,1,0.3258069157600403,0.598543107509613,-58.94868469238281,81.29707336425781,18.94795036315918,1,0.17325317859649658,0.6134462356567383,-111.55750274658203,78.58052062988281,17.95919418334961,1,0.8085150718688965,31.218013763427734,642.930419921875,0.4995301067829132,0.4410455524921417,0.4368458688259125,1,-65.84274291992188,32.94668960571289,645.16796875,0.6383029818534851,0.4376291036605835,0.449138879776001,60979713517,2075911137
5,1,1,2.2093658447265625,1,2.292572021484375,1,0.34203627705574036,0.611065685749054,-53.351898193359375,79.01443481445312,18.11712646484375,1,0.1530483365058899,0.5965806245803833,-118.52522277832031,81.65478515625,19.078184127807617,1,0.8152861595153809,31.21903419494629,642.9415893554688,0.49951598048210144,0.44104495644569397,0.436870276927948,1,-65.83209228515625,32.94934844970703,645.2056884765625,0.6382718682289124,0.43762877583503723,0.44921836256980896,60979721850,2075919470
5,1,1,2.1940765380859375,1,2.3265533447265625,1,0.3262057602405548,0.597646176815033,-58.811126708984375,81.46056365966797,19.007478713989258,1,0.17672300338745117,0.610023021697998,-110.36091613769531,79.2044906616211,18.186328887939453,1,0.8257889151573181,31.223918914794922,642.99853515625,0.4994940757751465,0.441042423248291,0.4369944632053375,1,-65.81802368164062,32.94987487792969,645.171630859375,0.6382507681846619,0.4376230537891388,0.44914180040359497,60979730183,2075927803
5,1,1,2.21337890625,1,2.3770599365234375,1,0.32959896326065063,0.6209005117416382,-57.64097595214844,77.22171783447266,17.464649200439453,1,0.17554423213005066,0.6315211057662964,-110.76741790771484,75.2857894897461,16.759984970092773,1,0.8330777287483215,31.205913543701172,642.9307861328125,0.4994787275791168,0.4410707652568817,0.436845064163208,1,-65.80023956298828,32.93729782104492,645.139404296875,0.6382216811180115,0.43764472007751465,0.44906654953956604,60979738519,2075936139
5,1,1,2.1974639892578125,1,2.3598785400390625,1,0.3310289680957794,0.6174538135528564,-57.147823333740234,77.85000610351562,17.693294525146484,1,0.17853650450706482,0.6272872090339661,-109.73551940917969,76.05754089355469,17.040908813476562,1,0.8400010466575623,31.20854949951172,642.9646606445312,0.4994643032550812,0.4410698413848877,0.4369189739227295,1,-65.78812408447266,32.933349609375,645.1198120117188,0.6382012367248535,0.437650203704834,0.44902104139328003,60979746852,2075944472
5,1,1,2.2276458740234375,1,2.2967071533203125,1,0.32655641436576843,0.5929846167564392,-58.69020462036133,82.31028747558594,19.31673240661621,1,0.15671750903129578,0.6068187355995178,-117.25989532470703,79.78858184814453,18.39889144897461,1,0.8436199426651001,31.191308975219727,642.942626953125,0.4994567036628723,0.4411027133464813,0.436868816614151,1,-65.78427124023438,32.92665100097656,645.1671142578125,0.6381819248199463,0.43767058849334717,0.449121356010437,60979755185,2075952805
5,1,1,2.2058868408203125,1,2.28826904296875,1,0.3330609202384949,0.5842899084091187,-56.447105407714844,83.89517211914062,19.893613815307617,1,0.15289144217967987,0.6196119785308838,-118.57933044433594,77.45659637451172,17.550159454345703,1,0.8480840921401978,31.16239356994629,642.9542236328125,0.49944746494293213,0.4411643445491791,0.4368899166584015,1,-65.78096008300781,32.914100646972656,645.2271118164062,0.6381608247756958,0.4377048909664154,0.449248343706131,60979763519,2075961139
5,1,1,2.20166015625,1,2.33331298828125,1,0.36232203245162964,0.5978537201881409,-46.35628128051758,81.42273712158203,18.993701934814453,1,0.17851796746253967,0.6316648125648499,-109.74190521240234,75.25959777832031,16.75044059753418,1,0.856895923614502,31.14273452758789,642.9769897460938,0.4994291067123413,0.44120821356773376,0.43693649768829346,1,-65.78138732910156,32.90597152709961,645.26220703125,0.6381533145904541,0.43772658705711365,0.44932302832603455,60979771852,2075969472
5,1,1,2.218902587890625,1,2.3112945556640625,1,0.3387657701969147,0.5857015252113342,-54.4797477722168,83.63787078857422,19.799951553344727,1,0.15056118369102478,0.6207941770553589,-119.3829345703125,77.24109649658203,17.47173309326172,1,0.8693771362304688,31.103588104248047,642.9547729492188,0.4994029700756073,0.4412865936756134,0.43688300251960754,1,-65.77222442626953,32.87982177734375,645.1689453125,0.6381566524505615,0.4377678632736206,0.449116051197052,60979780185,2075977805
5,1,1,2.201507568359375,1,2.32769775390625,1,0.3473163843154907,0.560189962387085,-51.531036376953125,88.28816986083984,21.492483139038086,1,0.17100423574447632,0.6305408477783203,-112.33305358886719,75.46448516845703,16.825029373168945,1,0.9361461997032166,31.086795806884766,643.10302734375,0.4992637038230896,0.4413412809371948,0.437202513217926,1,-65.7127685546875,32.879478454589844,645.217529296875,0.6380215883255005,0.4377754032611847,0.4492078721523285,60979788519,2075986139
5,1,1,2.198638916015625,1,2.3140869140625,1,0.4194354712963104,0.5827811360359192,-26.660459518432617,84.17021179199219,19.993671417236328,1,0.21160724759101868,0.6230466365814209,-98.3309326171875,76.83052062988281,17.322242736816406,1,1.076019048690796,31.075441360473633,643.0230102539062,0.49897071719169617,0.44135454297065735,0.43702778220176697,1,-65.55763244628906,32.84667205810547,644.75439453125,0.6378101110458374,0.43777984380722046,0.44816988706588745,60979796852,2075994472
5,1,1,2.238861083984375,1,2.3244171142578125,1,0.4781213700771332,0.5776997208595276,-6.422379493713379,85.09646606445312,20.33078956604004,1,0.24790015816688538,0.6025869250297546,-85.81514739990234,80.55995178222656,18.67967414855957,1,1.2120190858840942,31.07045555114746,643.205810546875,0.49868690967559814,0.44138938188552856,0.43742409348487854,1,-65.45472717285156,32.85306167602539,644.919189453125,0.6375570893287659,0.43778952956199646,0.44850412011146545,60979805185,2076002805
5,1,1,2.1981964111328125,1,2.2949371337890625,1,0.47548189759254456,0.578890323638916,-7.332592487335205,84.87939453125,20.251850128173828,1,0.24723993241786957,0.5783382654190063,-86.04285430908203,84.98005676269531,20.288450241088867,1,1.2772884368896484,31.065271377563477,643.1029052734375,0.4985498785972595,0.4413865804672241,0.43720051646232605,1,-65.38471984863281,32.859214782714844,644.6734619140625,0.6374701261520386,0.43774303793907166,0.44795942306518555,60979813519,2076011139
5,1,1,2.2039642333984375,1,2.2949371337890625,1,0.4677465856075287,0.5832317471504211,-10.000142097473145,84.08808135986328,19.9637508392334,1,0.2561478018760681,0.5750143527984619,-82.97091674804688,85.58594512939453,20.50895881652832,1,1.2984039783477783,31.04842758178711,643.080078125,0.4985055923461914,0.4414186179637909,0.43714866042137146,1,-65.37617492675781,32.8426628112793,644.675048828125,0.6374520063400269,0.43777763843536377,0.44795864820480347,60979821852,2076019472
5,1,1,2.2027740478515625,1,2.3528594970703125,1,0.45628592371940613,0.5717341899871826,-13.952418327331543,86.18386840820312,20.726577758789062,1,0.26917895674705505,0.5991366505622864,-78.4770736694336,81.18888854980469,18.908536911010742,1,1.3044261932373047,31.044225692749023,643.0797729492188,0.4984930455684662,0.4414273202419281,0.43714746832847595,1,-65.36849975585938,32.823646545410156,644.6656494140625,0.6374384164810181,0.43781572580337524,0.44793397188186646,60979830185,2076027805
5,1,1,2.2010498046875,1,2.3195953369140625,1,0.46643567085266113,0.562408983707428,-10.452235221862793,87.88367462158203,21.345304489135742,1,0.25083643198013306,0.6026842594146729,-84.80257415771484,80.5422134399414,18.673179626464844,1,1.319474220275879,31.043663024902344,643.034423828125,0.4984613358974457,0.4414224922657013,0.43704915046691895,1,-65.36357879638672,32.81702423095703,644.7725830078125,0.6374028325080872,0.4378442168235779,0.448162704706192,60979838519,2076036139
5,1,1,2.1976776123046875,1,2.308135986328125,1,0.47465038299560547,0.563933253288269,-7.61935567855835,87.60584259033203,21.24416732788086,1,0.26020002365112305,0.5912247896194458,-81.5735092163086,82.63107299804688,19.433523178100586,1,1.3388662338256836,31.040695190429688,643.0682983398438,0.4984208643436432,0.4414331912994385,0.43712225556373596,1,-65.35415649414062,32.7982177734375,644.86767578125,0.637360692024231,0.4378963112831116,0.44836318492889404,60979846852,2076044472
5,1,1,2.21356201171875,1,2.2946624755859375,1,0.460832804441452,0.562401294708252,-12.38438892364502,87.88507843017578,21.345808029174805,1,0.26249468326568604,0.6055516004562378,-80.78217315673828,80.01953125,18.48299789428711,1,1.3539583683013916,31.051395416259766,643.1145629882812,0.49838945269584656,0.4414170980453491,0.4372241497039795,1,-65.32939910888672,32.818790435791016,644.8367919921875,0.6373164653778076,0.4378494620323181,0.44829419255256653,60979855185,2076052805
5,1,1,2.1781768798828125,1,2.310394287109375,1,0.47059813141822815,0.5786256790161133,-9.01678466796875,84.92765808105469,20.269372940063477,1,0.25621742010116577,0.577835738658905,-82.94691467285156,85.0716552734375,20.321815490722656,1,1.372176170349121,31.03628921508789,643.079833984375,0.4983512759208679,0.44144394993782043,0.43714678287506104,1,-65.29291534423828,32.77386474609375,644.7979736328125,0.6372501254081726,0.43793734908103943,0.44819602370262146,60979863518,2076061138
5,1,1,2.177490234375,1,2.304840087890625,1,0.47491541504859924,0.5868855714797974,-7.5279459953308105,83.42202758789062,19.721410751342773,1,0.26798006892204285,0.5923159718513489,-78.89051055908203,82.43216705322266,19.36107635498047,1,1.3983824253082275,31.031234741210938,642.9884643554688,0.49829599261283875,0.4414423704147339,0.4369480311870575,1,-65.26102447509766,32.77288055419922,644.8275146484375,0.6371768712997437,0.4379434585571289,0.44825279712677,60979871851,2076069471
5,1,1,2.1851043701171875,1,2.339508056640625,1,0.4706341624259949,0.5777498483657837,-9.004374504089355,85.08732604980469,20.32746696472168,1,0.26730766892433167,0.618371307849884,-79.12239074707031,77.68274688720703,17.632471084594727,1,1.4311994314193726,31.035472869873047,643.0452880859375,0.4982275366783142,0.4414411783218384,0.43707209825515747,1,-65.23717498779297,32.78582763671875,644.9029541015625,0.6371092796325684,0.43792712688446045,0.44841229915618896,60979880184,2076077804
5,1,1,2.2028350830078125,1,2.3105621337890625,1,0.4826394021511078,0.5901387929916382,-4.864307403564453,82.82903289794922,19.505558013916016,1,0.2509479820728302,0.5772226452827454,-84.76409149169922,85.18340301513672,20.36248016357422,1,1.4679601192474365,31.024063110351562,643.0223388671875,0.4981505572795868,0.4414618909358978,0.437020868062973,1,-65.21324920654297,32.766666412353516,644.9195556640625,0.6370557546615601,0.4379691481590271,0.448440283536911,60979888517,2076086137
5,1,1,2.185943603515625,1,2.312652587890625,1,0.46969953179359436,0.5760328769683838,-9.326677322387695,85.40031433105469,20.44135093688965,1,0.2642231583595276,0.6119938492774963,-80.18609619140625,78.84524536132812,18.055570602416992,1,1.5002858638763428,31.028209686279297,643.0680541992188,0.49808308482170105,0.44145941734313965,0.43712079524993896,1,-65.18629455566406,32.777259826660156,644.901123046875,0.6370040774345398,0.4379446804523468,0.448396235704422,60979896851,2076094471
5,1,1,2.2045135498046875,1,2.291290283203125,1,0.46385863423347473,0.6022937297821045,-11.340936660766602,80.61341857910156,18.699106216430664,1,0.26543283462524414,0.5684463381767273,-79.76893615722656,86.78317260742188,20.9447078704834,1,1.5288121700286865,31.025691986083984,643.1138916015625,0.4980236291885376,0.44147077202796936,0.43722003698349,1,-65.15911865234375,32.7596549987793,644.8378295898438,0.6369627714157104,0.4379725158214569,0.44825121760368347,60979905184,2076102804
5,1,1,2.1802825927734375,1,2.3325653076171875,1,0.4610609710216522,0.5849816203117371,-12.305716514587402,83.76909637451172,19.84768295288086,1,0.2833768129348755,0.6153144240379333,-73.58088684082031,78.23999786376953,17.835193634033203,1,1.5527852773666382,31.026689529418945,643.136962890625,0.49797362089157104,0.44147178530693054,0.43727031350135803,1,-65.1119384765625,32.756526947021484,644.7271118164062,0.6368909478187561,0.43796390295028687,0.448001503944397,60979913517,2076111137
5,1,1,2.2227325439453125,1,2.312957763671875,1,0.475259929895401,0.6098394393920898,-7.409151077270508,79.23796081542969,18.19849395751953,1,0.27832600474357605,0.6027176976203918,-75.32268524169922,80.5361328125,18.671016693115234,1,1.573141098022461,31.020450592041016,643.0684204101562,0.4979306757450104,0.4414757192134857,0.43712079524993896,1,-65.07787322998047,32.7548828125,644.6878662109375,0.6368295550346375,0.43796196579933167,0.44790926575660706,60979921851,2076119471
5,1,1,2.1855621337890625,1,2.3112945556640625,1,0.478402704000473,0.586327314376831,-6.325348854064941,83.52378845214844,19.758411407470703,1,0.26342153549194336,0.5910539627075195,-80.4625473022461,82.66222381591797,19.444814682006836,1,1.5950727462768555,31.01371192932129,643.011474609375,0.49788445234298706,0.44148221611976624,0.4369964599609375,1,-65.05215454101562,32.75714874267578,644.7176513671875,0.6367689967155457,0.4379613995552063,0.44796833395957947,60979930184,2076127804
5,1,1,2.192535400390625,1,2.315948486328125,1,0.4848690330982208,0.6023024320602417,-4.0954179763793945,80.6118392944336,18.698532104492188,1,0.2518537640571594,0.5817095041275024,-84.45175170898438,84.36552429199219,20.06481170654297,1,1.6217715740203857,31.014497756958008,642.9993896484375,0.49782848358154297,0.44147905707359314,0.43697044253349304,1,-65.03514862060547,32.77871322631836,644.802978515625,0.6367133855819702,0.4379284679889679,0.44815197587013245,60979938517,2076136137
5,1,1,2.1862335205078125,1,2.3431854248046875,1,0.4768308401107788,0.6073067784309387,-6.867398738861084,79.69959259033203,18.366548538208008,1,0.26036643981933594,0.6097692251205444,-81.5160903930664,79.2507553100586,18.2031307220459,1,1.6495780944824219,31.00813865661621,642.9656372070312,0.49777016043663025,0.44148778915405273,0.43689656257629395,1,-65.01380920410156,32.781368255615234,644.793701171875,0.636671245098114,0.4379217326641083,0.4481276869773865,60979946851,2076144471
5,1,1,2.1504364013671875,1,2.2952423095703125,1,0.4783433675765991,0.5978031754493713,-6.345824241638184,81.43196868896484,18.997047424316406,1,0.2549695074558258,0.5897594094276428,-83.37727355957031,82.898193359375,19.530710220336914,1,1.6760613918304443,31.015335083007812,643.022705078125,0.4977149963378906,0.44148048758506775,0.43702152371406555,1,-64.9918212890625,32.796722412109375,644.74169921875,0.6366377472877502,0.43788281083106995,0.44801291823387146,60979955184,2076152804
5,1,1,2.206756591796875,1,2.3190765380859375,1,0.46847644448280334,0.6106966733932495,-9.748461723327637,79.08168029785156,18.141658782958984,1,0.2587750554084778,0.6091355681419373,-82.06491088867188,79.36627197265625,18.245149612426758,1,1.6990702152252197,31.023134231567383,643.079345703125,0.4976671636104584,0.44147181510925293,0.4371455907821655,1,-64.97489929199219,32.81522750854492,644.6732177734375,0.6366187334060669,0.43783503770828247,0.4478641748428345,60979963517,2076161137
5,1,1,2.213226318359375,1,2.326873779296875,1,0.46303561329841614,0.6168593168258667,-11.624768257141113,77.95834350585938,17.732812881469727,1,0.2582174241542816,0.6225645542144775,-82.25721740722656,76.91839599609375,17.354276657104492,1,1.6959080696105957,31.0233154296875,643.067626953125,0.49767372012138367,0.44146987795829773,0.437120258808136,1,-64.98475646972656,32.84190368652344,644.78955078125,0.6366116404533386,0.4377957880496979,0.44812119007110596,60979971851,2076169471
5,1,1,2.1996307373046875,1,2.3126983642578125,1,0.4303215444087982,0.5785129070281982,-22.90635108947754,84.94822692871094,20.27686309814453,1,0.21930725872516632,0.6283195614814758,-95.67554473876953,75.86937713623047,16.97241973876953,1,1.6265509128570557,31.022504806518555,642.9765625,0.49781835079193115,0.44145938754081726,0.436922162771225,1,-65.03385925292969,32.8868408203125,644.9200439453125,0.6366825103759766,0.43772053718566895,0.44841983914375305,60979980184,2076177804
5,1,1,2.183380126953125,1,2.300140380859375,1,0.4346345365047455,0.5636138319969177,-21.41899299621582,87.6640625,21.265342712402344,1,0.21659499406814575,0.6094406843185425,-96.61087799072266,79.3106460571289,18.224929809570312,1,1.5976089239120483,31.029794692993164,643.0567626953125,0.49787935614585876,0.44145479798316956,0.43709704279899597,1,-65.03313446044922,32.898712158203125,644.791015625,0.6367114782333374,0.43767809867858887,0.448142945766449,60979988517,2076186137
5,1,1,2.201812744140625,1,2.327423095703125,1,0.43233975768089294,0.566280722618103,-22.210355758666992,87.17793273925781,21.088403701782227,1,0.22406713664531708,0.6040284037590027,-94.03407287597656,80.2972183227539,18.584030151367188,1,1.6066761016845703,31.045827865600586,643.0452270507812,0.497860312461853,0.4414199888706207,0.437074214220047,1,-65.02497863769531,32.9171028137207,644.7703857421875,0.636699378490448,0.43763718008995056,0.448099285364151,60979996851,2076194471
5,1,1,2.1434478759765625,1,2.3073272705078125,1,0.4327298402786255,0.5553767085075378,-22.07583236694336,89.16554260253906,21.81182289123535,1,0.22455817461013794,0.6024282574653625,-93.86475372314453,80.58891296386719,18.690147399902344,1,1.6309702396392822,31.060359954833984,643.1026611328125,0.4978097975254059,0.441397488117218,0.4372009336948395,1,-65.0068130493164,32.92340850830078,644.78369140625,0.6366584300994873,0.4376259744167328,0.44812503457069397,60980005192,2076202812
5,1,1,2.187835693359375,1,2.2674407958984375,1,0.4397541880607605,0.5803177952766418,-19.653459548950195,84.61923217773438,20.157108306884766,1,0.2142702341079712,0.5912193655967712,-97.41259002685547,82.6320571899414,19.433862686157227,1,1.6458635330200195,31.0651798248291,643.1248779296875,0.4977787137031555,0.4413904547691345,0.43724989891052246,1,-65.00312042236328,32.92633056640625,644.8087158203125,0.6366448402404785,0.43762338161468506,0.44817861914634705,60980013525,2076211145
5,1,1,2.17724609375,1,2.284423828125,1,0.42125430703163147,0.5861523151397705,-26.033222198486328,83.55567169189453,19.770065307617188,1,0.21828071773052216,0.6171789169311523,-96.02955627441406,77.90010833740234,17.711566925048828,1,1.6526901721954346,31.088603973388672,643.1366577148438,0.4977644085884094,0.44134339690208435,0.437278687953949,1,-65.00912475585938,32.93608093261719,644.8311767578125,0.6366519927978516,0.4376062750816345,0.4482298493385315,60980021859,2076219479
5,1,1,2.188568115234375,1,2.3153839111328125,1,0.4407806396484375,0.5748087763786316,-19.299497604370117,85.62342071533203,20.52263641357422,1,0.21426080167293549,0.6005722880363464,-97.41584777832031,80.92718505859375,18.813371658325195,1,1.6539556980133057,31.096446990966797,643.113525390625,0.49776166677474976,0.44132402539253235,0.437229722738266,1,-65.00575256347656,32.938148498535156,644.8672485351562,0.63663649559021,0.4376069903373718,0.44830721616744995,60980030192,2076227812
5,1,1,2.163726806640625,1,2.2910919189453125,1,0.43875056505203247,0.5692755579948425,-19.999574661254883,86.63202667236328,20.88970947265625,1,0.21997235715389252,0.6037043929100037,-95.44619750976562,80.35629272460938,18.60554313659668,1,1.6558055877685547,31.115962982177734,643.125,0.49775779247283936,0.44128504395484924,0.437257319688797,1,-65.00875091552734,32.9432373046875,644.8779907226562,0.6366400718688965,0.4375979006290436,0.448331743478775,60980038525,2076236145
5,1,1,2.17852783203125,1,2.3276519775390625,1,0.4343954920768738,0.584671139717102,-21.501432418823242,83.82568359375,19.8682918548584,1,0.24091736972332,0.6258404850959778,-88.22320556640625,76.32125091552734,17.13689422607422,1,1.6563236713409424,31.12130355834961,643.067626953125,0.49775639176368713,0.44126632809638977,0.43713366985321045,1,-65.0146484375,32.94394302368164,644.900390625,0.63664710521698,0.4375995099544525,0.4483815133571625,60980046859,2076244479
5,1,1,2.20257568359375,1,2.3547210693359375,1,0.44542568922042847,0.583122730255127,-17.697620391845703,84.10795593261719,19.97101593017578,1,0.2402230203151703,0.5992481708526611,-88.46265411376953,81.16854095458984,18.90118408203125,1,1.650152325630188,31.117504119873047,643.0906982421875,0.49776944518089294,0.44127729535102844,0.4371830224990845,1,-65.0167236328125,32.935386657714844,644.8651733398438,0.6366597414016724,0.4376124143600464,0.44830480217933655,60980055192,2076252812
5,1,1,2.1963043212890625,1,2.2801361083984375,1,0.43175697326660156,0.5780677199363708,-22.41133689880371,85.02937316894531,20.306411743164062,1,0.21995989978313446,0.6124095320701599,-95.45048522949219,78.76947021484375,18.02798843383789,1,1.6445472240447998,31.116535186767578,643.1021728515625,0.4977812170982361,0.4412807822227478,0.43720781803131104,1,-65.02095031738281,32.932350158691406,644.8521728515625,0.6366716027259827,0.43761691451072693,0.448277086019516,60980063525,2076261145
5,1,1,2.186065673828125,1,2.3167266845703125,1,0.434847354888916,0.5737963914871216,-21.345603942871094,85.80795288085938,20.58978843688965,1,0.2218717485666275,0.6074355244636536,-94.7911605834961,79.6761474609375,18.357982635498047,1,1.6378443241119385,31.100643157958984,643.113525390625,0.49779531359672546,0.44131529331207275,0.43723011016845703,1,-65.03009796142578,32.927406311035156,644.8621826171875,0.6366882920265198,0.43762847781181335,0.4483000338077545,60980071859,2076269479
5,1,1,2.2034759521484375,1,2.2982025146484375,1,0.4316016435623169,0.5760243535041809,-22.464895248413086,85.40184020996094,20.44196319580078,1,0.22623904049396515,0.6103853583335876,-93.28507232666016,79.13843536376953,18.16225814819336,1,1.6253936290740967,31.09252166748047,643.0908203125,0.49782127141952515,0.44132909178733826,0.437179833650589,1,-65.03923797607422,32.92652893066406,644.8720703125,0.6367048621177673,0.43763166666030884,0.448323130607605,60980080192,2076277812
5,1,1,2.1739044189453125,1,2.3046417236328125,1,0.4248456358909607,0.5733373165130615,-24.794740676879883,85.89165496826172,20.620216369628906,1,0.2462894767522812,0.6103709936141968,-86.37060546875,79.14104461669922,18.163272857666016,1,1.6115968227386475,31.073184967041016,643.045654296875,0.4978499114513397,0.44136327505111694,0.43707898259162903,1,-65.0498046875,32.918174743652344,644.8587646484375,0.6367300152778625,0.43764713406562805,0.448295533657074,60980088525,2076286145
5,1,1,2.1862030029296875,1,2.311676025390625,1,0.43774187564849854,0.5737269520759583,-20.347410202026367,85.82062530517578,20.5943546295166,1,0.22187773883342743,0.5971371531486511,-94.78910827636719,81.5533676147461,19.04123306274414,1,1.5996900796890259,31.075439453125,643.056640625,0.4978748857975006,0.4413599967956543,0.43710315227508545,1,-65.05390930175781,32.912254333496094,644.7863159179688,0.6367557644844055,0.43764933943748474,0.4481392204761505,60980096859,2076294479
5,1,1,2.1650543212890625,1,2.32940673828125,1,0.429810106754303,0.557209312915802,-23.08271598815918,88.83150482177734,21.690235137939453,1,0.22790007293224335,0.633936882019043,-92.71227264404297,74.84542083740234,16.599775314331055,1,1.5890886783599854,31.074867248535156,643.091552734375,0.49789729714393616,0.4413658082485199,0.4371786415576935,1,-65.07011413574219,32.914894104003906,644.8424072265625,0.6367761492729187,0.4376516342163086,0.44826409220695496,60980105192,2076302812
5,1,1,2.20513916015625,1,2.302001953125,1,0.4317171573638916,0.5688508152961731,-22.425065994262695,86.70946502685547,20.917879104614258,1,0.2268562614917755,0.6134985685348511,-93.0722427368164,78.57095336914062,17.95576286315918,1,1.576804280281067,31.063247680664062,643.1600952148438,0.4979234039783478,0.4413990080356598,0.43732577562332153,1,-65.08209228515625,32.90776062011719,644.861572265625,0.6367965340614319,0.43766897916793823,0.448307067155838,60980113525,2076311145
5,1,1,2.122894287109375,1,2.3261871337890625,1,0.41762593388557434,0.5477722883224487,-27.284473419189453,90.55167388916016,22.316370010375977,1,0.2463153898715973,0.6375625133514404,-86.36167907714844,74.1845703125,16.35915184020996,1,1.5660715103149414,31.066211700439453,643.079833984375,0.4979454278945923,0.44138219952583313,0.4371519684791565,1,-65.10386657714844,32.916015625,644.9292602539062,0.6368256211280823,0.43766120076179504,0.4484589993953705,60980121859,2076319479
5,1,1,2.164764404296875,1,2.2920989990234375,1,0.43914809823036194,0.5568608641624451,-19.86248779296875,88.89501953125,21.713335037231445,1,0.24840882420539856,0.6349716782569885,-85.63973999023438,74.65678405761719,16.531126022338867,1,1.55684494972229,31.05893898010254,643.1142578125,0.49796491861343384,0.44140180945396423,0.4372256100177765,1,-65.1191177368164,32.91297912597656,644.9959716796875,0.6368415355682373,0.43767669796943665,0.44860586524009705,60980130192,2076327812
5,1,1,2.16845703125,1,2.2770233154296875,1,0.442150354385376,0.5577927827835083,-18.82714080810547,88.72513580322266,21.65156364440918,1,0.23597833514213562,0.6403878331184387,-89.92645263671875,73.66951751708984,16.17176055908203,1,1.5505189895629883,31.06101417541504,643.0687866210938,0.49797794222831726,0.4413914680480957,0.43712714314460754,1,-65.12991333007812,32.91520690917969,644.9942626953125,0.6368643641471863,0.43767181038856506,0.4486048221588135,60980138528,2076336148
5,1,1,2.1723175048828125,1,2.2848052978515625,1,0.43713635206222534,0.5639903545379639,-20.556236267089844,87.59544372558594,21.240360260009766,1,0.2394961714744568,0.605596661567688,-88.71331787109375,80.0113754272461,18.479923248291016,1,1.5399279594421387,31.075218200683594,643.0797729492188,0.4980001151561737,0.4413634240627289,0.4371528923511505,1,-65.14877319335938,32.92243957519531,645.06103515625,0.6368876695632935,0.4376659691333771,0.44875407218933105,60980146862,2076344482
5,1,1,2.171966552734375,1,2.3105926513671875,1,0.4399758577346802,0.557744026184082,-19.57701873779297,88.7340087890625,21.654794692993164,1,0.23695755004882812,0.6259291768074036,-89.58877563476562,76.30509185791016,17.130992889404297,1,1.529841661453247,31.05784034729004,643.079833984375,0.4980212450027466,0.4413995146751404,0.4371505081653595,1,-65.15969848632812,32.913116455078125,645.0591430664062,0.6369107961654663,0.4376850426197052,0.4487510323524475,60980155195,2076352815
5,1,1,2.1816253662109375,1,2.2670440673828125,1,0.4391762912273407,0.562199056148529,-19.85274887084961,87.92194366455078,21.359209060668945,1,0.23455312848091125,0.6169970035552979,-90.4179458618164,77.9332504272461,17.72364044189453,1,1.5199048519134521,31.06866455078125,643.0571899414062,0.49804192781448364,0.4413740038871765,0.43710288405418396,1,-65.17124938964844,32.916404724121094,645.0687866210938,0.6369324922561646,0.4376794993877411,0.4487747848033905,60980163528,2076361148
5,1,1,2.1628875732421875,1,2.251953125,1,0.429459810256958,0.5676633715629578,-23.203535079956055,86.9259033203125,20.996667861938477,1,0.23504886031150818,0.6050010919570923,-90.24698638916016,80.1198959350586,18.519485473632812,1,1.5067492723464966,31.056856155395508,643.091064453125,0.4980696737766266,0.44140300154685974,0.43717464804649353,1,-65.17147827148438,32.89253616333008,644.9395141601562,0.6369637250900269,0.4377111494541168,0.4484924376010895,60980171862,2076369482
5,1,1,2.150299072265625,1,2.270721435546875,1,0.43867966532707214,0.5711833834648132,-20.024003982543945,86.28426361083984,20.763103485107422,1,0.22767166793346405,0.6213334202766418,-92.79104614257812,77.14279174804688,17.435945510864258,1,1.4875081777572632,31.07671546936035,643.1029052734375,0.49810993671417236,0.44136327505111694,0.437203049659729,1,-65.18296813964844,32.90715789794922,644.9486083984375,0.6369854807853699,0.43768203258514404,0.4485165774822235,60980180195,2076377815
5,1,1,2.159271240234375,1,2.260711669921875,1,0.4356606602668762,0.5608386993408203,-21.065134048461914,88.16991424560547,21.4494686126709,1,0.22727616131305695,0.6159901022911072,-92.92743682861328,78.1167984008789,17.790420532226562,1,1.4731860160827637,31.083904266357422,643.0914306640625,0.49813979864120483,0.44134679436683655,0.4371790289878845,1,-65.19540405273438,32.90452575683594,644.9229736328125,0.6370173096656799,0.43768393993377686,0.448463499546051,60980188528,2076386148
5,1,1,2.1443328857421875,1,2.295989990234375,1,0.4265562891960144,0.5624772906303406,-24.20482063293457,87.87124633789062,21.340736389160156,1,0.23829838633537292,0.6226075887680054,-89.12638092041016,76.91058349609375,17.351348876953125,1,1.4614217281341553,31.069618225097656,643.12548828125,0.4981646239757538,0.44138094782829285,0.4372508227825165,1,-65.20156860351562,32.885597229003906,644.8633422851562,0.6370443105697632,0.43771496415138245,0.4483334720134735,60980196862,2076394482
5,1,1,2.2126617431640625,1,2.2858734130859375,1,0.43034133315086365,0.5909425020217896,-22.89951515197754,82.6825180053711,19.45221710205078,1,0.2337847799062729,0.611685574054718,-90.68290710449219,78.90145111083984,18.07600975036621,1,1.4462015628814697,31.086509704589844,643.2052612304688,0.49819689989089966,0.4413563907146454,0.43742623925209045,1,-65.21210479736328,32.89057159423828,644.8488159179688,0.6370696425437927,0.43770259618759155,0.44830507040023804,60980205195,2076402815
5,1,1,2.1391448974609375,1,2.2822265625,1,0.4278895854949951,0.5663031935691833,-23.745025634765625,87.17384338378906,21.086896896362305,1,0.2385781705379486,0.6193453669548035,-89.0298843383789,77.50518798828125,17.56785011291504,1,1.4324040412902832,31.073116302490234,643.1827392578125,0.4982256591320038,0.44138121604919434,0.437375545501709,1,-65.22669982910156,32.8807258605957,644.8694458007812,0.6370951533317566,0.43772584199905396,0.4483513832092285,60980213528,2076411148
5,1,1,2.1474609375,1,2.2662811279296875,1,0.43173882365226746,0.5674663782119751,-22.41759490966797,86.96180725097656,21.009727478027344,1,0.22677570581436157,0.6117959022521973,-93.10001373291016,78.88133239746094,18.06867218017578,1,1.4405338764190674,31.078386306762695,643.2166748046875,0.49820879101753235,0.441374808549881,0.4374498426914215,1,-65.23646545410156,32.890411376953125,644.94970703125,0.6370964050292969,0.4377167820930481,0.44852811098098755,60980221862,2076419482
5,1,1,2.1555328369140625,1,2.2977447509765625,1,0.4672280550003052,0.5755542516708374,-10.178975105285645,85.48753356933594,20.473173141479492,1,0.29339727759361267,0.6165933609008789,-70.12528228759766,78.00687408447266,17.75032615661621,1,1.539712905883789,31.06438446044922,643.1826171875,0.4980011582374573,0.44139957427978516,0.437374472618103,1,-65.16220092773438,32.90860366821289,645.01171875,0.6369273066520691,0.43768784403800964,0.448648601770401,60980230195,2076427815
5,1,1,2.1912689208984375,1,2.299224853515625,1,0.5291576981544495,0.5671771168708801,11.177733421325684,87.01455688476562,21.02890968322754,1,0.31868812441825867,0.6103498339653015,-61.40361785888672,79.14495086669922,18.164554595947266,1,1.6325575113296509,31.07453155517578,643.3080444335938,0.4978075623512268,0.4413953125476837,0.4376484751701355,1,-65.05609130859375,32.90876388549805,644.9395751953125,0.6367239952087402,0.4376777410507202,0.448469877243042,60980238528,2076436148
5,1,1,2.1591339111328125,1,2.2661285400390625,1,0.516787052154541,0.5744278430938721,6.911642551422119,85.69287872314453,20.547863006591797,1,0.2915170192718506,0.5611557364463806,-70.773681640625,88.11212158203125,21.42841911315918,1,1.6457018852233887,31.091957092285156,643.2962036132812,0.4977799654006958,0.4413575828075409,0.43762537837028503,1,-65.05388641357422,32.929691314697266,644.9971923828125,0.636705756187439,0.43764233589172363,0.44859686493873596,60980246862,2076444482
5,1,1,2.1633758544921875,1,2.31231689453125,1,0.5193380117416382,0.5600656270980835,7.791351795196533,88.31084442138672,21.500761032104492,1,0.3133230209350586,0.5700013041496277,-63.2537841796875,86.49971008300781,20.84156036376953,1,1.6218674182891846,31.064605712890625,643.2058715820312,0.4978293776512146,0.4414023458957672,0.437425434589386,1,-65.07951354980469,32.92374801635742,644.932861328125,0.6367742419242859,0.43764570355415344,0.44846272468566895,60980255195,2076452815
5,1,1,2.1684722900390625,1,2.3065643310546875,1,0.523579478263855,0.5698509812355042,9.254046440124512,86.52713775634766,20.851533889770508,1,0.31478065252304077,0.5964927077293396,-62.751129150390625,81.67082214355469,19.083995819091797,1,1.5932705402374268,31.0730037689209,643.2740478515625,0.49788951873779297,0.4413939118385315,0.4375742971897125,1,-65.10821533203125,32.922218322753906,644.9400634765625,0.6368321180343628,0.43764981627464294,0.4484842121601105,60980263530,2076461150
5,1,1,2.16937255859375,1,2.291595458984375,1,0.5157188177108765,0.5658361911773682,6.543276309967041,87.25897216796875,21.11789321899414,1,0.3065933883190155,0.5870072245597839,-65.57454681396484,83.39985656738281,19.71329116821289,1,1.5825707912445068,31.086402893066406,643.262451171875,0.49791184067726135,0.4413645267486572,0.43755096197128296,1,-65.13287353515625,32.9251708984375,644.99365234375,0.6368706226348877,0.4376510977745056,0.44860562682151794,60980271864,2076469484
5,1,1,2.1526947021484375,1,2.22833251953125,1,0.500220000743866,0.566704511642456,1.19844651222229,87.1006851196289,21.060253143310547,1,0.3126455843448639,0.5839702486991882,-63.48741149902344,83.95342254638672,19.91481590270996,1,1.5700145959854126,31.08565902709961,643.2166748046875,0.4979378581047058,0.4413599371910095,0.43745145201683044,1,-65.15894317626953,32.92304229736328,644.9991455078125,0.6369234919548035,0.4376561641693115,0.4486227333545685,60980280197,2076477817
5,1,1,2.1356658935546875,1,2.3226165771484375,1,0.5003705024719238,0.5751007199287415,1.250327467918396,85.57022094726562,20.50322914123535,1,0.3124980032444,0.612645149230957,-63.538299560546875,78.72652435302734,18.012340545654297,1,1.5538249015808105,31.095458984375,643.2169189453125,0.49797168374061584,0.4413396120071411,0.4374532997608185,1,-65.17942810058594,32.919036865234375,644.936767578125,0.6369807720184326,0.43765583634376526,0.44849202036857605,60980288530,2076486150
5,1,1,2.15972900390625,1,2.2880401611328125,1,0.5040951371192932,0.5838379263877869,2.534794330596924,83.97757720947266,19.92355728149414,1,0.3129701614379883,0.605900764465332,-63.3754768371582,79.9559097290039,18.459810256958008,1,1.528328776359558,31.09296226501465,643.1825561523438,0.4980248808860779,0.4413401782512665,0.43737831711769104,1,-65.19126892089844,32.8958854675293,644.8179931640625,0.6370336413383484,0.43768739700317383,0.448234885931015,60980296864,2076494484
5,1,1,2.1438751220703125,1,2.3072509765625,1,0.4982568621635437,0.5886279940605164,0.5214440822601318,83.10442352294922,19.605743408203125,1,0.31312796473503113,0.5958835482597351,-63.321083068847656,81.78187561035156,19.12439727783203,1,1.4996867179870605,31.141830444335938,643.15966796875,0.4980846047401428,0.44123566150665283,0.437335342168808,1,-65.21214294433594,32.904632568359375,644.7900390625,0.6370836496353149,0.43766531348228455,0.448180228471756,60980305197,2076502817
5,1,1,2.206085205078125,1,2.3111572265625,1,0.5050516724586487,0.5968657732009888,2.8646721839904785,81.60282897949219,19.059219360351562,1,0.32987821102142334,0.6197825074195862,-57.544677734375,77.42550659179688,17.53885269165039,1,1.4684561491012573,31.137115478515625,643.1368408203125,0.4981498420238495,0.4412423372268677,0.437284916639328,1,-65.24478149414062,32.900001525878906,644.8539428710938,0.6371363401412964,0.43768370151519775,0.448324590921402,60980313530,2076511150
5,1,1,2.1614227294921875,1,2.2755889892578125,1,0.5138688087463379,0.6143178939819336,5.9052958488464355,78.42162322998047,17.9013729095459,1,0.2887970507144928,0.6016867160797119,-71.71167755126953,80.72403717041016,18.739437103271484,1,1.4388747215270996,31.193201065063477,643.1128540039062,0.49821150302886963,0.4411226212978363,0.4372406005859375,1,-65.26930236816406,32.91615295410156,644.8719482421875,0.637182891368866,0.4376526474952698,0.44837117195129395,60980321864,2076519484
5,1,1,2.1556549072265625,1,2.2921295166015625,1,0.5170713663101196,0.6003852486610413,7.009723663330078,80.96128845214844,18.82575798034668,1,0.2996169328689575,0.6137914657592773,-67.98040008544922,78.51756286621094,17.936267852783203,1,1.4178316593170166,31.170656204223633,643.1367797851562,0.49825572967529297,0.4411725699901581,0.43728914856910706,1,-65.29436492919922,32.90403747558594,644.8789672851562,0.637233316898346,0.4376786947250366,0.44838985800743103,60980330197,2076527817
5,1,1,2.151397705078125,1,2.258697509765625,1,0.5051583647727966,0.609113872051239,2.9014594554901123,79.3702163696289,18.24663734436035,1,0.31486377120018005,0.5920636653900146,-62.72245788574219,82.47816467285156,19.37778663635254,1,1.3921825885772705,31.18667984008789,643.1248779296875,0.49830931425094604,0.4411376714706421,0.437265545129776,1,-65.32626342773438,32.907073974609375,644.8963623046875,0.6372954249382019,0.43767476081848145,0.44843485951423645,60980338530,2076536150
5,1,1,2.211090087890625,1,2.2584686279296875,1,0.5204975008964539,0.6319875717163086,8.1912260055542,75.20077514648438,16.729021072387695,1,0.3164313733577728,0.6066726446151733,-62.18187713623047,79.8152084350586,18.408586502075195,1,1.36885404586792,31.20517349243164,643.1129760742188,0.4983580410480499,0.441097617149353,0.43724218010902405,1,-65.35115814208984,32.9066047668457,644.8448486328125,0.6373593807220459,0.4376685321331024,0.44832897186279297,60980346864,2076544484
5,1,1,2.1634674072265625,1,2.2512969970703125,1,0.5136749148368835,0.6229050755500793,5.8384108543396,76.85633087158203,17.331647872924805,1,0.3104182779788971,0.5836513042449951,-64.2555160522461,84.0115966796875,19.935955047607422,1,1.3500802516937256,31.204668045043945,643.1583862304688,0.4983975291252136,0.4411046802997589,0.43734049797058105,1,-65.37151336669922,32.896358489990234,644.77978515625,0.637417197227478,0.43768075108528137,0.44819149374961853,60980355197,2076552817
5,1,1,2.169219970703125,1,2.278289794921875,1,0.4984114468097687,0.6099945902824402,0.5747462511062622,79.20968627929688,18.188203811645508,1,0.3228631615638733,0.5965571403503418,-59.96384811401367,81.65909576416016,19.07969856262207,1,1.3324484825134277,31.20806312561035,643.0899658203125,0.49843406677246094,0.4410884976387024,0.437192440032959,1,-65.3887939453125,32.89080810546875,644.7080078125,0.6374702453613281,0.43768230080604553,0.4480394423007965,60980363530,2076561150
5,1,1,2.1476898193359375,1,2.27984619140625,1,0.5127729177474976,0.6184306740760803,5.527372360229492,77.67193603515625,17.62848472595215,1,0.31003984808921814,0.6221396327018738,-64.38601684570312,76.99586486816406,17.382415771484375,1,1.3124375343322754,31.18866539001465,643.0220947265625,0.49847570061683655,0.4411197304725647,0.4370425045490265,1,-65.40934753417969,32.876686096191406,644.7534790039062,0.637502133846283,0.43771785497665405,0.448140025138855,60980371864,2076569484
5,1,1,2.1884918212890625,1,2.2914276123046875,1,0.5057656764984131,0.6345887184143066,3.1108925342559814,74.72659301757812,16.556509017944336,1,0.3260040283203125,0.6031478047370911,-58.88068771362305,80.45772552490234,18.6424617767334,1,1.2906124591827393,31.179370880126953,642.9884033203125,0.49852123856544495,0.4411344826221466,0.4369679391384125,1,-65.42974853515625,32.870697021484375,644.7946166992188,0.6375347971916199,0.437735915184021,0.44823238253593445,60980380197,2076577817
5,1,1,2.1997222900390625,1,2.3000335693359375,1,0.5021654367446899,0.6223010420799255,1.869321346282959,76.96644592285156,17.3717041015625,1,0.3234591484069824,0.6069374084472656,-59.758304595947266,79.76697540283203,18.390972137451172,1,1.2731311321258545,31.187557220458984,642.9877319335938,0.49855783581733704,0.44111737608909607,0.43696752190589905,1,-65.45108795166016,32.877784729003906,644.82373046875,0.637572169303894,0.43772515654563904,0.448300838470459,60980388530,2076586150
5,1,1,2.2090606689453125,1,2.306640625,1,0.5201412439346313,0.6198452711105347,8.068355560302734,77.41407012939453,17.534645080566406,1,0.31663715839385986,0.620459794998169,-62.110904693603516,77.30204772949219,17.49387550354004,1,1.2532379627227783,31.18997573852539,642.9647216796875,0.4985993504524231,0.44110924005508423,0.43691790103912354,1,-65.47077941894531,32.882381439208984,644.867431640625,0.6376025676727295,0.4377216398715973,0.44840008020401,60980396867,2076594487
5,1,1,2.1454925537109375,1,2.2860260009765625,1,0.5127243399620056,0.5894449949264526,5.510612964630127,82.95549774169922,19.55156707763672,1,0.323002427816391,0.6332631707191467,-59.915809631347656,74.96820831298828,16.644474029541016,1,1.237976312637329,31.19403839111328,642.9990844726562,0.49863144755363464,0.44110536575317383,0.436992883682251,1,-65.48375701904297,32.885650634765625,644.8531494140625,0.6376329660415649,0.4377128481864929,0.44837260246276855,60980405201,2076602821
5,1,1,2.1722412109375,1,2.2716827392578125,1,0.5217090845108032,0.6097897887229919,8.60905647277832,79.24700927734375,18.201772689819336,1,0.29652145504951477,0.6062682271003723,-69.04788970947266,79.88894653320312,18.435354232788086,1,1.2288312911987305,31.20269775390625,643.0106201171875,0.4986506402492523,0.4410889148712158,0.43701913952827454,1,-65.49540710449219,32.89109802246094,644.8388671875,0.637660562992096,0.437699556350708,0.44834500551223755,60980413534,2076611154
5,1,1,2.1459197998046875,1,2.2630157470703125,1,0.5155014395713806,0.609474241733551,6.46830415725708,79.30452728271484,18.22270393371582,1,0.32252106070518494,0.6064059138298035,-60.08180618286133,79.86382293701172,18.426288604736328,1,1.2183741331100464,31.202795028686523,643.021728515625,0.49867260456085205,0.4410901367664337,0.43704330921173096,1,-65.50859832763672,32.89515686035156,644.88330078125,0.6376773118972778,0.43769726157188416,0.4484443962574005,60980421868,2076619488
5,1,1,2.1690826416015625,1,2.26739501953125,1,0.5201274752616882,0.6009737253189087,8.063620567321777,80.85401916503906,18.786684036254883,1,0.2967134714126587,0.6074995994567871,-68.98165130615234,79.66445922851562,18.353721618652344,1,1.2104218006134033,31.215255737304688,642.964111328125,0.4986889064311981,0.44105657935142517,0.4369198977947235,1,-65.50590515136719,32.90659713745117,644.8020629882812,0.6376910209655762,0.4376623034477234,0.44827017188072205,60980430201,2076627821
5,1,1,2.1661376953125,1,2.2707672119140625,1,0.51216059923172,0.608101487159729,5.316215515136719,79.55476379394531,18.313785552978516,1,0.30800944566726685,0.5920770168304443,-65.0862045288086,82.47570037841797,19.37696075439453,1,1.1768635511398315,31.22728729248047,642.987060546875,0.4987592399120331,0.44103458523750305,0.4369712471961975,1,-65.5300064086914,32.91063690185547,644.78515625,0.6377451419830322,0.4376515746116638,0.44823941588401794,60980438534,2076636154
5,1,1,2.1721038818359375,1,2.3256683349609375,1,0.5011662244796753,0.5786130428314209,1.5247547626495361,84.9299545288086,20.2702693939209,1,0.29169976711273193,0.5700010061264038,-70.7106704711914,86.49977111816406,20.841630935668945,1,1.1338876485824585,31.250625610351562,643.1355590820312,0.4988497197628021,0.44100579619407654,0.43729645013809204,1,-65.5940933227539,32.941688537597656,644.9248046875,0.6378448009490967,0.4376063942909241,0.44855931401252747,60980446867,2076644487
5,1,1,2.1573028564453125,1,2.29388427734375,1,0.4674576222896576,0.547379732131958,-10.09981632232666,90.6232681274414,22.342344284057617,1,0.26384785771369934,0.5319181084632874,-80.31552124023438,93.44164276123047,23.368167877197266,1,1.0917285680770874,31.262054443359375,643.1246337890625,0.4989379048347473,0.4409805238246918,0.437274307012558,1,-65.63687133789062,32.983070373535156,645.0790405273438,0.6378966569900513,0.4375418722629547,0.44890734553337097,60980455201,2076652821
5,1,1,2.1573638916015625,1,2.2869873046875,1,0.48530998826026917,0.5300450921058655,-3.943349599838257,93.78305053710938,23.492456436157227,1,0.2527826428413391,0.5421913266181946,-84.13142395019531,91.56900024414062,22.686670303344727,1,1.0614142417907715,31.29228401184082,643.1818237304688,0.4990014433860779,0.44092535972595215,0.43740248680114746,1,-65.64854431152344,33.01362991333008,645.063232421875,0.6379245519638062,0.4374763071537018,0.448880136013031,60980463534,2076661154
5,1,1,2.1571807861328125,1,2.3017425537109375,1,0.4870814085006714,0.5327272415161133,-3.332454204559326,93.29414367675781,23.314512252807617,1,0.28629276156425476,0.5797685980796814,-72.57530212402344,84.71929931640625,20.193605422973633,1,1.060093641281128,31.331905364990234,643.1362915039062,0.49900397658348083,0.44083699584007263,0.437309205532074,1,-65.64457702636719,33.05370330810547,645.03125,0.6379238367080688,0.43738889694213867,0.44881606101989746,60980471867,2076669487
5,1,1,2.1647491455078125,1,2.27239990234375,1,0.4938119053840637,0.5480633974075317,-1.0114299058914185,90.49861907958984,22.29706573486328,1,0.25893381237983704,0.5397921204566956,-82.0101547241211,92.00630950927734,22.84585952758789,1,1.0675612688064575,31.344133377075195,643.1356811523438,0.4989883005619049,0.44081154465675354,0.437309592962265,1,-65.64680480957031,33.06393051147461,645.0304565429688,0.6379285454750061,0.43736758828163147,0.44881632924079895,60980480201,2076677821
5,1,1,2.186737060546875,1,2.2706146240234375,1,0.4768175482749939,0.5688850283622742,-6.872003555297852,86.70323181152344,20.91559600830078,1,0.2727273404598236,0.560818076133728,-77.25340270996094,88.1736831665039,21.45081329345703,1,1.072371006011963,31.365978240966797,643.1130981445312,0.4989781677722931,0.4407632052898407,0.43726369738578796,1,-65.65190124511719,33.08223342895508,645.0057983398438,0.6379448771476746,0.43732625246047974,0.448766827583313,60980488534,2076686154
5,1,1,2.173248291015625,1,2.2762908935546875,1,0.48717743158340454,0.5719285011291504,-3.2993416786193848,86.14845275878906,20.71370506286621,1,0.2608204782009125,0.5516569018363953,-81.35953521728516,89.8436050415039,22.05860710144043,1,1.0698940753936768,31.38211441040039,643.1128540039062,0.4989832937717438,0.44072967767715454,0.43726542592048645,1,-65.6574478149414,33.089805603027344,644.9927978515625,0.6379595398902893,0.43730872869491577,0.44874107837677,60980496867,2076694487
5,1,1,2.1749114990234375,1,2.314697265625,1,0.49217531085014343,0.5649899244308472,-1.5758100748062134,87.41322326660156,21.174062728881836,1,0.26657310128211975,0.5748400688171387,-79.3757095336914,85.61772155761719,20.5205135345459,1,1.0656132698059082,31.391149520874023,643.1011962890625,0.4989921450614929,0.44070932269096375,0.43724125623703003,1,-65.65895080566406,33.090248107910156,644.968994140625,0.6379683017730713,0.4373045265674591,0.44869014620780945,60980505201,2076702821
5,1,1,2.17205810546875,1,2.282470703125,1,0.49590757489204407,0.5736827254295349,-0.2887156307697296,85.82868194580078,20.59731101989746,1,0.2685692310333252,0.5707413554191589,-78.68733978271484,86.36486053466797,20.792457580566406,1,1.0636968612670898,31.41318130493164,643.0888671875,0.4989961087703705,0.4406619071960449,0.437217652797699,1,-65.66119384765625,33.10234069824219,644.9351196289062,0.6379809975624084,0.4372747242450714,0.4486192762851715,60980513534,2076711154
5,1,1,2.191497802734375,1,2.3060455322265625,1,0.48159244656562805,0.581669270992279,-5.225364685058594,84.37287902832031,20.067461013793945,1,0.26770755648612976,0.5960256457328796,-78.98448181152344,81.7560043334961,19.11491584777832,1,1.0551278591156006,31.412111282348633,643.135009765625,0.4990141987800598,0.44067028164863586,0.43731755018234253,1,-65.67034149169922,33.10140609741211,644.9771728515625,0.6379899978637695,0.4372824728488922,0.44871190190315247,60980521867,2076719487
5,1,1,2.1935882568359375,1,2.2843017578125,1,0.4910600185394287,0.5818227529525757,-1.9604262113571167,84.34490966796875,20.05725860595703,1,0.2539207935333252,0.5556976795196533,-83.7389144897461,89.10704040527344,21.790552139282227,1,1.0452394485473633,31.423133850097656,643.1348876953125,0.4990348815917969,0.4406473636627197,0.43731889128685,1,-65.68086242675781,33.108524322509766,644.9879760742188,0.6380091905593872,0.4372692406177521,0.4487384259700775,60980530203,2076727823
5,1,1,2.14581298828125,1,2.3006134033203125,1,0.4941403567790985,0.5748025178909302,-0.8981615304946899,85.62455749511719,20.523059844970703,1,0.27076631784439087,0.5854036808013916,-77.92967987060547,83.69215393066406,19.819730758666992,1,1.0279431343078613,31.417564392089844,643.1351318359375,0.4990710914134979,0.44065895676612854,0.43731847405433655,1,-65.69478607177734,33.10649871826172,645.0440673828125,0.6380247473716736,0.43728119134902954,0.448862224817276,60980538536,2076736156
5,1,1,2.17144775390625,1,2.28485107421875,1,0.4851490557193756,0.5732114911079407,-3.9988458156585693,85.91458892822266,20.628568649291992,1,0.25674813985824585,0.5661393404006958,-82.76390075683594,87.20370483398438,21.097814559936523,1,1.0162321329116821,31.40557289123535,643.1924438476562,0.4990957975387573,0.4406914710998535,0.4374410808086395,1,-65.71553039550781,33.09284973144531,645.1688232421875,0.6380380988121033,0.43732669949531555,0.44913411140441895,60980546869,2076744489
5,1,1,2.19122314453125,1,2.2889251708984375,1,0.49836042523384094,0.5763733386993408,0.5571544766426086,85.3382339477539,20.418807983398438,1,0.27126818895339966,0.5623802542686462,-77.756591796875,87.88893127441406,21.34715461730957,1,1.0037553310394287,31.408092498779297,643.1688232421875,0.4991218149662018,0.4406830370426178,0.4373902678489685,1,-65.73905944824219,33.09820556640625,645.24658203125,0.6380683183670044,0.4373263120651245,0.44930776953697205,60980555203,2076752823
5,1,1,2.1871795654296875,1,2.30462646484375,1,0.4876531958580017,0.5643935203552246,-3.1352860927581787,87.52193450927734,21.213634490966797,1,0.2789263129234314,0.5736426711082458,-75.11564636230469,85.83596801757812,20.599990844726562,1,0.990160346031189,31.3881778717041,643.1923828125,0.4991503655910492,0.44072750210762024,0.437438428401947,1,-65.74317169189453,33.05409240722656,645.1514282226562,0.6380998492240906,0.4374045431613922,0.4490969479084015,60980563536,2076761156
5,1,1,2.1940765380859375,1,2.2976531982421875,1,0.49171894788742065,0.5635836124420166,-1.733190655708313,87.66954040527344,21.26737403869629,1,0.26833376288414,0.5705217719078064,-78.76853942871094,86.40486145019531,20.80708122253418,1,0.9727863073348999,31.376541137695312,643.1466064453125,0.499186635017395,0.4407455325126648,0.4373374581336975,1,-65.7651138305664,33.03948974609375,645.1707763671875,0.6381407976150513,0.4374374449253082,0.44914138317108154,60980571869,2076769489
5,1,1,2.198150634765625,1,2.2960052490234375,1,0.4858161211013794,0.568152666091919,-3.768794298171997,86.8366928100586,20.96424674987793,1,0.27385038137435913,0.5353590250015259,-76.86612701416016,92.81439971923828,23.139936447143555,1,0.9533066749572754,31.368818283081055,643.1810302734375,0.49922749400138855,0.4407661259174347,0.43741098046302795,1,-65.78419494628906,33.015716552734375,645.1318359375,0.6381897330284119,0.43748122453689575,0.44905805587768555,60980580203,2076777823
5,1,1,2.1801605224609375,1,2.3029022216796875,1,0.4828892946243286,0.5598121285438538,-4.778130531311035,88.35704803466797,21.51754379272461,1,0.2846577763557434,0.5622944831848145,-73.1391372680664,87.904541015625,21.352943420410156,1,0.9370490312576294,31.346942901611328,643.1812744140625,0.4992615580558777,0.44081151485443115,0.437408447265625,1,-65.80003356933594,32.99449157714844,645.1265258789062,0.6382240056991577,0.4375244081020355,0.4490470588207245,60980588536,2076786156
5,1,1,2.1669464111328125,1,2.2972412109375,1,0.4893356263637543,0.5702913403511047,-2.555079460144043,86.44688415527344,20.822309494018555,1,0.2769554555416107,0.5464836955070496,-75.79530334472656,90.78656768798828,22.40188980102539,1,0.9232988357543945,31.357351303100586,643.1812133789062,0.4992903172969818,0.4407899081707001,0.43740978837013245,1,-65.81695556640625,32.99312973022461,645.115234375,0.6382619142532349,0.4375256299972534,0.44902607798576355,60980596869,2076794489
5,1,1,2.19189453125,1,2.269622802734375,1,0.4903044104576111,0.5537112355232239,-2.220996141433716,89.46912384033203,21.922348022460938,1,0.28659382462501526,0.5165972113609314,-72.47147369384766,96.2343521118164,24.384689331054688,1,0.9101418256759644,31.34105682373047,643.1475830078125,0.4993177652359009,0.4408192038536072,0.4373345375061035,1,-65.83322143554688,32.98032760620117,645.121337890625,0.6382942199707031,0.43755295872688293,0.449040949344635,60980605203,2076802823
5,1,1,2.2080230712890625,1,2.2667999267578125,1,0.4924454092979431,0.5812443494796753,-1.4826713800430298,84.45032501220703,20.09567642211914,1,0.2649446129798889,0.5271682739257812,-79.93728637695312,94.30744171142578,23.683311462402344,1,0.8940810561180115,31.352863311767578,643.1474609375,0.4993513226509094,0.4407946467399597,0.437335729598999,1,-65.84137725830078,32.98003387451172,645.0841064453125,0.6383201479911804,0.4375484585762024,0.44896239042282104,60980613536,2076811156
5,1,1,2.176422119140625,1,2.3103485107421875,1,0.4797253906726837,0.5633187294006348,-5.869225978851318,87.71784210205078,21.284954071044922,1,0.2875402569770813,0.5348346829414368,-72.14508819580078,92.90998077392578,23.174659729003906,1,0.8808345198631287,31.347644805908203,643.09033203125,0.49937888979911804,0.4407978653907776,0.4372110068798065,1,-65.85530090332031,32.97958755493164,645.119384765625,0.6383405327796936,0.4375542104244232,0.449041485786438,60980621869,2076819489
5,1,1,2.181488037109375,1,2.3028106689453125,1,0.4931800365447998,0.5516710877418518,-1.2293299436569214,89.84100341796875,22.057697296142578,1,0.28232309222221375,0.5398041009902954,-73.94425964355469,92.00416564941406,22.84496307373047,1,0.8678141236305237,31.348041534423828,643.1015014648438,0.49940618872642517,0.44079846143722534,0.4372352957725525,1,-65.86656188964844,32.97697067260742,645.1503295898438,0.6383565664291382,0.4375638961791992,0.44911035895347595,60980630203,2076827823
5,1,1,2.1683197021484375,1,2.2979278564453125,1,0.4881307780742645,0.5526931881904602,-2.9705777168273926,89.65467834472656,21.989896774291992,1,0.28780242800712585,0.5451935529708862,-72.0546646118164,91.021728515625,22.487459182739258,1,0.8534834980964661,31.357311248779297,643.112548828125,0.49943622946739197,0.4407806694507599,0.4372605085372925,1,-65.8748779296875,32.98418426513672,645.1956787109375,0.6383629441261292,0.4375551640987396,0.449211061000824,60980638536,2076836156
5,1,1,2.1804962158203125,1,2.3457489013671875,1,0.4903947114944458,0.5641221404075623,-2.1898627281188965,87.57140350341797,21.231643676757812,1,0.28743410110473633,0.5641803741455078,-72.18170928955078,87.56080627441406,21.227733612060547,1,0.8179885149002075,31.331233978271484,643.1248168945312,0.4995105266571045,0.4408363699913025,0.437283456325531,1,-65.88934326171875,32.96501159667969,645.0760498046875,0.6384217143058777,0.43757835030555725,0.448953241109848,60980646869,2076844489
5,1,1,2.19732666015625,1,2.313018798828125,1,0.43405333161354065,0.5645366907119751,-21.61941909790039,87.495849609375,21.204078674316406,1,0.23324038088321686,0.5338165163993835,-90.87064361572266,93.09558868408203,23.24223518371582,1,0.7058736085891724,31.32158088684082,643.1699829101562,0.49974527955055237,0.440862238407135,0.43737977743148804,1,-66.00660705566406,32.9738883972168,645.2281494140625,0.6386286616325378,0.4375807046890259,0.44930845499038696,60980655203,2076852823
5,1,1,2.167877197265625,1,2.2929534912109375,1,0.3938696086406708,0.5236673355102539,-35.47694778442383,94.94558715820312,23.915590286254883,1,0.19438666105270386,0.5270900726318359,-104.2695083618164,94.32167053222656,23.68856430053711,1,0.5875825881958008,31.298120498657227,643.1475830078125,0.4999927878379822,0.44090771675109863,0.43732765316963196,1,-66.07337951660156,32.96564483642578,645.1553344726562,0.6387848258018494,0.4375876188278198,0.4491647481918335,60980663539,2076861159
5,1,1,2.1912689208984375,1,2.325714111328125,1,0.410215824842453,0.5410199761390686,-29.839895248413086,91.78252410888672,22.76431655883789,1,0.2122194766998291,0.5517945885658264,-98.11979675292969,89.81847381591797,22.04947853088379,1,0.5337199568748474,31.278724670410156,643.067626953125,0.5001053810119629,0.44093725085258484,0.4371514320373535,1,-66.12309265136719,32.96162414550781,645.239990234375,0.6388676762580872,0.4376075565814972,0.44935765862464905,60980671872,2076869492
5,1,1,2.174560546875,1,2.3090667724609375,1,0.42052900791168213,0.5283968448638916,-26.283349990844727,94.08349609375,23.60179901123047,1,0.20090846717357635,0.5501559376716614,-102.02043914794922,90.11715698242188,22.158262252807617,1,0.5251004099845886,31.271793365478516,643.09033203125,0.5001235008239746,0.44095462560653687,0.43719959259033203,1,-66.11662292480469,32.95124816894531,645.181884765625,0.6388682126998901,0.43762099742889404,0.44922935962677,60980680206,2076877826
5,1,1,2.190826416015625,1,2.320556640625,1,0.4034746289253235,0.5629874467849731,-32.16461944580078,87.77824401855469,21.3068904876709,1,0.20189917087554932,0.5688641667366028,-101.67879486083984,86.7070083618164,20.917024612426758,1,0.531270444393158,31.249713897705078,643.0897827148438,0.5001106262207031,0.44100043177604675,0.437195360660553,1,-66.11151123046875,32.92802429199219,645.0761108398438,0.638883113861084,0.4376545250415802,0.4489966332912445,60980688539,2076886159
5,1,1,2.1714630126953125,1,2.3043365478515625,1,0.42973950505256653,0.543878436088562,-23.107065200805664,91.26148986816406,22.574682235717773,1,0.2002018690109253,0.5506402850151062,-102.26412963867188,90.0289077758789,22.12609100341797,1,0.5270668268203735,31.247652053833008,643.147216796875,0.5001195669174194,0.44101232290267944,0.43731966614723206,1,-66.12998962402344,32.91945266723633,645.1558227539062,0.6389023065567017,0.43768322467803955,0.4491715133190155,60980696873,2076894492
5,1,1,2.19342041015625,1,2.273895263671875,1,0.41490983963012695,0.557931661605835,-28.221153259277344,88.69983673095703,21.642276763916016,1,0.18705609440803528,0.5376310348510742,-106.7975082397461,92.40026092529297,22.989177703857422,1,0.5227394700050354,31.24286460876465,643.1355590820312,0.5001285672187805,0.4410207271575928,0.43729379773139954,1,-66.14266967773438,32.90436935424805,645.189453125,0.6389206647872925,0.43771910667419434,0.4492446184158325,60980705207,2076902826
5,1,1,2.167266845703125,1,2.3237457275390625,1,0.41224783658981323,0.5533749461174011,-29.13915252685547,89.53043365478516,21.94463539123535,1,0.2077723890542984,0.5636632442474365,-99.65339660644531,87.6550521850586,21.262062072753906,1,0.519602358341217,31.240800857543945,643.14697265625,0.5001351833343506,0.441026508808136,0.43731823563575745,1,-66.14599609375,32.896121978759766,645.234619140625,0.6389167308807373,0.4377423822879791,0.44934162497520447,60980713540,2076911159
5,1,1,2.1762847900390625,1,2.322357177734375,1,0.4043284058570862,0.566114068031311,-31.87019920349121,87.20831298828125,21.09947395324707,1,0.2161589413881302,0.5621000528335571,-96.76127624511719,87.94000244140625,21.36578941345215,1,0.5195562839508057,31.243350982666016,643.1697998046875,0.5001353025436401,0.4410242736339569,0.43736812472343445,1,-66.14204406738281,32.895999908447266,645.199951171875,0.6389169096946716,0.43773791193962097,0.4492659866809845,60980721873,2076919492
5,1,1,2.212158203125,1,2.3052825927734375,1,0.4204261004924774,0.5682256817817688,-26.318836212158203,86.8233871459961,20.959388732910156,1,0.191979318857193,0.5662500262260437,-105.0997085571289,87.18354034423828,21.09040641784668,1,0.5176402926445007,31.239364624023438,643.1585083007812,0.5001392960548401,0.4410310685634613,0.437343031167984,1,-66.14891815185547,32.890350341796875,645.2935791015625,0.6389086842536926,0.43776246905326843,0.449468731880188,60980730207,2076927826
5,1,1,2.2054443359375,1,2.302337646484375,1,0.40416187047958374,0.56453937292099,-31.927623748779297,87.49535369873047,21.203947067260742,1,0.21433338522911072,0.5786296129226685,-97.39080810546875,84.92694854736328,20.269100189208984,1,0.5164148211479187,31.246402740478516,643.1810302734375,0.5001418590545654,0.4410193860530853,0.437392920255661,1,-66.14915466308594,32.90204620361328,645.2464599609375,0.6389204263687134,0.4377317428588867,0.44936880469322205,60980738540,2076936159
5,1,1,2.170562744140625,1,2.3088226318359375,1,0.41747745871543884,0.5439707040786743,-27.335683822631836,91.24466705322266,22.56856918334961,1,0.2018570452928543,0.5710821151733398,-101.69332885742188,86.30274963378906,20.76981544494629,1,0.5126301646232605,31.24942398071289,643.2039794921875,0.5001497864723206,0.44101622700691223,0.4374430775642395,1,-66.14730072021484,32.90733337402344,645.2344970703125,0.6389194130897522,0.4377191662788391,0.44934335350990295,60980746873,2076944492
5,1,1,2.179290771484375,1,2.30743408203125,1,0.4143418073654175,0.5595816969871521,-28.417034149169922,88.39906311035156,21.53282928466797,1,0.19172610342502594,0.5668622851371765,-105.18704223632812,87.07195281982422,21.04979705810547,1,0.508909285068512,31.254932403564453,643.2269897460938,0.5001576542854309,0.4410078525543213,0.43749377131462097,1,-66.14205169677734,32.914451599121094,645.2008056640625,0.6389166116714478,0.4376997649669647,0.44927048683166504,60980755207,2076952826
5,1,1,2.2029876708984375,1,2.342864990234375,1,0.40400683879852295,0.5319547057151794,-31.981090545654297,93.43495178222656,23.365758895874023,1,0.22156955301761627,0.592864453792572,-94.8953857421875,82.33218383789062,19.32469940185547,1,0.5051717162132263,31.264873504638672,643.2269287109375,0.5001654028892517,0.44098716974258423,0.4374949634075165,1,-66.13675689697266,32.92591094970703,645.1665649414062,0.6389138102531433,0.43767133355140686,0.44919711351394653,60980763540,2076961159
5,1,1,2.2061614990234375,1,2.3349456787109375,1,0.4111177623271942,0.5627901554107666,-29.52886199951172,87.814208984375,21.31998634338379,1,0.20937059819698334,0.5664862394332886,-99.10225677490234,87.1404800415039,21.074735641479492,1,0.5013214349746704,31.263851165771484,643.2498779296875,0.5001735091209412,0.4409923553466797,0.437544584274292,1,-66.13965606689453,32.92463684082031,645.201171875,0.6389115452766418,0.4376787543296814,0.4492722153663635,60980771873,2076969492
5,1,1,2.2082061767578125,1,2.318603515625,1,0.4098784029483795,0.5402590036392212,-29.956266403198242,91.92121887207031,22.814868927001953,1,0.21005259454250336,0.5574926733970642,-98.86705780029297,88.77983093261719,21.671438217163086,1,0.5012656450271606,31.27680015563965,643.2725830078125,0.5001736879348755,0.44096848368644714,0.4375956654548645,1,-66.1431884765625,32.935546875,645.2244873046875,0.6389132142066956,0.437659353017807,0.44932490587234497,60980780207,2076977826
5,1,1,2.1768798828125,1,2.313568115234375,1,0.4077686667442322,0.5416688919067383,-30.68380355834961,91.66424560546875,22.72125816345215,1,0.2043665051460266,0.5496163964271545,-100.82793426513672,90.21556854248047,22.193973541259766,1,0.49877437949180603,31.273088455200195,643.2725830078125,0.500178873538971,0.44097617268562317,0.4375951290130615,1,-66.14732360839844,32.9324951171875,645.23486328125,0.6389192938804626,0.4376671016216278,0.44934773445129395,60980788543,2076986162
5,1,1,2.1972198486328125,1,2.3512115478515625,1,0.40474143624305725,0.5198789834976196,-31.727767944335938,95.6361312866211,24.16696548461914,1,0.20726366341114044,0.5750477313995361,-99.8288345336914,85.57984924316406,20.50676918029785,1,0.4982469975948334,31.273441314697266,643.2612915039062,0.5001799464225769,0.4409739375114441,0.437570720911026,1,-66.14372253417969,32.934776306152344,645.2364501953125,0.6389113664627075,0.43766260147094727,0.44935062527656555,60980796876,2076994495
5,1,1,2.23138427734375,1,2.329833984375,1,0.40804266929626465,0.5431514382362366,-30.589317321777344,91.39398193359375,22.622926712036133,1,0.21828457713127136,0.5567759871482849,-96.02822875976562,88.91048431396484,21.718984603881836,1,0.4987751245498657,31.276185989379883,643.2725830078125,0.500178873538971,0.4409697353839874,0.4375956654548645,1,-66.14189910888672,32.93851089477539,645.2246704101562,0.6389104127883911,0.4376532733440399,0.44932544231414795,60980805210,2077002829
5,1,1,2.1719512939453125,1,2.3292388916015625,1,0.4086662232875824,0.5336632132530212,-30.37428092956543,93.12351989746094,23.25242042541504,1,0.2049308866262436,0.5696250796318054,-100.63330841064453,86.56831359863281,20.86656951904297,1,0.4957517087459564,31.27190589904785,643.2615356445312,0.5001851916313171,0.44097718596458435,0.4375709891319275,1,-66.14773559570312,32.93843460083008,645.270263671875,0.6389116644859314,0.43765968084335327,0.44942507147789,60980813543,2077011162
5,1,1,2.2325897216796875,1,2.32904052734375,1,0.39805537462234497,0.5461998581886292,-34.033485412597656,90.83830261230469,22.420726776123047,1,0.20315605401992798,0.5348279476165771,-101.245361328125,92.91121673583984,23.175159454345703,1,0.4976162016391754,31.276052474975586,643.27294921875,0.500181257724762,0.4409700930118561,0.43759632110595703,1,-66.145263671875,32.9421501159668,645.2698364257812,0.6389065980911255,0.43765196204185486,0.449424147605896,60980821876,2077019495
5,1,1,2.206939697265625,1,2.3251495361328125,1,0.41167548298835754,0.5532079935073853,-29.336523056030273,89.56085205078125,21.95572853088379,1,0.2087831050157547,0.549993097782135,-99.30484008789062,90.14686584472656,22.169031143188477,1,0.49761834740638733,31.272214889526367,643.29541015625,0.5001813173294067,0.44098103046417236,0.4376446306705475,1,-66.13793182373047,32.93532180786133,645.2235107421875,0.638902485370636,0.43765971064567566,0.44932156801223755,60980830210,2077027829
5,1,1,2.1837921142578125,1,2.34600830078125,1,0.40534165501594543,0.534904420375824,-31.520771026611328,92.89726257324219,23.170095443725586,1,0.2020588517189026,0.548744797706604,-101.62374114990234,90.37442016601562,22.25185203552246,1,0.5006799101829529,31.276926040649414,643.2841796875,0.5001749396324158,0.4409697651863098,0.4376208782196045,1,-66.14550018310547,32.94660186767578,645.303955078125,0.6388988494873047,0.43764743208885193,0.4494984447956085,60980838543,2077036162
5,1,1,2.17852783203125,1,2.3266754150390625,1,0.4088922142982483,0.5077186822891235,-30.29633903503418,97.85274505615234,24.973716735839844,1,0.21401584148406982,0.5444108843803406,-97.50031280517578,91.1644287109375,22.53936767578125,1,0.5036377310752869,31.28249740600586,643.2959594726562,0.5001687407493591,0.44095978140830994,0.43764713406562805,1,-66.13385009765625,32.945770263671875,645.2376708984375,0.6388905644416809,0.4376400411128998,0.44935277104377747,60980846876,2077044495
5,1,1,2.1994171142578125,1,2.27490234375,1,0.4109761714935303,0.5373537540435791,-29.57769012451172,92.4508056640625,23.007583618164062,1,0.20506487786769867,0.5422267317771912,-100.58708953857422,91.56256866455078,22.684249877929688,1,0.5069127082824707,31.278779983520508,643.283935546875,0.5001618266105652,0.440965861082077,0.437620609998703,1,-66.13031005859375,32.94363021850586,645.2147216796875,0.6388887763023376,0.43764132261276245,0.449302077293396,60980855210,2077052829
5,1,1,2.2042694091796875,1,2.3087921142578125,1,0.4135814905166626,0.5441540479660034,-28.67922592163086,91.21123504638672,22.556421279907227,1,0.20099736750125885,0.5283606648445129,-101.98979187011719,94.09007263183594,23.604219436645508,1,0.5149562358856201,31.29250717163086,643.2727661132812,0.5001450181007385,0.4409359097480774,0.437598317861557,1,-66.12857818603516,32.95277404785156,645.2515869140625,0.63887619972229,0.4376274347305298,0.44938260316848755,60980863543,2077061162
5,1,1,2.1968841552734375,1,2.283203125,1,0.4115535020828247,0.5468255281448364,-29.378589630126953,90.72427368164062,22.37915802001953,1,0.20551326870918274,0.5368770360946655,-100.43246459960938,92.5376968383789,23.03921890258789,1,0.5174754858016968,31.275440216064453,643.22705078125,0.5001396536827087,0.4409652650356293,0.4374968111515045,1,-66.12026977539062,32.94279479980469,645.15771484375,0.6388816237449646,0.4376351833343506,0.4491768181324005,60980871876,2077069495
5,1,1,2.184906005859375,1,2.339569091796875,1,0.4140353202819824,0.5461516976356506,-28.52271842956543,90.84708404541016,22.423877716064453,1,0.20283032953739166,0.5422495007514954,-101.35767364501953,91.55838775634766,22.682762145996094,1,0.5243468284606934,31.28868865966797,643.2158203125,0.5001252889633179,0.44093626737594604,0.43747425079345703,1,-66.11952209472656,32.957313537597656,645.2427978515625,0.6388595700263977,0.43761682510375977,0.44936230778694153,60980880210,2077077829
5,1,1,2.196136474609375,1,2.2986602783203125,1,0.41130635142326355,0.5524740815162659,-29.463817596435547,89.69464111328125,22.00441551208496,1,0.20736199617385864,0.5406312346458435,-99.79492950439453,91.85340118408203,22.790084838867188,1,0.532395601272583,31.290306091308594,643.2047119140625,0.5001084208488464,0.4409314692020416,0.4374503791332245,1,-66.11985778808594,32.96173858642578,645.2509155273438,0.6388582587242126,0.4376088082790375,0.44938063621520996,60980888543,2077086162
5,1,1,2.2004241943359375,1,2.317626953125,1,0.4042435586452484,0.5545379519462585,-31.899444580078125,89.31844329833984,21.867456436157227,1,0.2058643400669098,0.5285584926605225,-100.31139373779297,94.05403900146484,23.591053009033203,1,0.5362024903297424,31.287490844726562,643.2044677734375,0.5001004338264465,0.4409373104572296,0.43744945526123047,1,-66.12142181396484,32.96697998046875,645.28515625,0.6388533115386963,0.4376026690006256,0.449455589056015,60980896876,2077094495
5,1,1,2.1937255859375,1,2.322479248046875,1,0.41298210620880127,0.5352835655212402,-28.885936737060547,92.82818603515625,23.144895553588867,1,0.2002592831850052,0.5107676982879639,-102.24434661865234,97.29698944091797,24.771440505981445,1,0.5435898900032043,31.298437118530273,643.181396484375,0.5000848770141602,0.4409114718437195,0.4374008774757385,1,-66.1303482055664,32.980873107910156,645.3679809570312,0.6388518810272217,0.4375852942466736,0.449638307094574,60980905210,2077102829
5,1,1,2.1816864013671875,1,2.342926025390625,1,0.4025561511516571,0.5571036338806152,-32.48136520385742,88.85076141357422,21.697256088256836,1,0.22051531076431274,0.528621256351471,-95.25894927978516,94.04257202148438,23.58694839477539,1,0.5418584942817688,31.288164138793945,643.1470947265625,0.5000885128974915,0.44092825055122375,0.437325119972229,1,-66.12808227539062,32.97621536254883,645.3447265625,0.6388527750968933,0.4375917315483093,0.4495869576931,60980913543,2077111162
5,1,1,2.19696044921875,1,2.2833099365234375,1,0.4121758043766022,0.5530785918235779,-29.16398048400879,89.58444213867188,21.964311599731445,1,0.20935875177383423,0.5407849550247192,-99.1063232421875,91.82537078857422,22.779844284057617,1,0.5417864322662354,31.308990478515625,643.1473388671875,0.500088632106781,0.4408850371837616,0.437328577041626,1,-66.13267517089844,32.99195098876953,645.3658447265625,0.6388571858406067,0.4375620484352112,0.449635773897171,60980921878,2077119497
5,1,1,2.2032318115234375,1,2.3257598876953125,1,0.41153964400291443,0.5587989091873169,-29.38336181640625,88.5417251586914,21.58479118347168,1,0.20419113337993622,0.5341530442237854,-100.8884048461914,93.03424072265625,23.21990966796875,1,0.5381178259849548,31.30725860595703,643.14697265625,0.5000962615013123,0.44088855385780334,0.43732750415802,1,-66.14598846435547,32.993873596191406,645.4111328125,0.6388738751411438,0.43756431341171265,0.449736624956131,60980930212,2077127831
5,1,1,2.1759796142578125,1,2.3238372802734375,1,0.40751996636390686,0.5352156162261963,-30.769575119018555,92.84054565429688,23.149446487426758,1,0.22144587337970734,0.5548097491264343,-94.93802642822266,89.26888275146484,21.849470138549805,1,0.49811112880706787,31.30727767944336,643.1930541992188,0.5001800656318665,0.44089457392692566,0.43742743134498596,1,-66.18838500976562,32.98564910888672,645.3905029296875,0.6389668583869934,0.437578409910202,0.449700266122818,60980938545,2077136164
5,1,1,2.1921234130859375,1,2.3411407470703125,1,0.3327787518501282,0.5346446633338928,-56.54440689086914,92.94462585449219,23.187326431274414,1,0.15987969934940338,0.5102673768997192,-116.16940307617188,97.3881607055664,24.80463981628418,1,0.33702921867370605,31.327455520629883,643.1582641601562,0.5005170106887817,0.4408477544784546,0.43735456466674805,1,-66.33550262451172,32.99829864501953,645.677978515625,0.639202892780304,0.4375916123390198,0.450354665517807,60980946878,2077144497
5,1,1,2.19683837890625,1,2.289581298828125,1,0.2719879150390625,0.5340588092803955,-77.50839233398438,93.0514144897461,23.226163864135742,1,0.0598130077123642,0.5159037113189697,-150.67782592773438,96.36077117919922,24.430692672729492,1,0.09423129260540009,31.298336029052734,643.2263793945312,0.5010251402854919,0.4409168064594269,0.4374980032444,1,-66.49839782714844,32.989105224609375,645.7387084960938,0.6395261287689209,0.4376186430454254,0.45052024722099304,60980955212,2077152831
5,1,1,2.19207763671875,1,2.3477020263671875,1,0.2387477308511734,0.5203309655189514,-88.9714126586914,95.55374908447266,24.13694953918457,1,0.04635262489318848,0.5479742884635925,-155.3197021484375,90.5148696899414,22.302942276000977,1,-0.08197154104709625,31.325313568115234,643.237060546875,0.5013936758041382,0.44086188077926636,0.4375249445438385,1,-66.66313171386719,33.03878402709961,646.4013061523438,0.6397074460983276,0.43760693073272705,0.451993465423584,60980963545,2077161164
5,1,1,2.2258758544921875,1,2.3336029052734375,1,0.2212030291557312,0.5359578728675842,-95.02178192138672,92.70526123046875,23.100187301635742,1,0.023831931874155998,0.5537739396095276,-163.0860595703125,89.45767974853516,21.918197631835938,1,-0.15990859270095825,31.334121704101562,643.2941284179688,0.5015566945075989,0.44085103273391724,0.43765005469322205,1,-66.67070007324219,33.00740051269531,645.915283203125,0.6398407220840454,0.4376048147678375,0.450941801071167,60980971878,2077169497
5,1,1,2.2076416015625,1,2.3493804931640625,1,0.2391139417886734,0.5301674604415894,-88.84512329101562,93.7607192993164,23.48438835144043,1,0.04709399864077568,0.5540185570716858,-155.0640411376953,89.41311645507812,21.90191650390625,1,-0.1717509627342224,31.337764739990234,643.2371826171875,0.5015815496444702,0.4408358633518219,0.437527060508728,1,-66.68679809570312,33.010719299316406,646.089599609375,0.6398320198059082,0.43762195110321045,0.45132192969322205,60980980211,2077177830
5,1,1,2.17828369140625,1,2.33349609375,1,0.23614202439785004,0.5281515717506409,-89.87001037597656,94.12820434570312,23.618080139160156,1,0.05128441005945206,0.5513340830802917,-153.6189727783203,89.90245056152344,22.080039978027344,1,-0.1717499941587448,31.334964752197266,643.2371215820312,0.5015814900398254,0.4408416748046875,0.43752652406692505,1,-66.72300720214844,33.015724182128906,646.29345703125,0.6398577094078064,0.43763962388038635,0.45177069306373596,60980988545,2077186164
5,1,1,2.214447021484375,1,2.328521728515625,1,0.23588526248931885,0.5230158567428589,-89.95855712890625,95.06434631347656,23.95884132385254,1,0.044315725564956665,0.571496307849884,-156.0221405029297,86.22721862792969,20.742403030395508,1,-0.1760750710964203,31.301849365234375,643.2486572265625,0.5015906095504761,0.4409119188785553,0.437546968460083,1,-66.758056640625,33.0048828125,646.4517211914062,0.6398921012878418,0.43768376111984253,0.45211830735206604,60980996878,2077194497
5,1,1,2.2308349609375,1,2.3365631103515625,1,0.23184561729431152,0.5393645167350769,-91.35162353515625,92.08427429199219,22.874177932739258,1,0.055043842643499374,0.5487972497940063,-152.32249450683594,90.36485290527344,22.248382568359375,1,-0.1810067743062973,31.303401947021484,643.2486572265625,0.5016009211540222,0.44090867042541504,0.43754711747169495,1,-66.77542114257812,32.99028015136719,646.447998046875,0.6399290561676025,0.4377134442329407,0.452112078666687,60981005211,2077202830
5,1,1,2.2320404052734375,1,2.311676025390625,1,0.23350279033184052,0.5404443144798279,-90.78015899658203,91.88745880126953,22.802509307861328,1,0.04043476656079292,0.5871137380599976,-157.36050415039062,83.38044738769531,19.706207275390625,1,-0.1866464465856552,31.302898406982422,643.2601318359375,0.5016127228736877,0.44091126322746277,0.4375719130039215,1,-66.77790832519531,32.97932815551758,646.3896484375,0.639948308467865,0.43772801756858826,0.45198509097099304,60981013545,2077211164
5,1,1,2.2075042724609375,1,2.33074951171875,1,0.23593689501285553,0.5299984812736511,-89.94074249267578,93.79153442382812,23.495555877685547,1,0.0479508638381958,0.5508078932762146,-154.76853942871094,89.99835968017578,22.11492919921875,1,-0.18912367522716522,31.30585289001465,643.2601928710938,0.5016179084777832,0.4409051239490509,0.4375724494457245,1,-66.77444458007812,32.96261215209961,646.318359375,0.6399584412574768,0.43775278329849243,0.4518280029296875,60981021878,2077219497
5,1,1,2.2380218505859375,1,2.3329010009765625,1,0.23074877262115479,0.547175943851471,-91.72990417480469,90.66040802001953,22.35590171813965,1,0.05364229902625084,0.5564205050468445,-152.80584716796875,88.97528839111328,21.74258041381836,1,-0.19025175273418427,31.308326721191406,643.260009765625,0.5016202926635742,0.44089996814727783,0.4375724494457245,1,-66.77906799316406,32.953529357910156,646.3175659179688,0.63996821641922,0.4377714693546295,0.45182615518569946,60981030211,2077227830
5,1,1,2.19744873046875,1,2.316070556640625,1,0.23251982033252716,0.5232115983963013,-91.11912536621094,95.02865600585938,23.945842742919922,1,0.05455926060676575,0.5550260543823242,-152.48960876464844,89.22947692871094,21.83509063720703,1,-0.18971312046051025,31.29989242553711,643.2713623046875,0.5016191005706787,0.44091904163360596,0.437595933675766,1,-66.77770233154297,32.93427276611328,646.316650390625,0.6399657726287842,0.43781113624572754,0.451820969581604,60981038545,2077236164
5,1,1,2.239044189453125,1,2.31787109375,1,0.22614187002182007,0.5370887517929077,-93.318603515625,92.49909973144531,23.025175094604492,1,0.05765531584620476,0.5551436543464661,-151.4219207763672,89.20804595947266,21.827255249023438,1,-0.1890651434659958,31.31664276123047,643.2830810546875,0.5016177296638489,0.4408857822418213,0.43762364983558655,1,-66.784423828125,32.94194793701172,646.3524169921875,0.6399709582328796,0.43780019879341125,0.451900839805603,60981046878,2077244497
5,1,1,2.219696044921875,1,2.3379364013671875,1,0.2311864197254181,0.5424917936325073,-91.57896423339844,91.51424407958984,22.666683197021484,1,0.05456604063510895,0.5696038007736206,-152.48727416992188,86.57221221923828,20.86789894104004,1,-0.1865760087966919,31.303882598876953,643.2828369140625,0.5016126036643982,0.44091224670410156,0.43762141466140747,1,-66.78811645507812,32.92796325683594,646.3516845703125,0.6399788856506348,0.43782901763916016,0.45189806818962097,60981055215,2077252834
5,1,1,2.23236083984375,1,2.3177642822265625,1,0.22872072458267212,0.5312927961349487,-92.42927551269531,93.55562591552734,23.409650802612305,1,0.0710427314043045,0.5795506238937378,-146.8052215576172,84.75907135009766,20.208017349243164,1,-0.18782824277877808,31.302875518798828,643.3057250976562,0.5016151666641235,0.440917432308197,0.43767088651657104,1,-66.78807067871094,32.92546081542969,646.351806640625,0.6399787664413452,0.4378341734409332,0.45189791917800903,60981063549,2077261168
5,1,1,2.20428466796875,1,2.2863922119140625,1,0.22939638793468475,0.5324596166610718,-92.19625854492188,93.34290313720703,23.332273483276367,1,0.05674559250473976,0.5768181085586548,-151.7356414794922,85.25715637207031,20.38926887512207,1,-0.1847427487373352,31.305400848388672,643.2943115234375,0.5016087293624878,0.4409106373786926,0.4376464784145355,1,-66.7879867553711,32.92945098876953,646.374755859375,0.6399730443954468,0.4378291070461273,0.451947957277298,60981071882,2077269501
5,1,1,2.197265625,1,2.3204498291015625,1,0.22352921962738037,0.5239384174346924,-94.21958923339844,94.89620208740234,23.897602081298828,1,0.06546381860971451,0.6071484684944153,-148.7291259765625,79.72846984863281,18.377023696899414,1,-0.18210840225219727,31.278900146484375,643.317138671875,0.5016031861305237,0.44096866250038147,0.437692254781723,1,-66.77287292480469,32.895347595214844,646.2723999023438,0.639966607093811,0.4378855526447296,0.45171892642974854,60981080215,2077277834
5,1,1,2.198638916015625,1,2.299591064453125,1,0.22170889377593994,0.526446521282196,-94.84732818603516,94.43900299072266,23.731216430664062,1,0.06849333643913269,0.580069899559021,-147.68438720703125,84.66439056396484,20.173585891723633,1,-0.17777974903583527,31.27995491027832,643.2826538085938,0.5015941858291626,0.44096192717552185,0.43761757016181946,1,-66.76373291015625,32.89784240722656,646.2396240234375,0.6399555206298828,0.4378759264945984,0.45164647698402405,60981088549,2077286168
5,1,1,2.2208251953125,1,2.33929443359375,1,0.23124444484710693,0.5337822437286377,-91.5589599609375,93.1018295288086,23.24454116821289,1,0.07340554147958755,0.5873481631278992,-145.99038696289062,83.33771514892578,19.690689086914062,1,-0.17337703704833984,31.269649505615234,643.2939453125,0.5015850067138672,0.4409848153591156,0.43764063715934753,1,-66.7568359375,32.86906433105469,646.2523803710938,0.6399382948875427,0.4379371702671051,0.451668381690979,60981096882,2077294501
5,1,1,2.205902099609375,1,2.2703857421875,1,0.22860875725746155,0.5359761714935303,-92.4678726196289,92.70191192626953,23.09897232055664,1,0.05461474135518074,0.5557340383529663,-152.47047424316406,89.10038757324219,21.788171768188477,1,-0.16845938563346863,31.26862335205078,643.3167724609375,0.501574695110321,0.44099000096321106,0.43769001960754395,1,-66.74726104736328,32.8612060546875,646.25390625,0.6399182081222534,0.4379536807537079,0.451668381690979,60981105215,2077302834
5,1,1,2.2349090576171875,1,2.3010406494140625,1,0.22674307227134705,0.529973566532135,-93.11127471923828,93.79607391357422,23.497238159179688,1,0.07077739387750626,0.5640522837638855,-146.896728515625,87.5841293334961,21.236282348632812,1,-0.16400155425071716,31.265106201171875,643.3054809570312,0.5015653967857361,0.44099584221839905,0.43766507506370544,1,-66.7398681640625,32.85028076171875,646.2327270507812,0.639907956123352,0.43797335028648376,0.45161956548690796,60981113549,2077311168
5,1,1,2.1977996826171875,1,2.298858642578125,1,0.23815082013607025,0.5454351305961609,-89.1772689819336,90.97772216796875,22.471393585205078,1,0.05718561261892319,0.5484572052955627,-151.5839080810547,90.42684173583984,22.270917892456055,1,-0.15864154696464539,31.261226654052734,643.3394775390625,0.5015541315078735,0.44100838899612427,0.437738299369812,1,-66.73065185546875,32.831825256347656,646.2225952148438,0.6398914456367493,0.43801015615463257,0.4515930116176605,60981121882,2077319501
5,1,1,2.2186431884765625,1,2.3293914794921875,1,0.23180808126926422,0.5419979691505432,-91.36457824707031,91.60423278808594,22.699466705322266,1,0.07312792539596558,0.5460321307182312,-146.08612060546875,90.86888122558594,22.431846618652344,1,-0.15313583612442017,31.262130737304688,643.3512573242188,0.5015426278114319,0.4410081207752228,0.43776389956474304,1,-66.72239685058594,32.83846664428711,646.2828979492188,0.639859676361084,0.4380047619342804,0.45172226428985596,60981130215,2077327834
5,1,1,2.1912384033203125,1,2.305267333984375,1,0.23592013120651245,0.5511499047279358,-89.94652557373047,89.9360122680664,22.092233657836914,1,0.07003873586654663,0.5478692650794983,-147.1514434814453,90.53400421142578,22.30995750427246,1,-0.146177738904953,31.253936767578125,643.2937622070312,0.5015282034873962,0.4410174489021301,0.43763813376426697,1,-66.70814514160156,32.82588195800781,646.2154541015625,0.6398465633392334,0.43802154064178467,0.4515717923641205,60981138549,2077336168
5,1,1,2.1967620849609375,1,2.273895263671875,1,0.23682735860347748,0.5437284708023071,-89.63365936279297,91.28881072998047,22.584646224975586,1,0.07173815369606018,0.5628892779350281,-146.56541442871094,87.796142578125,21.313404083251953,1,-0.13812169432640076,31.256895065307617,643.327880859375,0.50151127576828,0.4410158693790436,0.43771255016326904,1,-66.7027587890625,32.83948516845703,646.2869873046875,0.639818012714386,0.438003271818161,0.45172688364982605,60981146882,2077344501
5,1,1,2.21044921875,1,2.3313140869140625,1,0.22441630065441132,0.5514633655548096,-93.9136734008789,89.87886810302734,22.071489334106445,1,0.07626522332429886,0.5517999529838562,-145.00421142578125,89.81754302978516,22.049083709716797,1,-0.12992769479751587,31.25601577758789,643.31640625,0.5014941096305847,0.44101622700691223,0.437687486410141,1,-66.69246673583984,32.846153259277344,646.2769775390625,0.6397990584373474,0.4379881024360657,0.4517039358615875,60981155215,2077352834
5,1,1,2.204833984375,1,2.262359619140625,1,0.22959984838962555,0.5582370162010193,-92.1260986328125,88.64413452148438,21.622085571289062,1,0.05915958806872368,0.5419396758079529,-150.90316772460938,91.6148681640625,22.703279495239258,1,-0.12048804759979248,31.25333595275879,643.3280639648438,0.5014743804931641,0.4410233497619629,0.4377124309539795,1,-66.6795654296875,32.84075927734375,646.268798828125,0.6397744417190552,0.4379981458187103,0.4516827166080475,60981163549,2077361168
5,1,1,2.242919921875,1,2.316986083984375,1,0.22382284700870514,0.5649244785308838,-94.11832427978516,87.4251480102539,21.178401947021484,1,0.06706899404525757,0.5751417279243469,-148.1755828857422,85.56272888183594,20.500564575195312,1,-0.10810808837413788,31.261699676513672,643.373779296875,0.5014484524726868,0.44101211428642273,0.4378127455711365,1,-66.67207336425781,32.87250518798828,646.2933349609375,0.6397528052330017,0.43793588876724243,0.451738566160202,60981171882,2077369501
5,1,1,2.2184295654296875,1,2.323577880859375,1,0.2278856784105301,0.5645664930343628,-92.71723937988281,87.49040985107422,21.2021427154541,1,0.0630725845694542,0.5603936910629272,-149.55377197265625,88.25102996826172,21.47899055480957,1,-0.12927493453025818,31.255210876464844,643.3282470703125,0.5014927387237549,0.4410194456577301,0.437713086605072,1,-66.69236755371094,32.879608154296875,646.4305419921875,0.6397616863250732,0.43793997168540955,0.4520401656627655,60981180216,2077377835
5,1,1,2.210784912109375,1,2.3287200927734375,1,0.19078703224658966,0.5740248560905457,-105.51087188720703,85.76630401611328,20.574649810791016,1,0.048042796552181244,0.5775719881057739,-154.73684692382812,85.1197509765625,20.339265823364258,1,-0.1920744776725769,31.261245727539062,643.40771484375,0.5016240477561951,0.44101735949516296,0.43788638710975647,1,-66.74159240722656,32.87600326538086,646.4089965820312,0.6398688554763794,0.4379443824291229,0.452004075050354,60981188550,2077386169
5,1,1,2.237396240234375,1,2.3456573486328125,1,0.16639353334903717,0.5641236305236816,-113.92308044433594,87.57113647460938,21.231489181518555,1,0.029689261689782143,0.5751027464866638,-161.06613159179688,85.56983947753906,20.503101348876953,1,-0.2771683931350708,31.26053237915039,643.3961181640625,0.5018019676208496,0.44101712107658386,0.4378611743450165,1,-66.7851333618164,32.91038513183594,646.517578125,0.6399326920509338,0.43788811564445496,0.4522528648376465,60981196883,2077394502
5,1,1,2.2198486328125,1,2.3154754638671875,1,0.179876446723938,0.541753888130188,-109.27342987060547,91.64874267578125,22.71561050415039,1,0.032177772372961044,0.5701777338981628,-160.20797729492188,86.46758270263672,20.82986831665039,1,-0.30597835779190063,31.257461547851562,643.3505859375,0.5018623471260071,0.44101738929748535,0.43776193261146545,1,-66.78866577148438,32.9128303527832,646.49072265625,0.6399465203285217,0.43787938356399536,0.45219606161117554,60981205216,2077402835
5,1,1,2.2462615966796875,1,2.33929443359375,1,0.17533569037914276,0.5570231080055237,-110.8393325805664,88.86542510986328,21.70262908935547,1,0.03975822776556015,0.562934398651123,-157.59381103515625,87.78791809082031,21.31039810180664,1,-0.28973352909088135,31.263748168945312,643.37353515625,0.5018283724784851,0.44100743532180786,0.43781259655952454,1,-66.78318786621094,32.91804504394531,646.48193359375,0.6399372220039368,0.4378674328327179,0.452176570892334,60981213550,2077411169
5,1,1,2.215484619140625,1,2.367950439453125,1,0.17933738231658936,0.5340384244918823,-109.45933532714844,93.05512237548828,23.227537155151367,1,0.05587415397167206,0.5809062123298645,-152.0361785888672,84.51197814941406,20.118053436279297,1,-0.2820538282394409,31.25869369506836,643.3504638671875,0.5018122792243958,0.4410148561000824,0.43776193261146545,1,-66.78959655761719,32.918495178222656,646.54052734375,0.6399363279342651,0.4378744959831238,0.452304482460022,60981221883,2077419502
5,1,1,2.232696533203125,1,2.3183441162109375,1,0.17320479452610016,0.5560893416404724,-111.57418060302734,89.03565216064453,21.764545440673828,1,0.03332248330116272,0.5600723624229431,-159.81320190429688,88.30961608886719,21.50025749206543,1,-0.28833290934562683,31.254867553710938,643.3052978515625,0.5018255114555359,0.4410167932510376,0.43766334652900696,1,-66.79277801513672,32.91035461425781,646.528564453125,0.6399458050727844,0.4378896951675415,0.452278196811676,60981230216,2077427835
5,1,1,2.20233154296875,1,2.3036956787109375,1,0.1720694899559021,0.5265603065490723,-111.9656982421875,94.41825866699219,23.723663330078125,1,0.03333541005849838,0.5457839965820312,-159.80874633789062,90.91412353515625,22.44822883605957,1,-0.3002409040927887,31.255142211914062,643.2706909179688,0.501850426197052,0.44101160764694214,0.43758824467658997,1,-66.8013916015625,32.9059944152832,646.5264282226562,0.63996422290802,0.4378983974456787,0.452274888753891,60981238550,2077436169
5,1,1,2.2134246826171875,1,2.3593902587890625,1,0.17765595018863678,0.5405431985855103,-110.03917694091797,91.86941528320312,22.796005249023438,1,0.04122554510831833,0.5437092781066895,-157.08779907226562,91.29232025146484,22.58586883544922,1,-0.3082773983478546,31.2488956451416,643.2362060546875,0.5018673539161682,0.4410199224948883,0.43751260638237,1,-66.80877685546875,32.88843536376953,646.525146484375,0.6399799585342407,0.4379345178604126,0.45227116346359253,60981246883,2077444502
5,1,1,2.232391357421875,1,2.326995849609375,1,0.18198327720165253,0.5524402856826782,-108.54688262939453,89.70079040527344,22.006668090820312,1,0.02210768312215805,0.5433560609817505,-163.68067932128906,91.356689453125,22.60933494567871,1,-0.31448647379875183,31.247982025146484,643.1903076171875,0.501880407333374,0.44101575016975403,0.43741294741630554,1,-66.81025695800781,32.886253356933594,646.4544067382812,0.6400001049041748,0.43792933225631714,0.45211857557296753,60981255216,2077452835
5,1,1,2.19427490234375,1,2.32086181640625,1,0.17983347177505493,0.5439642071723938,-109.28825378417969,91.245849609375,22.568981170654297,1,0.035151995718479156,0.5478827357292175,-159.18228149414062,90.53155517578125,22.30904769897461,1,-0.3231326937675476,31.244735717773438,643.1905517578125,0.501898467540741,0.44102251529693604,0.43741294741630554,1,-66.80691528320312,32.861576080322266,646.3597412109375,0.6400161385536194,0.43796733021736145,0.45190998911857605,60981263550,2077461169
5,1,1,2.212188720703125,1,2.3364105224609375,1,0.1844910830259323,0.5505936145782471,-107.68205261230469,90.03741455078125,22.129140853881836,1,0.04168815538287163,0.5525162816047668,-156.9282684326172,89.68693542480469,22.00164794921875,1,-0.33371761441230774,31.243865966796875,643.13330078125,0.501920759677887,0.44101664423942566,0.437288761138916,1,-66.81385803222656,32.867942810058594,646.34521484375,0.6400339603424072,0.4379521608352661,0.45188108086586,60981271883,2077469502
5,1,1,2.205078125,1,2.330657958984375,1,0.189098060131073,0.5445883274078369,-106.09333038330078,91.132080078125,22.527605056762695,1,0.03526632487773895,0.551664412021637,-159.14285278320312,89.84220123291016,22.058191299438477,1,-0.3431030213832855,31.24309730529785,643.167236328125,0.5019403100013733,0.44102275371551514,0.43736228346824646,1,-66.81419372558594,32.84906005859375,646.2415771484375,0.6400598287582397,0.4379769563674927,0.451654851436615,60981280216,2077477835
5,1,1,2.214111328125,1,2.3321990966796875,1,0.19889988005161285,0.5452456474304199,-102.71311950683594,91.01226043701172,22.483983993530273,1,0.031958069652318954,0.5440579056739807,-160.2837371826172,91.22876739501953,22.562774658203125,1,-0.3535603880882263,31.241695404052734,643.1332397460938,0.5019622445106506,0.4410211145877838,0.43728822469711304,1,-66.82984924316406,32.846256256103516,646.2369384765625,0.6400935053825378,0.43798208236694336,0.45164793729782104,60981288550,2077486169
5,1,1,2.2183380126953125,1,2.371978759765625,1,0.1984466016292572,0.5613747239112854,-102.86943817138672,88.07222747802734,21.41387367248535,1,0.05134662985801697,0.5677129626274109,-153.59750366210938,86.91687774658203,20.993375778198242,1,-0.36507448554039,31.249958038330078,643.20166015625,0.5019862651824951,0.44101303815841675,0.43743789196014404,1,-66.83545684814453,32.849082946777344,646.095458984375,0.6401392817497253,0.437956839799881,0.45134422183036804,60981296883,2077494502
5,1,1,2.2390594482421875,1,2.3443450927734375,1,0.18821801245212555,0.558232843875885,-106.39681243896484,88.64493560791016,21.62234115600586,1,0.033439166843891144,0.5416067838668823,-159.77294921875,91.67556762695312,22.725406646728516,1,-0.37195122241973877,31.248199462890625,643.2130126953125,0.5020005702972412,0.4410181939601898,0.43746232986450195,1,-66.85106658935547,32.831024169921875,646.1029663085938,0.6401699185371399,0.43799519538879395,0.45136135816574097,60981305216,2077502835
5,1,1,2.2271728515625,1,2.32708740234375,1,0.19641175866127014,0.544945478439331,-103.57117462158203,91.06697845458984,22.503894805908203,1,0.05141304060816765,0.5625392198562622,-153.57460021972656,87.85993194580078,21.336654663085938,1,-0.37769484519958496,31.254358291625977,643.2701416015625,0.5020125508308411,0.44101300835609436,0.43758705258369446,1,-66.86528015136719,32.83905792236328,646.0640869140625,0.6402087211608887,0.4379732012748718,0.45128172636032104,60981313554,2077511173
5,1,1,2.2213897705078125,1,2.362640380859375,1,0.18890097737312317,0.5475667715072632,-106.16129302978516,90.58915710449219,22.32996368408203,1,0.060727931559085846,0.5808103680610657,-150.36231994628906,84.52942657470703,20.124469757080078,1,-0.3840354084968567,31.252704620361328,643.2468872070312,0.502025842666626,0.4410133361816406,0.43753647804260254,1,-66.88774871826172,32.83641052246094,646.1674194335938,0.6402303576469421,0.43799278140068054,0.4515092968940735,60981321887,2077519506
5,1,1,2.2350006103515625,1,2.3443450927734375,1,0.20082952082157135,0.5552977919578552,-102.04767608642578,89.17992401123047,21.81710433959961,1,0.053154729306697845,0.5436098575592041,-152.9739532470703,91.31040954589844,22.592517852783203,1,-0.3898012638092041,31.252918243408203,643.2357177734375,0.5020378828048706,0.44101136922836304,0.43751221895217896,1,-66.90631103515625,32.84120559692383,646.2211303710938,0.6402557492256165,0.4379902482032776,0.45163002610206604,60981330220,2077527839
5,1,1,2.20550537109375,1,2.339019775390625,1,0.18317924439907074,0.5344439148902893,-108.13443756103516,92.9812240600586,23.20061683654785,1,0.049767181277275085,0.5615374445915222,-154.14218139648438,88.04253387451172,21.403091430664062,1,-0.3979022800922394,31.253984451293945,643.2013549804688,0.5020549297332764,0.44100457429885864,0.4374377727508545,1,-66.91902923583984,32.85038757324219,646.230224609375,0.6402797698974609,0.43797245621681213,0.45165377855300903,60981338554,2077536173
5,1,1,2.2524871826171875,1,2.3399200439453125,1,0.19133274257183075,0.5743139982223511,-105.32268524169922,85.71360778808594,20.555438995361328,1,0.05003656819462776,0.5545337796211243,-154.0492706298828,89.31917572021484,21.867755889892578,1,-0.4030054807662964,31.248645782470703,643.1785888671875,0.5020655989646912,0.4410126209259033,0.43738773465156555,1,-66.92758178710938,32.83576202392578,646.252197265625,0.640292227268219,0.4380057156085968,0.45170101523399353,60981346887,2077544506
5,1,1,2.210418701171875,1,2.354888916015625,1,0.18552035093307495,0.5253486633300781,-107.32711029052734,94.63912963867188,23.804039001464844,1,0.053616963326931,0.5612228512763977,-152.81455993652344,88.09989929199219,21.423959732055664,1,-0.4066694378852844,31.2539119720459,643.1784057617188,0.5020732283592224,0.44100162386894226,0.43738800287246704,1,-66.92466735839844,32.85093688964844,646.1704711914062,0.6403059363365173,0.4379630982875824,0.45152613520622253,60981355220,2077552839
5,1,1,2.237945556640625,1,2.3237457275390625,1,0.18447105586528778,0.5454943776130676,-107.68896484375,90.96692657470703,22.46747398376465,1,0.06403248012065887,0.5572688579559326,-149.2227325439453,88.82066345214844,21.686264038085938,1,-0.4061552584171295,31.250770568847656,643.18994140625,0.5020722150802612,0.4410097002983093,0.43741267919540405,1,-66.92659759521484,32.840354919433594,646.1824951171875,0.6403071284294128,0.43798667192459106,0.4515509605407715,60981363554,2077561173
5,1,1,2.2455291748046875,1,2.36175537109375,1,0.18183648586273193,0.5470467209815979,-108.59750366210938,90.6839599609375,22.364471435546875,1,0.058150000870227814,0.555633008480072,-151.2513427734375,89.11883544921875,21.794818878173828,1,-0.40548044443130493,31.250118255615234,643.1554565429688,0.5020708441734314,0.44100648164749146,0.437337726354599,1,-66.91995239257812,32.843353271484375,646.124267578125,0.6403074860572815,0.43797245621681213,0.45142436027526855,60981371887,2077569506
5,1,1,2.2108612060546875,1,2.3609619140625,1,0.18219204246997833,0.5303036570549011,-108.47488403320312,93.73590087890625,23.47531509399414,1,0.05219518765807152,0.5655699372291565,-153.30487060546875,87.30750274658203,21.135547637939453,1,-0.40718960762023926,31.257057189941406,643.1668701171875,0.5020744204521179,0.4409935772418976,0.43736347556114197,1,-66.91084289550781,32.85681915283203,646.0902099609375,0.6402968168258667,0.43793991208076477,0.45135074853897095,60981380220,2077577839
5,1,1,2.2085418701171875,1,2.367431640625,1,0.18855930864810944,0.540878415107727,-106.27911376953125,91.8083267211914,22.77370834350586,1,0.055667944252491,0.5614397525787354,-152.10728454589844,88.06036376953125,21.40959358215332,1,-0.4005129635334015,31.250049591064453,643.1787109375,0.5020604133605957,0.4410097002983093,0.437388151884079,1,-66.90624237060547,32.840431213378906,646.0686645507812,0.6402925252914429,0.4379708766937256,0.45130085945129395,60981388554,2077586173
5,1,1,2.2122955322265625,1,2.3437042236328125,1,0.1793719232082367,0.5318308472633362,-109.44741821289062,93.45753479003906,23.37398338317871,1,0.045392055064439774,0.5612177848815918,-155.6509552001953,88.10081481933594,21.42435073852539,1,-0.3984203338623047,31.257600784301758,643.18994140625,0.5020559430122375,0.44099557399749756,0.43741363286972046,1,-66.88985443115234,32.86323547363281,646.0126953125,0.6402719616889954,0.4379160404205322,0.45117971301078796,60981396887,2077594506
5,1,1,2.2081756591796875,1,2.336151123046875,1,0.18612569570541382,0.5213293433189392,-107.11836242675781,95.37177276611328,24.070737838745117,1,0.041852351278066635,0.5483343601226807,-156.87164306640625,90.44923400878906,22.27906036376953,1,-0.3927881121635437,31.253803253173828,643.200927734375,0.5020442008972168,0.4410049021244049,0.4374368488788605,1,-66.87902069091797,32.85538864135742,645.9674072265625,0.6402605772018433,0.4379260838031769,0.45107847452163696,60981405220,2077602839
5,1,1,2.2232513427734375,1,2.3220977783203125,1,0.19158917665481567,0.549056887626648,-105.2342529296875,90.3175277709961,22.231159210205078,1,0.04282393679022789,0.5608305931091309,-156.53659057617188,88.17138671875,21.45005226135254,1,-0.38709965348243713,31.254724502563477,643.212890625,0.5020322799682617,0.44100460410118103,0.4374629855155945,1,-66.86695861816406,32.856021881103516,645.9464111328125,0.6402406692504883,0.4379219114780426,0.45103055238723755,60981413554,2077611173
5,1,1,2.1954345703125,1,2.3489990234375,1,0.19300757348537445,0.5265239477157593,-104.74510192871094,94.42485809326172,23.72612953186035,1,0.048278018832206726,0.5810397267341614,-154.6557159423828,84.48763275146484,20.10919952392578,1,-0.38316088914871216,31.258716583251953,643.1903076171875,0.5020240545272827,0.4409933090209961,0.4374145567417145,1,-66.86436462402344,32.88679504394531,645.9943237304688,0.640223503112793,0.43786484003067017,0.451137900352478,60981421887,2077619506
5,1,1,2.25518798828125,1,2.326629638671875,1,0.1804826259613037,0.5573157072067261,-109.06438446044922,88.81209564208984,21.683185577392578,1,0.024390487000346184,0.5612213015556335,-162.89344787597656,88.10018157958984,21.424036026000977,1,-0.39914292097091675,31.250661849975586,643.1785888671875,0.5020574927330017,0.44100844860076904,0.43738800287246704,1,-66.88882446289062,32.88120651245117,646.1419067382812,0.6402384638786316,0.4378966689109802,0.45146098732948303,60981430220,2077627839
5,1,1,2.2047882080078125,1,2.357879638671875,1,0.14682549238204956,0.5333976149559021,-120.67119598388672,93.17192077636719,23.270042419433594,1,-0.0004636751255020499,0.5747410655021667,-171.4645233154297,85.63580322265625,20.52705192565918,1,-0.501383900642395,31.26007080078125,643.121337890625,0.5022715926170349,0.44098103046417236,0.4372652769088745,1,-66.95063781738281,32.92775344848633,646.355224609375,0.6403146386146545,0.4378296136856079,0.451941579580307,60981438553,2077636172
5,1,1,2.2516326904296875,1,2.31890869140625,1,0.1374308168888092,0.550031840801239,-123.9109878540039,90.13982391357422,22.166399002075195,1,-0.01630312018096447,0.6015380024909973,-176.92681884765625,80.75117492675781,18.749231338500977,1,-0.593079686164856,31.255821228027344,643.2462158203125,0.502463161945343,0.4410063624382019,0.43753570318222046,1,-67.0081558227539,32.93470764160156,646.5081787109375,0.6403967142105103,0.43783608078956604,0.45228537917137146,60981446890,2077644509
5,1,1,2.257720947265625,1,2.3364105224609375,1,0.10827411711215973,0.5443903803825378,-133.96580505371094,91.16815185546875,22.540735244750977,1,-0.024053476750850677,0.5875126719474792,-179.59954833984375,83.30770874023438,19.679794311523438,1,-0.6224933862686157,31.260845184326172,643.2347412109375,0.502524733543396,0.44099438190460205,0.43751153349876404,1,-67.07203674316406,33.00190734863281,647.6563720703125,0.6402507424354553,0.4378548562526703,0.4547867476940155,60981455223,2077652842
5,1,1,2.2530670166015625,1,2.332183837890625,1,0.1119762435555458,0.5349923372268677,-132.68911743164062,92.88126373291016,23.1641902923584,1,-0.011175810359418392,0.5650700330734253,-175.1586456298828,87.39862823486328,21.16872787475586,1,-0.6230093240737915,31.263065338134766,643.223388671875,0.502525806427002,0.4409882128238678,0.43748727440834045,1,-67.06887817382812,32.974815368652344,647.194091796875,0.6403561234474182,0.4378473162651062,0.453784704208374,60981463556,2077661175
5,1,1,2.19647216796875,1,2.35772705078125,1,0.13365665078163147,0.5225867033004761,-125.2125244140625,95.14256286621094,23.9873046875,1,-0.0023911644238978624,0.6093957424163818,-172.1292266845703,79.3188705444336,18.227882385253906,1,-0.6194278597831726,31.2556209564209,643.1774291992188,0.5025184750556946,0.44099754095077515,0.43738654255867004,1,-67.06781768798828,32.95600509643555,647.1221923828125,0.6403713822364807,0.43787631392478943,0.4536265432834625,60981471890,2077669509
5,1,1,2.282440185546875,1,2.31768798828125,1,0.1307489275932312,0.5687148571014404,-126.21527862548828,86.73424530029297,20.92690086364746,1,-0.00896922592073679,0.6048066020011902,-174.39772033691406,80.15535736083984,18.532398223876953,1,-0.6243389844894409,31.260570526123047,643.1771240234375,0.5025287866592407,0.4409872591495514,0.43738654255867004,1,-67.07659912109375,32.968109130859375,647.15625,0.6403812766075134,0.43785595893859863,0.45370376110076904,60981480223,2077677842
5,1,1,2.29669189453125,1,2.339508056640625,1,0.11814064532518387,0.5501174926757812,-130.56329345703125,90.12418365478516,22.160781860351562,1,-0.020387588068842888,0.5917962193489075,-178.33535766601562,82.52689361572266,19.3956356048584,1,-0.630698025226593,31.257495880126953,643.1776733398438,0.5025420188903809,0.44099366664886475,0.4373873472213745,1,-67.09464263916016,32.954246520996094,647.2469482421875,0.6403966546058655,0.4378970265388489,0.453901469707489,60981488556,2077686175
5,1,1,2.217742919921875,1,2.3331146240234375,1,0.1099015399813652,0.4999774694442749,-133.4045867919922,99.26384735107422,25.487287521362305,1,-0.018017051741480827,0.6004621982574463,-177.5178680419922,80.9472885131836,18.820589065551758,1,-0.6399608254432678,31.257314682006836,643.143310546875,0.5025615096092224,0.4409894347190857,0.4373127818107605,1,-67.10702514648438,32.948150634765625,647.2802124023438,0.6404142379760742,0.437914103269577,0.453975111246109,60981496890,2077694509
5,1,1,2.2500152587890625,1,2.34423828125,1,0.09901396185159683,0.5361255407333374,-137.15921020507812,92.67467498779297,23.08909034729004,1,-0.011732448823750019,0.5775337219238281,-175.3505859375,85.12671661376953,20.341827392578125,1,-0.650495171546936,31.25594711303711,643.131591796875,0.5025835633277893,0.44099071621894836,0.43728718161582947,1,-67.2344970703125,33.07444381713867,649.8385620117188,0.6400597095489502,0.43800368905067444,0.459541916847229,60981505223,2077702842
5,1,1,2.2296600341796875,1,2.3299713134765625,1,0.10044661164283752,0.5269920825958252,-136.6651611328125,94.33956146240234,23.694984436035156,1,-0.012305529788136482,0.5715569853782654,-175.54823303222656,86.21617889404297,20.73834991455078,1,-0.6627463102340698,31.244401931762695,643.062744140625,0.5026094317436218,0.4410054683685303,0.43713632225990295,1,-67.24766540527344,33.044803619384766,649.8610229492188,0.640081524848938,0.4380676746368408,0.4595891535282135,60981513556,2077711175
5,1,1,2.24554443359375,1,2.325103759765625,1,0.11713042110204697,0.5301767587661743,-130.9116668701172,93.759033203125,23.48374366760254,1,-0.0227968767285347,0.5650016069412231,-179.16622924804688,87.41108703613281,21.17325782775879,1,-0.6818448901176453,31.248626708984375,643.0292358398438,0.5026494860649109,0.44099223613739014,0.4370642602443695,1,-67.26704406738281,33.05767059326172,649.9896240234375,0.6400904059410095,0.4380587041378021,0.45987269282341003,60981521890,2077719509
5,1,1,2.2497406005859375,1,2.335968017578125,1,0.0981048047542572,0.5762133002281189,-137.47274780273438,85.36740112304688,20.429412841796875,1,-0.013690788298845291,0.5612327456474304,-176.0259552001953,88.09809875488281,21.423309326171875,1,-0.7002158164978027,31.226116180419922,642.8692626953125,0.5026884078979492,0.44101762771606445,0.4367141127586365,1,-67.11180114746094,32.84122848510742,646.4514770507812,0.640625536441803,0.43802136182785034,0.45217257738113403,60981530223,2077727842
5,1,1,2.2271728515625,1,2.3759765625,1,0.11841494590044022,0.5584507584571838,-130.4687042236328,88.6052017211914,21.607873916625977,1,0.004713375587016344,0.5771906971931458,-169.67918395996094,85.18924713134766,20.36458969116211,1,-0.714351236820221,31.22258758544922,642.8577270507812,0.5027180910110474,0.44102340936660767,0.436688631772995,1,-67.15524291992188,32.86380386352539,647.05859375,0.6405680775642395,0.43805786967277527,0.45349544286727905,60981538556,2077736175
5,1,1,2.204345703125,1,2.319305419921875,1,0.11313299834728241,0.5356181263923645,-132.2902069091797,92.76715850830078,23.122739791870117,1,-0.027971681207418442,0.5682258009910583,-180.95077514648438,86.82337951660156,20.95932388305664,1,-0.7289285659790039,31.213668823242188,642.8347778320312,0.5027487277984619,0.4410387873649597,0.4366375505924225,1,-67.1346206665039,32.80980682373047,646.400634765625,0.6406853199005127,0.438079297542572,0.4520633816719055,60981546890,2077744509
5,1,1,2.2508544921875,1,2.336639404296875,1,0.11240679025650024,0.5568585991859436,-132.5406494140625,88.89543151855469,21.71347999572754,1,-0.013178179040551186,0.5817073583602905,-175.84915161132812,84.36593627929688,20.064903259277344,1,-0.7376865744590759,31.207286834716797,642.8804931640625,0.5027669072151184,0.44105812907218933,0.4367358684539795,1,-67.14173889160156,32.787513732910156,646.3163452148438,0.6407206058502197,0.43811383843421936,0.4518798887729645,60981555223,2077752842
5,1,1,2.2724456787109375,1,2.36358642578125,1,0.11116010695695877,0.5739637613296509,-132.97055053710938,85.77745056152344,20.578651428222656,1,-0.003096291096881032,0.5752782225608826,-172.37237548828125,85.537841796875,20.49144172668457,1,-0.7450180649757385,31.207763671875,642.8805541992188,0.5027822256088257,0.44105714559555054,0.436736136674881,1,-67.14457702636719,32.77996063232422,646.2705078125,0.6407376527786255,0.4381231665611267,0.4517804980278015,60981563556,2077761175
5,1,1,2.2602386474609375,1,2.3632965087890625,1,0.11077861487865448,0.5675193071365356,-133.1021270751953,86.95215606689453,21.00625228881836,1,-0.0025223467964679003,0.6049089431762695,-172.17445373535156,80.13671112060547,18.525564193725586,1,-0.7434172034263611,31.188081741333008,642.9612426757812,0.5027786493301392,0.441108763217926,0.4369083642959595,1,-67.13629150390625,32.75404357910156,646.2003173828125,0.6407375931739807,0.43816718459129333,0.4516235291957855,60981571881,2077769500
5,1,1,2.2661895751953125,1,2.3756256103515625,1,0.10665803402662277,0.5653781294822693,-134.52310180664062,87.34245300292969,21.148284912109375,1,-0.005773973651230335,0.5970489978790283,-173.29579162597656,81.5694351196289,19.047061920166016,1,-0.744726300239563,31.18340301513672,642.9608154296875,0.5027813911437988,0.441118448972702,0.4369069039821625,1,-67.13340759277344,32.747161865234375,646.188232421875,0.6407346725463867,0.43817976117134094,0.4515959322452545,60981580226,2077777845
5,1,1,2.271759033203125,1,2.367645263671875,1,0.12239576131105423,0.5649229884147644,-129.0959014892578,87.42544555664062,21.178434371948242,1,-0.012141960673034191,0.5959146618843079,-175.4918212890625,81.77617645263672,19.122371673583984,1,-0.7423100471496582,31.16741943359375,642.9609375,0.5027763843536377,0.4411516785621643,0.4369049072265625,1,-67.1234130859375,32.72951126098633,646.1075439453125,0.6407335996627808,0.43820521235466003,0.451416939496994,60981588559,2077786178
5,1,1,2.231903076171875,1,2.3034515380859375,1,0.1149211972951889,0.5542626976966858,-131.6735382080078,89.36860656738281,21.885751724243164,1,-0.02360725775361061,0.6019453406333923,-179.44566345214844,80.67689514160156,18.72223472595215,1,-0.739989697933197,31.138174057006836,642.9843139648438,0.5027715563774109,0.44121551513671875,0.43695148825645447,1,-67.13438415527344,32.72447204589844,646.4244384765625,0.6406792998313904,0.4382590055465698,0.45210254192352295,60981596893,2077794512
5,1,1,2.2597808837890625,1,2.336883544921875,1,0.1178925484418869,0.5672072768211365,-130.6488494873047,87.00904846191406,21.026885986328125,1,-0.02415849268436432,0.6041277050971985,-179.63577270507812,80.27912139892578,18.577417373657227,1,-0.7332414388656616,31.138397216796875,642.9732666015625,0.5027574896812439,0.44121357798576355,0.43692758679389954,1,-67.12469482421875,32.726200103759766,646.4268188476562,0.6406586766242981,0.43825575709342957,0.45210570096969604,60981605226,2077802845
5,1,1,2.2098846435546875,1,2.297271728515625,1,0.12553000450134277,0.5605988502502441,-128.01504516601562,88.21363830566406,21.46536636352539,1,-0.024997111409902573,0.5769347548484802,-179.9249725341797,85.23587799072266,20.381582260131836,1,-0.7220458984375,31.11278533935547,642.9734497070312,0.5027340650558472,0.44126683473587036,0.43692439794540405,1,-67.11497497558594,32.7113037109375,646.4282836914062,0.6406382918357849,0.43828678131103516,0.45210450887680054,60981613559,2077811178
5,1,1,2.2287139892578125,1,2.335540771484375,1,0.10665386915206909,0.5682719945907593,-134.52456665039062,86.81499481201172,20.956256866455078,1,-0.02257431484758854,0.5999965071678162,-179.08946228027344,81.03215789794922,18.851469039916992,1,-0.7098571062088013,31.111703872680664,643.0877685546875,0.5027081966400146,0.44128426909446716,0.4371722638607025,1,-67.09568786621094,32.6950569152832,646.2432250976562,0.640643298625946,0.4382951259613037,0.45169878005981445,60981621893,2077819512
5,1,1,2.2455902099609375,1,2.3337860107421875,1,0.12181733548641205,0.5444338321685791,-129.2953643798828,91.16023254394531,22.537843704223633,1,-0.016153477132320404,0.5833501815795898,-176.87521362304688,84.06647491455078,19.9559326171875,1,-0.6924763917922974,31.102806091308594,643.0652465820312,0.5026718974113464,0.44129979610443115,0.4371219873428345,1,-67.08204650878906,32.69614028930664,646.2926635742188,0.6406030654907227,0.43829968571662903,0.451802521944046,60981630226,2077827845
5,1,1,2.2358551025390625,1,2.337432861328125,1,0.11726851016283035,0.5352144837379456,-130.8640594482422,92.84073638916016,23.149518966674805,1,-0.003980215173214674,0.6112417578697205,-172.67718505859375,78.98233795166016,18.105449676513672,1,-0.6726484298706055,31.08657455444336,643.08837890625,0.5026304125785828,0.44133660197257996,0.4371698796749115,1,-67.07238006591797,32.694847106933594,646.4008178710938,0.640556812286377,0.4383171498775482,0.45203351974487305,60981638559,2077836178
5,1,1,2.264312744140625,1,2.339996337890625,1,0.0891193076968193,0.5581542253494263,-140.57142639160156,88.65924835205078,21.62754249572754,1,-0.035873427987098694,0.6005687713623047,-183.67572021484375,80.92784118652344,18.813554763793945,1,-0.7181015610694885,31.10308837890625,643.1450805664062,0.5027253031730652,0.44130975008010864,0.43729540705680847,1,-67.1171646118164,32.74538040161133,647.1846923828125,0.6404592990875244,0.43831977248191833,0.45374226570129395,60981646893,2077844512
5,1,1,2.2868804931640625,1,2.340667724609375,1,0.07085157930850983,0.5638490319252014,-146.87112426757812,87.62117767333984,21.2497501373291,1,-0.05365335941314697,0.6066717505455017,-189.8072052001953,79.81536102294922,18.408668518066406,1,-0.7972248792648315,31.076213836669922,643.1787109375,0.5028908848762512,0.4413698613643646,0.437364786863327,1,-67.17970275878906,32.77233123779297,647.644775390625,0.6404770016670227,0.43832680583000183,0.45475277304649353,60981655226,2077852845
5,1,1,2.273040771484375,1,2.3643035888671875,1,0.07561194896697998,0.5530442595481873,-145.2294921875,89.59069061279297,21.966598510742188,1,-0.03690621256828308,0.5848329663276672,-184.03187561035156,83.79618835449219,19.857515335083008,1,-0.802303671836853,31.101736068725586,643.2014770507812,0.5029013752937317,0.44131988286972046,0.43741774559020996,1,-67.1286392211914,32.787750244140625,647.3960571289062,0.6404315829277039,0.43826109170913696,0.4542069137096405,60981663559,2077861178
5,1,1,2.2616424560546875,1,2.324432373046875,1,0.08558335900306702,0.5381023287773132,-141.7908172607422,92.31434631347656,22.95794677734375,1,-0.05729508027434349,0.5865333080291748,-191.06304931640625,83.48625183105469,19.74471664428711,1,-0.7743422985076904,31.135089874267578,643.2811279296875,0.5028425455093384,0.44126126170158386,0.4375951290130615,1,-67.10033416748047,32.80994415283203,647.4488525390625,0.6403602361679077,0.43822258710861206,0.4543178379535675,60981671893,2077869512
5,1,1,2.26995849609375,1,2.315765380859375,1,0.07143376022577286,0.5641563534736633,-146.6703643798828,87.56517028808594,21.229352951049805,1,-0.036361441016197205,0.5918512940406799,-183.84400939941406,82.516845703125,19.391979217529297,1,-0.7355262637138367,31.137977600097656,643.2584228515625,0.5027613639831543,0.44125235080718994,0.437546044588089,1,-67.11029815673828,32.84381866455078,647.765380859375,0.6403041481971741,0.4381958842277527,0.45500779151916504,60981680226,2077877845
5,1,1,2.2656707763671875,1,2.33746337890625,1,0.07344523817300797,0.5925684571266174,-145.97669982910156,82.38613891601562,19.34433937072754,1,-0.0404987558722496,0.6016935110092163,-185.27078247070312,80.72280883789062,18.73893928527832,1,-0.7129396200180054,31.164470672607422,643.235595703125,0.5027140974998474,0.4411943554878235,0.4375002682209015,1,-67.087158203125,32.860687255859375,647.78369140625,0.6402518153190613,0.4381636381149292,0.455044686794281,60981688559,2077886178
5,1,1,2.264678955078125,1,2.3349456787109375,1,0.07232223451137543,0.5561816096305847,-146.36398315429688,89.01883697509766,21.75839614868164,1,-0.04040644317865372,0.599217414855957,-185.23895263671875,81.17417907714844,18.903182983398438,1,-0.6876223683357239,31.16259002685547,643.24755859375,0.5026611089706421,0.4411998689174652,0.4375258684158325,1,-67.04785919189453,32.85132598876953,647.6730346679688,0.6401973962783813,0.43816789984703064,0.454795777797699,60981696893,2077894512
5,1,1,2.2927398681640625,1,2.339111328125,1,0.05684741586446762,0.5945913195610046,-151.70053100585938,82.01742553710938,19.210128784179688,1,-0.04405118525028229,0.5752823352813721,-186.495849609375,85.5370864868164,20.491243362426758,1,-0.6520730257034302,31.20407485961914,643.2357788085938,0.5025867223739624,0.4411122500896454,0.4375061094760895,1,-67.02237701416016,32.87450408935547,647.7376098632812,0.6401289701461792,0.4381289482116699,0.45493283867836,60981705228,2077902847
5,1,1,2.2128448486328125,1,2.352783203125,1,0.08123757690191269,0.5915157198905945,-143.2894744873047,82.57803344726562,19.414216995239258,1,-0.04197992756962776,0.568128764629364,-185.78155517578125,86.84103393554688,20.965845108032227,1,-0.6256200671195984,31.221454620361328,643.2696533203125,0.5025312304496765,0.4410807490348816,0.437581866979599,1,-67.00992584228516,32.88379669189453,647.8116455078125,0.6400853395462036,0.43811991810798645,0.455091267824173,60981713561,2077911180
5,1,1,2.2708740234375,1,2.316162109375,1,0.0705265924334526,0.6026568412780762,-146.9832000732422,80.5472183227539,18.674997329711914,1,-0.03706879913806915,0.5836324095726013,-184.0879364013672,84.01500701904297,19.937267303466797,1,-0.6066023111343384,31.228042602539062,643.3265991210938,0.502491295337677,0.4410746395587921,0.43770632147789,1,-67.00472259521484,32.89354705810547,647.990234375,0.6400315165519714,0.43812423944473267,0.45547670125961304,60981721895,2077919514
5,1,1,2.2501220703125,1,2.3362579345703125,1,0.07527730613946915,0.566298246383667,-145.34490966796875,87.17472839355469,21.08726692199707,1,-0.027325427159667015,0.5697901248931885,-180.7279052734375,86.53822326660156,20.855533599853516,1,-0.5896708965301514,31.249042510986328,643.31494140625,0.5024558305740356,0.44102954864501953,0.43768391013145447,1,-66.99249267578125,32.926666259765625,648.2067260742188,0.6399539709091187,0.43808555603027344,0.45594602823257446,60981730228,2077927847
5,1,1,2.2993011474609375,1,2.3495941162109375,1,0.07726473361253738,0.5909736156463623,-144.65951538085938,82.6768569946289,19.45015525817871,1,-0.036338623613119125,0.5839598774909973,-183.83615112304688,83.95533752441406,19.91546630859375,1,-0.5632664561271667,31.227535247802734,643.38427734375,0.5024005174636841,0.44108349084854126,0.437831312417984,1,-66.97819519042969,32.91590118408203,648.269287109375,0.6399094462394714,0.4381163418292999,0.45607632398605347,60981738561,2077936180
5,1,1,2.2613067626953125,1,2.36029052734375,1,0.0737360417842865,0.5720051527023315,-145.8764190673828,86.13445281982422,20.708650588989258,1,-0.03245868906378746,0.5762253999710083,-182.4981231689453,85.3652114868164,20.428604125976562,1,-0.5487692356109619,31.25326919555664,643.3035278320312,0.502370297908783,0.44101935625076294,0.4376596212387085,1,-66.93861389160156,32.957828521728516,648.2171630859375,0.6398400664329529,0.4380228817462921,0.455961138010025,60981746895,2077944514
5,1,1,2.21588134765625,1,2.326507568359375,1,0.0835159420967102,0.5542866587638855,-142.5037841796875,89.36425018310547,21.88416290283203,1,-0.04023882746696472,0.5535634160041809,-185.18113708496094,89.49610137939453,21.93212890625,1,-0.5162926912307739,31.241222381591797,643.2586669921875,0.5023025274276733,0.44103845953941345,0.43756064772605896,1,-66.90483093261719,32.94169616699219,648.1056518554688,0.6397972106933594,0.43804091215133667,0.45571064949035645,60981755228,2077952847
5,1,1,2.2391510009765625,1,2.34393310546875,1,0.05600868910551071,0.5583105087280273,-151.98977661132812,88.63078308105469,21.61717414855957,1,-0.03631791099905968,0.5522286295890808,-183.82901000976562,89.73939514160156,22.020660400390625,1,-0.47758233547210693,31.2174129486084,643.1900634765625,0.5022216439247131,0.44107887148857117,0.43740832805633545,1,-66.86105346679688,32.911102294921875,647.9127807617188,0.6397533416748047,0.43807774782180786,0.45528048276901245,60981763561,2077961180
5,1,1,2.2675018310546875,1,2.323760986328125,1,0.05834298953413963,0.5286300182342529,-151.18478393554688,94.04100799560547,23.586318969726562,1,-0.03965241461992264,0.576809287071228,-184.97891235351562,85.25875854492188,20.389904022216797,1,-0.44872361421585083,31.277240753173828,643.338623046875,0.502160906791687,0.44097450375556946,0.43773895502090454,1,-66.84481811523438,33.025177001953125,647.8455810546875,0.6397355198860168,0.4378332197666168,0.45514819025993347,60981771895,2077969514
5,1,1,2.2531280517578125,1,2.31024169921875,1,0.07794156670570374,0.5738881230354309,-144.42611694335938,85.79122924804688,20.583698272705078,1,-0.04627971351146698,0.5707042813301086,-187.26438903808594,86.37161254882812,20.79492950439453,1,-0.425548791885376,31.143821716308594,643.2149658203125,0.5021129250526428,0.4412350654602051,0.437452107667923,1,-66.78893280029297,32.86028289794922,647.5250244140625,0.639697790145874,0.4381296932697296,0.4544205367565155,60981780228,2077977847
5,1,1,2.2650299072265625,1,2.340301513671875,1,0.07135839015245438,0.5534224510192871,-146.6963653564453,89.52176666259766,21.941497802734375,1,-0.037693459540605545,0.5828794240951538,-184.30335998535156,84.15228271484375,19.987165451049805,1,-0.3990645706653595,31.257213592529297,643.29296875,0.5020571947097778,0.441010057926178,0.437637060880661,1,-66.79118347167969,32.992591857910156,647.6322021484375,0.6396761536598206,0.4378713071346283,0.45467132329940796,60981788561,2077986180
5,1,1,2.2588653564453125,1,2.3229827880859375,1,0.08389557152986526,0.5825235247612,-142.37286376953125,84.21715545654297,20.01076316833496,1,-0.03911556303501129,0.5556419491767883,-184.79380798339844,89.11722564697266,21.79420280456543,1,-0.39058607816696167,31.232473373413086,643.2243041992188,0.5020396113395691,0.44105231761932373,0.43748462200164795,1,-66.779296875,32.914100646972656,647.7521362304688,0.6396230459213257,0.4380497336387634,0.45491623878479004,60981796895,2077994514
5,1,1,2.230743408203125,1,2.328277587890625,1,0.07845068722963333,0.5653558373451233,-144.25054931640625,87.34654235839844,21.149742126464844,1,-0.038192834705114365,0.5557659864425659,-184.47557067871094,89.09458923339844,21.785974502563477,1,-0.3792659342288971,31.20921516418457,643.2249755859375,0.5020159482955933,0.44110068678855896,0.43748289346694946,1,-66.77421569824219,32.902217864990234,647.778564453125,0.639606237411499,0.4380778670310974,0.4549703896045685,60981805228,2078002847
5,1,1,2.273284912109375,1,2.3366241455078125,1,0.08395101130008698,0.5718231797218323,-142.35374450683594,86.16765594482422,20.72065544128418,1,-0.05179585516452789,0.5804187655448914,-189.16665649414062,84.60082244873047,20.15042495727539,1,-0.37407398223876953,31.246200561523438,643.247314453125,0.5020049214363098,0.4410269260406494,0.437536358833313,1,-66.75746154785156,32.958492279052734,647.65087890625,0.6396021246910095,0.43794435262680054,0.45469930768013,60981813561,2078011180
5,1,1,2.2640228271484375,1,2.3457183837890625,1,0.07297419756650925,0.5550353527069092,-146.13914489746094,89.22776794433594,21.834489822387695,1,-0.03353813290596008,0.570624053478241,-182.87039184570312,86.38623046875,20.800268173217773,1,-0.35854703187942505,31.13125991821289,643.1693115234375,0.5019728541374207,0.44125521183013916,0.43735113739967346,1,-66.7644271850586,32.88206481933594,647.7821044921875,0.6395852565765381,0.43811994791030884,0.454973042011261,60981821895,2078019514
5,1,1,2.25787353515625,1,2.3178558349609375,1,0.07011201977729797,0.5583392381668091,-147.12615966796875,88.62550354003906,21.615312576293945,1,-0.03830818459391594,0.5766472220420837,-184.51535034179688,85.28831481933594,20.400638580322266,1,-0.35596656799316406,31.216794967651367,643.1906127929688,0.5019673109054565,0.4410804212093353,0.43740925192832947,1,-66.75431060791016,32.911197662353516,647.69921875,0.6395841836929321,0.4380485415458679,0.45479604601860046,60981830228,2078027847
5,1,1,2.258270263671875,1,2.31134033203125,1,0.0841602310538292,0.5627293586730957,-142.28160095214844,87.82527923583984,21.324033737182617,1,-0.043655186891555786,0.5584662556648254,-186.3592987060547,88.60236358642578,21.60690689086914,1,-0.3554055690765381,31.1799373626709,643.1801147460938,0.5019661784172058,0.4411555528640747,0.437381386756897,1,-66.75312042236328,32.887794494628906,647.6766357421875,0.6395872235298157,0.43809372186660767,0.45474377274513245,60981838564,2078036183
5,1,1,2.279998779296875,1,2.3526611328125,1,0.06830292195081711,0.5566108226776123,-147.7500457763672,88.94059753417969,21.72991943359375,1,-0.03490748256444931,0.5795369148254395,-183.3426055908203,84.76158905029297,20.20889663696289,1,-0.35532307624816895,31.117656707763672,643.1580810546875,0.501966118812561,0.4412819445133209,0.43732500076293945,1,-66.75104522705078,32.865257263183594,647.60595703125,0.6396000385284424,0.43813061714172363,0.45458757877349854,60981846898,2078044517
5,1,1,2.257904052734375,1,2.353759765625,1,0.07565602660179138,0.5556816458702087,-145.21429443359375,89.1099624633789,21.791576385498047,1,-0.04921937361359596,0.5674048662185669,-188.27810668945312,86.97303009033203,21.013839721679688,1,-0.3622274100780487,31.203107833862305,643.122314453125,0.5019804835319519,0.44109976291656494,0.43725916743278503,1,-66.75115966796875,32.88844299316406,647.55859375,0.6396116018295288,0.4380762577056885,0.45448872447013855,60981855231,2078052850
5,1,1,2.251983642578125,1,2.3502960205078125,1,0.07418903708457947,0.5273182988166809,-145.72019958496094,94.28009033203125,23.673391342163086,1,-0.038300324231386185,0.6125296950340271,-184.5126495361328,78.74755859375,18.020048141479492,1,-0.37010014057159424,31.05652618408203,643.1126708984375,0.5019972920417786,0.441402792930603,0.43721792101860046,1,-66.75288391113281,32.83699035644531,647.486572265625,0.6396326422691345,0.4381726086139679,0.454326331615448,60981863564,2078061183
5,1,1,2.249298095703125,1,2.34429931640625,1,0.08877928555011749,0.5642161965370178,-140.68869018554688,87.55426025390625,21.225387573242188,1,-0.039445821195840836,0.5709789991378784,-184.9076690673828,86.32154083251953,20.77667236328125,1,-0.3784860372543335,31.235488891601562,643.1671142578125,0.5020143985748291,0.44103848934173584,0.437360942363739,1,-66.75489807128906,32.907264709472656,647.4508056640625,0.6396450996398926,0.4380226731300354,0.45425960421562195,60981871898,2078069517
5,1,1,2.23785400390625,1,2.3312530517578125,1,0.08776375651359558,0.546761155128479,-141.0388946533203,90.73599243164062,22.383459091186523,1,-0.03496653214097023,0.603934645652771,-183.36297607421875,80.3143081665039,18.590190887451172,1,-0.38328608870506287,31.036075592041016,643.1912841796875,0.50202476978302,0.4414556920528412,0.43738576769828796,1,-66.76744079589844,32.777530670166016,647.4246826171875,0.6396779417991638,0.4382868707180023,0.45418742299079895,60981880231,2078077850
5,1,1,2.265167236328125,1,2.33160400390625,1,0.07814816385507584,0.5824345946311951,-144.35487365722656,84.23336791992188,20.016660690307617,1,-0.05424961820244789,0.5714820623397827,-190.01283264160156,86.22980499267578,20.74334716796875,1,-0.39651548862457275,31.198314666748047,643.0423583984375,0.5020524263381958,0.44109898805618286,0.4370850920677185,1,-66.77439880371094,32.87900161743164,647.4706420898438,0.639680802822113,0.438083678483963,0.454302579164505,60981888564,2078086183
5,1,1,2.2639923095703125,1,2.3687286376953125,1,0.07399526983499527,0.5351396203041077,-145.7870330810547,92.85441589355469,23.15443992614746,1,-0.034578800201416016,0.6118022799491882,-183.229248046875,78.88015747070312,18.068288803100586,1,-0.4001656770706177,31.041311264038086,643.1345825195312,0.5020601749420166,0.4414372444152832,0.4372634291648865,1,-66.79651641845703,32.80221939086914,647.49072265625,0.6397220492362976,0.43824487924575806,0.454339861869812,60981896898,2078094517
5,1,1,2.252532958984375,1,2.3255462646484375,1,0.06629183143377304,0.5430910587310791,-148.44358825683594,91.4050064086914,22.626922607421875,1,-0.039357855916023254,0.6047769784927368,-184.87733459472656,80.16075134277344,18.534351348876953,1,-0.41252535581588745,31.060251235961914,643.0662841796875,0.5020861625671387,0.4413888454437256,0.43711787462234497,1,-66.80147552490234,32.82204818725586,647.4424438476562,0.6397438049316406,0.4381973147392273,0.45423969626426697,60981905231,2078102850
5,1,1,2.2208404541015625,1,2.3185882568359375,1,0.08941111713647842,0.5785115361213684,-140.47079467773438,84.94849395751953,20.276945114135742,1,-0.041135162115097046,0.5748564004898071,-185.49024963378906,85.61473083496094,20.51943016052246,1,-0.434388667345047,31.162532806396484,642.9174194335938,0.5021319389343262,0.44115662574768066,0.43680912256240845,1,-66.82907104492188,32.874446868896484,647.6716918945312,0.6397454142570496,0.4381204843521118,0.45474788546562195,60981913564,2078111183
5,1,1,2.2941131591796875,1,2.332672119140625,1,0.056501396000385284,0.5591570138931274,-151.81985473632812,88.47645568847656,21.561031341552734,1,-0.036154940724372864,0.5927481651306152,-183.77281188964844,82.3534164428711,19.332395553588867,1,-0.4383251667022705,31.01971435546875,642.985595703125,0.5021403431892395,0.44146227836608887,0.436937153339386,1,-66.85003662109375,32.73663330078125,647.5604248046875,0.6398161053657532,0.4383896589279175,0.4544927179813385,60981921898,2078119517
5,1,1,2.228607177734375,1,2.3464813232421875,1,0.08176081627607346,0.5634726881980896,-143.10903930664062,87.68978118896484,21.274717330932617,1,-0.03307145833969116,0.588617742061615,-182.70945739746094,83.1063232421875,19.606399536132812,1,-0.4653812050819397,31.134666442871094,642.9403076171875,0.5021968483924866,0.44121748208999634,0.4368550181388855,1,-66.88923645019531,32.89253234863281,648.3140258789062,0.6397151350975037,0.438170850276947,0.4561498165130615,60981930231,2078127850
5,1,1,2.28302001953125,1,2.345123291015625,1,0.06692703813314438,0.5358903408050537,-148.2245330810547,92.71755981445312,23.10464859008789,1,-0.039462294429540634,0.6109986305236816,-184.91336059570312,79.02664184570312,18.121614456176758,1,-0.47836920619010925,31.073314666748047,643.0881958007812,0.5022238492965698,0.44136446714401245,0.43716734647750854,1,-66.87025451660156,32.80411148071289,647.4852905273438,0.6398757696151733,0.43824005126953125,0.45434463024139404,60981938564,2078136183
5,1,1,2.310943603515625,1,2.334564208984375,1,0.0643552914261818,0.5493419766426086,-149.1114044189453,90.26557159423828,22.21222686767578,1,-0.02788226306438446,0.586139440536499,-180.91993713378906,83.55802917480469,19.770893096923828,1,-0.49682217836380005,31.04059600830078,642.9744262695312,0.5022627711296082,0.4414173364639282,0.4369160532951355,1,-66.88540649414062,32.76201629638672,647.5177001953125,0.6398994326591492,0.43833133578300476,0.45441192388534546,60981946898,2078144517
5,1,1,2.2825775146484375,1,2.381927490234375,1,0.06727665662765503,0.5546296238899231,-148.1039581298828,89.30170440673828,21.86142921447754,1,-0.026197170838713646,0.5750026106834412,-180.3388214111328,85.58805847167969,20.509801864624023,1,-0.5126028060913086,31.183856964111328,642.9736938476562,0.5022954940795898,0.44111964106559753,0.43693435192108154,1,-66.89262390136719,32.85096740722656,647.28955078125,0.639968991279602,0.43811649084091187,0.453933984041214,60981955231,2078152850
5,1,1,2.255889892578125,1,2.392669677734375,1,0.068841353058815,0.536570131778717,-147.56436157226562,92.5936508178711,23.059568405151367,1,-0.031525131314992905,0.5852704644203186,-182.1761932373047,83.7164535522461,19.828495025634766,1,-0.5321516990661621,31.040870666503906,642.98583984375,0.5023367404937744,0.44141820073127747,0.43694087862968445,1,-66.90332794189453,32.74403381347656,647.4557495117188,0.6399515271186829,0.43835997581481934,0.4542796313762665,60981963564,2078161183
5,1,1,2.290435791015625,1,2.3964080810546875,1,0.07024233788251877,0.5584565997123718,-147.0812530517578,88.60415649414062,21.607460021972656,1,-0.020888233557343483,0.6114062070846558,-178.5080108642578,78.95234680175781,18.094554901123047,1,-0.5409354567527771,31.192636489868164,643.0986328125,0.5023545026779175,0.4411180019378662,0.4372066259384155,1,-66.89907836914062,32.82817840576172,647.1130981445312,0.6400250792503357,0.438139408826828,0.453551322221756,60981971901,2078169520
5,1,1,2.2928924560546875,1,2.369903564453125,1,0.07967092841863632,0.5765215754508972,-143.82974243164062,85.31121826171875,20.408954620361328,1,-0.050758443772792816,0.5879848599433899,-188.8088836669922,83.2216796875,19.648399353027344,1,-0.5536975860595703,31.17852020263672,643.14501953125,0.5023811459541321,0.4411534368991852,0.43730536103248596,1,-66.91605377197266,32.81782150268555,647.2379150390625,0.6400301456451416,0.43817785382270813,0.45382291078567505,60981980234,2078177853
5,1,1,2.30718994140625,1,2.3345489501953125,1,0.06734710931777954,0.57026606798172,-148.07965087890625,86.45148468017578,20.823963165283203,1,-0.04273471608757973,0.5777636766433716,-186.04185485839844,85.08477020263672,20.32660675048828,1,-0.561989963054657,31.178367614746094,643.1790161132812,0.5023984313011169,0.4411582350730896,0.4373791217803955,1,-66.9302978515625,32.81159973144531,647.3065185546875,0.6400429606437683,0.43820005655288696,0.45397326350212097,60981988567,2078186186
5,1,1,2.279205322265625,1,2.35211181640625,1,0.09589735418558121,0.5346502065658569,-138.23399353027344,92.94361877441406,23.186904907226562,1,-0.04058856517076492,0.5605831146240234,-185.30174255371094,88.2165298461914,21.46638298034668,1,-0.5855890512466431,31.255136489868164,643.2233276367188,0.5024476051330566,0.4410047233104706,0.437485933303833,1,-66.99998474121094,32.95885467529297,648.5433959960938,0.6398882865905762,0.43806523084640503,0.4566788375377655,60981996900,2078194519
5,1,1,2.3015594482421875,1,2.3787078857421875,1,0.08056111633777618,0.5653952360153198,-143.52276611328125,87.33934783935547,21.147138595581055,1,-0.03701368719339371,0.6007658243179321,-184.06895446777344,80.89191436767578,18.800504684448242,1,-0.5850685834884644,31.24064826965332,643.2348022460938,0.5024464130401611,0.4410363435745239,0.43750888109207153,1,-66.94650268554688,32.84563064575195,647.4222412109375,0.6400484442710876,0.43814557790756226,0.454231321811676,60982005234,2078202853
5,1,1,2.2845001220703125,1,2.3481903076171875,1,0.08543502539396286,0.5329526662826538,-141.84197998046875,93.25305938720703,23.299575805664062,1,-0.032607898116111755,0.564577579498291,-182.54957580566406,87.4884033203125,21.20134925842285,1,-0.5866389274597168,31.26535987854004,643.201171875,0.5024497509002686,0.44098055362701416,0.43743935227394104,1,-67.0132064819336,32.977596282958984,648.587890625,0.6399047374725342,0.4380326569080353,0.45678046345710754,60982013567,2078211186
5,1,1,2.296966552734375,1,2.328399658203125,1,0.08029942959547043,0.5317249894142151,-143.61300659179688,93.4768295288086,23.381019592285156,1,-0.041089922189712524,0.5964701771736145,-185.4746551513672,81.67493438720703,19.08551597595215,1,-0.5873632431030273,31.2702693939209,643.2123413085938,0.5024513006210327,0.44097185134887695,0.43746429681777954,1,-66.9637222290039,32.91914749145508,647.5244140625,0.6400591135025024,0.43800780177116394,0.45446619391441345,60982021901,2078219520
5,1,1,2.2881622314453125,1,2.3322601318359375,1,0.08348660171031952,0.5390883684158325,-142.51388549804688,92.1346206665039,22.892507553100586,1,-0.03614136576652527,0.568412721157074,-183.7681121826172,86.78929901123047,20.946989059448242,1,-0.5862152576446533,31.278430938720703,643.2354125976562,0.5024487972259521,0.4409579932689667,0.43751537799835205,1,-66.97161102294922,32.92938995361328,647.5822143554688,0.6400613784790039,0.4379945397377014,0.45459407567977905,60982030234,2078227853
5,1,1,2.2982177734375,1,2.4199676513671875,1,0.07260444015264511,0.5666266679763794,-146.2666473388672,87.1148910522461,21.065444946289062,1,-0.021516306325793266,0.5850850343704224,-178.724609375,83.75023651123047,19.840845108032227,1,-0.5845339298248291,31.39145851135254,643.2686157226562,0.5024449229240417,0.44072777032852173,0.437603235244751,1,-66.97303771972656,32.999412536621094,647.4996948242188,0.640083909034729,0.43783870339393616,0.4544263780117035,60982038567,2078236186
5,1,1,2.313812255859375,1,2.46258544921875,1,0.0811169296503067,0.5307797193527222,-143.33108520507812,93.6491470336914,23.443700790405273,1,0.00584872392937541,0.5791299343109131,-169.28765869140625,84.83576202392578,20.235916137695312,1,-0.5770124197006226,31.32767677307129,643.2695922851562,0.5024293065071106,0.4408603310585022,0.43759647011756897,1,-66.96672058105469,32.96318054199219,647.581298828125,0.6400513648986816,0.43792465329170227,0.4545959532260895,60982046900,2078244519
2,1,1,2.332611083984375,1,2.358642578125,1,0.08203724026679993,0.5805177688598633,-143.01370239257812,84.58277130126953,20.143863677978516,1,-0.0327821709215641,0.572266161441803,-182.6096954345703,86.08690643310547,20.691299438476562,1,-0.5746310353279114,31.435577392578125,643.2906494140625,0.5024240612983704,0.4406391382217407,0.4376572370529175,1,-66.9576416015625,33.03776550292969,647.5714111328125,0.6400346755981445,0.43776941299438477,0.45458319783210754,60982055234,2078252853
2,1,1,2.2870941162109375,1,2.36865234375,1,0.08752983063459396,0.5642416477203369,-141.1195526123047,87.54961395263672,21.22370719909668,1,-0.037468139082193375,0.6077207922935486,-184.2256622314453,79.62413787841797,18.339109420776367,1,-0.5626458525657654,31.42359161376953,643.2805786132812,0.5023990869522095,0.4406627118587494,0.43763360381126404,1,-66.93879699707031,33.02220916748047,647.3975830078125,0.6400377750396729,0.43777766823768616,0.45420172810554504,60982063567,2078261186
2,1,1,2.332977294921875,1,2.380523681640625,1,0.07106902450323105,0.567552387714386,-146.796142578125,86.94612121582031,21.00404167175293,1,-0.04794428497552872,0.5986000299453735,-187.83840942382812,81.28669738769531,18.944162368774414,1,-0.5764180421829224,31.445045471191406,643.302490234375,0.5024278163909912,0.4406210780143738,0.4376842975616455,1,-66.9444351196289,33.054630279541016,647.480224609375,0.6400293111801147,0.4377220869064331,0.45438602566719055,60982071900,2078269519
2,1,1,2.320526123046875,1,2.4498748779296875,1,0.03271752595901489,0.5490983724594116,-160.02183532714844,90.30996704101562,22.228410720825195,1,-0.03957695886492729,0.5763447284698486,-184.95289611816406,85.34344482421875,20.420730590820312,1,-0.6187622547149658,31.46875,643.3472290039062,0.5025161504745483,0.44057780504226685,0.4377846121788025,1,-66.97090148925781,33.09282684326172,647.36669921875,0.6401113271713257,0.4376276135444641,0.454152375459671,60982080234,2078277853
2,1,1,2.299560546875,1,2.4646148681640625,1,0.029611188918352127,0.5458462834358215,-161.09304809570312,90.90277099609375,22.44413185119629,1,-0.039089661091566086,0.576389491558075,-184.7848663330078,85.3353042602539,20.41767120361328,1,-0.6292786598205566,31.459020614624023,643.2901611328125,0.5025383234024048,0.4405903220176697,0.43765950202941895,1,-66.95315551757812,33.07429504394531,647.1336669921875,0.6401309370994568,0.43763384222984314,0.45364299416542053,60982088567,2078286186
2,1,1,2.2974700927734375,1,2.439910888671875,1,0.06548156589269638,0.5267096757888794,-148.7230224609375,94.39102935791016,23.713781356811523,1,-0.03220026195049286,0.573344886302948,-182.40902709960938,85.8902816772461,20.619699478149414,1,-0.6105964779853821,31.476959228515625,643.3589477539062,0.5024990439414978,0.44056233763694763,0.4378112852573395,1,-66.98040008544922,33.139564514160156,647.5068359375,0.6400968432426453,0.4375503659248352,0.45446354150772095,60982096900,2078294519
2,1,1,2.3003387451171875,1,2.434295654296875,1,0.06446695327758789,0.5441752672195435,-149.07289123535156,91.20736694335938,22.554990768432617,1,-0.03548496961593628,0.5921251177787781,-183.54176330566406,82.46694946289062,19.373727798461914,1,-0.5944770574569702,31.46926498413086,643.2902221679688,0.5024654865264893,0.440569132566452,0.43766093254089355,1,-66.92744445800781,33.11803436279297,647.291748046875,0.6400393843650818,0.43756529688835144,0.45398467779159546,60982105237,2078302856
2,1,1,2.3412322998046875,1,2.4249267578125,1,0.06486377865076065,0.555695116519928,-148.93605041503906,89.10750579833984,21.79070281982422,1,-0.04565935209393501,0.5796560049057007,-187.05043029785156,84.73986053466797,20.201000213623047,1,-0.5831201672554016,31.46717071533203,643.267333984375,0.5024418234825134,0.4405704140663147,0.43761104345321655,1,-66.8979263305664,33.10685729980469,647.1677856445312,0.640008270740509,0.4375714063644409,0.45370906591415405,60982113570,2078311189
2,1,1,2.30645751953125,1,2.4024658203125,1,0.05879060924053192,0.5365933179855347,-151.03042602539062,92.58941650390625,23.05802345275879,1,-0.04764680936932564,0.5655047297477722,-187.73582458496094,87.31937408447266,21.139938354492188,1,-0.5648577213287354,31.468341827392578,643.2108154296875,0.5024037957191467,0.4405604600906372,0.4374885857105255,1,-66.87977600097656,33.11942672729492,647.1240234375,0.6399812698364258,0.4375394284725189,0.453612357378006,60982121903,2078319522
2,1,1,2.2955322265625,1,2.3650970458984375,1,0.0496453233063221,0.534969687461853,-154.1842041015625,92.88539123535156,23.165706634521484,1,-0.06446056067943573,0.5654122233390808,-193.5341033935547,87.33624267578125,21.146007537841797,1,-0.5403205156326294,31.45494842529297,643.1766357421875,0.5023524761199951,0.4405837655067444,0.43741244077682495,1,-66.86705780029297,33.10231399536133,647.2810668945312,0.6399171948432922,0.4375964105129242,0.453946053981781,60982130237,2078327856
2,1,1,2.29302978515625,1,2.4022064208984375,1,0.043817467987537384,0.5253929495811462,-156.1939697265625,94.63104248046875,23.801130294799805,1,-0.034637004137039185,0.5704843401908875,-183.24932861328125,86.41169738769531,20.809511184692383,1,-0.5061287879943848,31.468677520751953,643.1656494140625,0.5022810101509094,0.44055384397506714,0.43739053606987,1,-66.8506088256836,33.11714553833008,647.1650390625,0.6399109959602356,0.437549889087677,0.45369407534599304,60982138570,2078336189
2,1,1,2.2538909912109375,1,2.3619232177734375,1,0.04386192932724953,0.5259301066398621,-156.1786346435547,94.53314208984375,23.765453338623047,1,-0.054736629128456116,0.5614269375801086,-190.18077087402344,88.06269073486328,21.410415649414062,1,-0.47067224979400635,31.45064353942871,643.0859375,0.5022069811820984,0.44058066606521606,0.43721500039100647,1,-66.85523986816406,33.11077117919922,647.3785400390625,0.6398691534996033,0.43759241700172424,0.4541550278663635,60982146903,2078344522
2,1,1,2.2982025146484375,1,2.3989715576171875,1,0.04487673193216324,0.5487272143363953,-155.82867431640625,90.37760925292969,22.253019332885742,1,-0.045460715889930725,0.5702748894691467,-186.98193359375,86.44987487792969,20.823427200317383,1,-0.44235706329345703,31.452880859375,643.1544799804688,0.5021476149559021,0.44058525562286377,0.43736401200294495,1,-66.8208236694336,33.0941162109375,647.2550048828125,0.6398278474807739,0.43760985136032104,0.45387837290763855,60982155237,2078352856
2,1,1,2.278045654296875,1,2.3903350830078125,1,0.04401583969593048,0.522819459438324,-156.12554931640625,95.10015106201172,23.971881866455078,1,-0.056664370000362396,0.5665199160575867,-190.84555053710938,87.13431549072266,21.07256317138672,1,-0.4153749644756317,31.459453582763672,643.17724609375,0.502091109752655,0.4405747354030609,0.437414288520813,1,-66.7704086303711,33.093360900878906,647.124267578125,0.6397550702095032,0.437593549489975,0.45358502864837646,60982163570,2078361189
2,1,1,2.3002777099609375,1,2.3585357666015625,1,0.06018247455358505,0.5753994584083557,-150.55043029785156,85.51577758789062,20.48337745666504,1,-0.05783098191022873,0.5665096640586853,-191.2478790283203,87.13619232177734,21.07322883605957,1,-0.4017467796802521,31.453392028808594,643.1770629882812,0.5020626187324524,0.4405873417854309,0.43741294741630554,1,-66.73416137695312,33.06858825683594,646.9317626953125,0.6397265195846558,0.43761828541755676,0.4531581699848175,60982171903,2078369522
2,1,1,2.2844085693359375,1,2.3779449462890625,1,0.06124385446310043,0.5526959300041199,-150.1844024658203,89.6541976928711,21.98967170715332,1,-0.058782417327165604,0.5660609006881714,-191.5759735107422,87.21797180175781,21.10300064086914,1,-0.3866816759109497,31.46054458618164,643.17724609375,0.5020310282707214,0.44057250022888184,0.43741440773010254,1,-66.71845245361328,33.09286117553711,647.017333984375,0.6396733522415161,0.4375799298286438,0.4533427357673645,60982180237,2078377856
2,1,1,2.3153228759765625,1,2.3925628662109375,1,0.05463871359825134,0.5778719186782837,-152.46221923828125,85.06507873535156,20.31937599182129,1,-0.04969625174999237,0.5545477271080017,-188.4425811767578,89.31664276123047,21.866859436035156,1,-0.3763524889945984,31.450607299804688,643.1314697265625,0.5020095705986023,0.4405870735645294,0.4373137056827545,1,-66.70309448242188,33.082176208496094,647.0680541992188,0.6396293640136719,0.4376090168952942,0.45344728231430054,60982188570,2078386189
2,1,1,2.2553863525390625,1,2.4006195068359375,1,0.06440621614456177,0.5498486757278442,-149.09385681152344,90.1732177734375,22.1785945892334,1,-0.052625104784965515,0.5670356154441833,-189.45260620117188,87.04033660888672,21.038299560546875,1,-0.36179494857788086,31.442119598388672,643.1203002929688,0.5019791126251221,0.44060322642326355,0.43728822469711304,1,-66.69709777832031,33.08392333984375,647.1766357421875,0.639590859413147,0.4376203715801239,0.45368054509162903,60982196903,2078394522
2,1,1,2.28277587890625,1,2.4168701171875,1,0.060273077338933945,0.5642603039741516,-150.51919555664062,87.5462417602539,21.222423553466797,1,-0.04351573437452316,0.555202305316925,-186.3112030029297,89.19731140136719,21.823436737060547,1,-0.3509489893913269,31.438581466674805,643.0628662109375,0.5019565224647522,0.4406028687953949,0.4371631145477295,1,-66.68951416015625,33.09178161621094,647.2478637695312,0.639557957649231,0.43761396408081055,0.45383381843566895,60982205237,2078402856
2,1,1,2.280517578125,1,2.3592987060546875,1,0.06034555286169052,0.5412582755088806,-150.4941864013672,91.73908233642578,22.748502731323242,1,-0.047076743096113205,0.5497984886169434,-187.5392303466797,90.18235778808594,22.181884765625,1,-0.33051708340644836,31.40367889404297,643.0297241210938,0.5019139051437378,0.44067099690437317,0.437086284160614,1,-66.68490600585938,33.0750732421875,647.2954711914062,0.6395370364189148,0.4376550018787384,0.45393306016921997,60982213570,2078411189
2,1,1,2.263458251953125,1,2.368072509765625,1,0.053120359778404236,0.5491915941238403,-152.98582458496094,90.29298400878906,22.22214126586914,1,-0.04982852563261986,0.5531149506568909,-188.4882049560547,89.57781982421875,21.961912155151367,1,-0.31961750984191895,31.41075897216797,642.9949340820312,0.5018910765647888,0.44065162539482117,0.43701183795928955,1,-66.67257690429688,33.08300018310547,647.2966918945312,0.639511227607727,0.4376388192176819,0.45393410325050354,60982221903,2078419522
2,1,1,2.2820892333984375,1,2.3694000244140625,1,0.04434675723314285,0.552961528301239,-156.01144409179688,89.60578155517578,21.97208595275879,1,-0.04681461676955223,0.5542011857032776,-187.44883728027344,89.37982940673828,21.889841079711914,1,-0.30731314420700073,31.373184204101562,642.9732666015625,0.5018654465675354,0.44072678685188293,0.43695956468582153,1,-66.65829467773438,33.0643196105957,647.2535400390625,0.6394922137260437,0.4376715123653412,0.453835129737854,60982230240,2078427859
2,1,1,2.251220703125,1,2.37957763671875,1,0.06103777140378952,0.5416385531425476,-150.25547790527344,91.66976928710938,22.723308563232422,1,-0.0478057786822319,0.5390800833702087,-187.79063415527344,92.13609313964844,22.893095016479492,1,-0.25680506229400635,31.36639404296875,642.92822265625,0.5017597675323486,0.44073498249053955,0.4368608593940735,1,-66.62327575683594,33.062713623046875,647.4280395507812,0.6393778324127197,0.4376988708972931,0.45420387387275696,60982238573,2078436192
2,1,1,2.28240966796875,1,2.3669586181640625,1,0.10141610354185104,0.533332884311676,-136.33082580566406,93.18372344970703,23.274330139160156,1,-0.027284208685159683,0.5021739602088928,-180.7136993408203,98.86344909667969,25.34157943725586,1,-0.18046069145202637,31.385536193847656,643.0307006835938,0.501599907875061,0.44070905447006226,0.43708574771881104,1,-66.61126708984375,33.0886116027832,647.7154541015625,0.6392838954925537,0.4376849830150604,0.45482510328292847,60982246906,2078444525
2,1,1,2.2620849609375,1,2.32763671875,1,0.09616207331418991,0.4965449273586273,-138.1427001953125,99.88951873779297,25.71503448486328,1,-0.029366686940193176,0.5262322425842285,-181.43185424804688,94.4780502319336,23.745471954345703,1,-0.1437886655330658,31.329740524291992,643.0880126953125,0.5015231966972351,0.4408326745033264,0.43720224499702454,1,-66.56059265136719,33.06004333496094,647.513916015625,0.639227569103241,0.4377163350582123,0.4543750286102295,60982255240,2078452859
2,1,1,2.3198699951171875,1,2.346923828125,1,0.10427851974964142,0.5311607122421265,-135.3437042236328,93.57966613769531,23.418474197387695,1,-0.03029915690422058,0.5417381525039673,-181.75341796875,91.65162658691406,22.716665267944336,1,-0.1356147676706314,31.32468032836914,643.0770263671875,0.5015060901641846,0.44084176421165466,0.437177836894989,1,-66.5704116821289,33.068756103515625,647.5955810546875,0.6392282843589783,0.4377095699310303,0.45455455780029297,60982263573,2078461192
2,1,1,2.2579345703125,1,2.34014892578125,1,0.10891297459602356,0.5236624479293823,-133.74549865722656,94.94647216796875,23.915925979614258,1,-0.0218480434268713,0.5390750169754028,-178.83900451660156,92.13704681396484,22.893396377563477,1,-0.14248602092266083,31.286636352539062,643.0890502929688,0.5015205144882202,0.4409223198890686,0.43719854950904846,1,-66.5788345336914,33.04374694824219,647.557861328125,0.6392548680305481,0.4377559721469879,0.45447149872779846,60982271906,2078469525
2,1,1,2.270660400390625,1,2.3718719482421875,1,0.10882921516895294,0.5122191905975342,-133.7743682861328,97.03237915039062,24.67510986328125,1,-0.02253560721874237,0.5444195866584778,-179.07611083984375,91.16281127929688,22.53883934020996,1,-0.14858689904212952,31.271425247192383,643.0890502929688,0.5015333890914917,0.4409538805484772,0.43719640374183655,1,-66.57927703857422,33.02519226074219,647.4265747070312,0.6392872929573059,0.43777623772621155,0.4541855454444885,60982280240,2078477859
2,1,1,2.251800537109375,1,2.3881683349609375,1,0.11384537070989609,0.5045467615127563,-132.04452514648438,98.4309310913086,25.184146881103516,1,-0.003638980444520712,0.5655198693275452,-172.5595245361328,87.3166275024414,21.13890266418457,1,-0.15473955869674683,31.265567779541016,643.111572265625,0.5015462040901184,0.4409690201282501,0.4372444450855255,1,-66.58889770507812,33.018917083740234,647.4473876953125,0.6393022537231445,0.437792032957077,0.45423173904418945,60982288573,2078486192
2,1,1,2.2696685791015625,1,2.330108642578125,1,0.10790686309337616,0.5116051435470581,-134.0924530029297,97.14434814453125,24.71579933166504,1,-0.018819909542798996,0.5503131151199341,-177.7947235107422,90.08854675292969,22.147748947143555,1,-0.1621357500553131,31.25698471069336,643.156982421875,0.5015616416931152,0.44099295139312744,0.4373418390750885,1,-66.56117248535156,32.963436126708984,646.71728515625,0.6394206285476685,0.4378063976764679,0.452642023563385,60982296906,2078494525
2,1,1,2.2427978515625,1,2.36627197265625,1,0.10981647670269012,0.48876824975013733,-133.43392944335938,101.30707550048828,26.231006622314453,1,-0.01640009693801403,0.5559113621711731,-176.9602508544922,89.0680923461914,21.776338577270508,1,-0.170326828956604,31.261932373046875,643.1226196289062,0.5015788078308105,0.4409780502319336,0.437267929315567,1,-66.57644653320312,32.970603942871094,646.7501220703125,0.6394442915916443,0.43779605627059937,0.4527173936367035,60982305240,2078502859
2,1,1,2.26788330078125,1,2.354736328125,1,0.10210638493299484,0.4990164041519165,-136.09278869628906,99.43903350830078,25.551084518432617,1,-0.0241219624876976,0.5698292851448059,-179.62318420410156,86.53109741210938,20.85297966003418,1,-0.180410236120224,31.256332397460938,643.1224975585938,0.501599907875061,0.4409896433353424,0.43726688623428345,1,-66.6171646118164,32.99696731567383,647.4057006835938,0.6393707990646362,0.4378315806388855,0.45414480566978455,60982313573,2078511192
2,1,1,2.238525390625,1,2.355499267578125,1,0.09551409631967545,0.4947033226490021,-138.3661651611328,100.2252197265625,25.837215423583984,1,-0.022982126101851463,0.5651125311851501,-179.2301025390625,87.3908920288086,21.165870666503906,1,-0.19488728046417236,31.258548736572266,643.1109008789062,0.5016302466392517,0.44098344445228577,0.4372420608997345,1,-66.63975524902344,33.007816314697266,647.5438232421875,0.6393842697143555,0.43782809376716614,0.454449325799942,60982321906,2078519525
2,1,1,2.24530029296875,1,2.348968505859375,1,0.10374589264392853,0.5009304881095886,-135.5273895263672,99.0901107788086,25.424104690551758,1,-0.016814403235912323,0.5767141580581665,-177.10311889648438,85.276123046875,20.396156311035156,1,-0.21191038191318512,31.256175994873047,643.076416015625,0.5016658902168274,0.44098374247550964,0.43716683983802795,1,-66.66546630859375,33.00309753417969,647.6212768554688,0.6394188404083252,0.43784841895103455,0.4546215534210205,60982330240,2078527859
2,1,1,2.26025390625,1,2.3882598876953125,1,0.09311783313751221,0.4925776422023773,-139.19252014160156,100.61270141601562,25.97824478149414,1,-0.016754835844039917,0.5858103632926941,-177.08258056640625,83.61800384521484,19.7927303314209,1,-0.23416054248809814,31.25314712524414,643.03125,0.5017125010490417,0.44098398089408875,0.43706852197647095,1,-66.70038604736328,33.00687026977539,647.9605102539062,0.6394095420837402,0.4378870725631714,0.45536181330680847,60982338573,2078536192
2,1,1,2.2485809326171875,1,2.3549041748046875,1,0.08354401588439941,0.49948087334632874,-142.49407958984375,99.3543472290039,25.520267486572266,1,-0.02985251508653164,0.559698760509491,-181.59938049316406,88.37770080566406,21.525108337402344,1,-0.2668918967247009,31.256834030151367,642.9506225585938,0.5017811059951782,0.44096553325653076,0.43689414858818054,1,-66.70465087890625,32.99591064453125,647.673828125,0.6394872665405273,0.4378703832626343,0.454742431640625,60982346906,2078544525
2,1,1,2.2480621337890625,1,2.409912109375,1,0.08875373005867004,0.5095313787460327,-140.69749450683594,97.52233123779297,24.853456497192383,1,-0.0033815870992839336,0.5556932687759399,-172.4707794189453,89.10784149169922,21.79082489013672,1,-0.3024100065231323,31.233556747436523,642.8367309570312,0.5018556714057922,0.4409986436367035,0.4366437792778015,1,-66.73187255859375,32.9640007019043,647.7894287109375,0.6395159363746643,0.4379519820213318,0.45499348640441895,60982355240,2078552859
2,1,1,2.2656097412109375,1,2.3458709716796875,1,0.10020527988672256,0.5223610401153564,-136.74838256835938,95.1837158203125,24.002227783203125,1,-0.018116680905222893,0.5512552261352539,-177.55223083496094,89.91680145263672,22.0853328704834,1,-0.33634787797927856,31.233171463012695,642.8935546875,0.5019266605377197,0.44100692868232727,0.436767041683197,1,-66.75735473632812,32.95874786376953,647.8070068359375,0.6395643353462219,0.43796515464782715,0.4550361931324005,60982363573,2078561192
2,1,1,2.262359619140625,1,2.3336334228515625,1,0.10970944166183472,0.5342016816139221,-133.4708251953125,93.02537536621094,23.216676712036133,1,-0.025977512821555138,0.5376793146133423,-180.2630615234375,92.39147186279297,22.985933303833008,1,-0.36019229888916016,31.238426208496094,643.0531005859375,0.5019763112068176,0.4410172402858734,0.43711403012275696,1,-66.80792236328125,32.94969940185547,648.0706787109375,0.6396054625511169,0.43801984190940857,0.4556151032447815,60982371906,2078569525
2,1,1,2.2522735595703125,1,2.333465576171875,1,0.10884056985378265,0.54197758436203,-133.7704620361328,91.60795593261719,22.700807571411133,1,-0.019885586574673653,0.529183566570282,-178.16224670410156,93.94011688232422,23.549602508544922,1,-0.37905094027519226,31.235307693481445,643.1328125,0.5020155906677246,0.4410342872142792,0.43728649616241455,1,-66.85696411132812,32.92122268676758,648.2386474609375,0.6396664381027222,0.4381014406681061,0.4559842348098755,60982380240,2078577859
2,1,1,2.2708587646484375,1,2.3540802001953125,1,0.10822036117315292,0.5553414225578308,-133.98434448242188,89.17198181152344,21.81415367126465,1,-0.026034710928797722,0.5247659087181091,-180.2827911376953,94.74535369873047,23.84270477294922,1,-0.39861583709716797,31.22247314453125,643.0535888671875,0.5020567178726196,0.44105032086372375,0.43711283802986145,1,-66.85818481445312,32.877197265625,647.8203735351562,0.6397697925567627,0.4381350576877594,0.45507559180259705,60982388573,2078586192
2,1,1,2.2432708740234375,1,2.327850341796875,1,0.10309815406799316,0.5298767685890198,-135.75074768066406,93.81373596191406,23.503597259521484,1,-0.01693195104598999,0.5388660430908203,-177.1436767578125,92.17516326904297,22.907169342041016,1,-0.428227961063385,31.16855239868164,642.8948974609375,0.5021191239356995,0.44114112854003906,0.43676120042800903,1,-66.90907287597656,32.75956344604492,645.7449340820312,0.6403772234916687,0.43809375166893005,0.45059138536453247,60982396906,2078594525
2,1,1,2.250579833984375,1,2.35809326171875,1,0.10339633375406265,0.5305202603340149,-135.64794921875,93.69645690917969,23.460901260375977,1,-0.025305867195129395,0.5734146237373352,-180.0314483642578,85.87757110595703,20.615095138549805,1,-0.4604993760585785,31.136499404907227,642.871826171875,0.5021867752075195,0.44120457768440247,0.43670666217803955,1,-66.91502380371094,32.84722137451172,647.9883422851562,0.6398468613624573,0.43821972608566284,0.4554463326931,60982405240,2078602859
2,1,1,2.2342681884765625,1,2.38421630859375,1,0.09576963633298874,0.5076839327812195,-138.2780303955078,97.85906219482422,24.97608757019043,1,-0.016465742141008377,0.5930166244506836,-176.98289489746094,82.30447387695312,19.314611434936523,1,-0.4919354319572449,31.1019287109375,642.9744262695312,0.5022523999214172,0.4412899613380432,0.436924546957016,1,-66.9441909790039,32.81434631347656,647.9476318359375,0.6399170756340027,0.43828192353248596,0.45536020398139954,60982413573,2078611192
2,1,1,2.2257537841796875,1,2.376251220703125,1,0.11969641596078873,0.533167839050293,-130.02676391601562,93.21382904052734,23.285245895385742,1,-0.01640082709491253,0.5616269707679749,-176.96051025390625,88.02620697021484,21.397197723388672,1,-0.5227075219154358,31.05685043334961,642.8834228515625,0.5023171901702881,0.44137147068977356,0.4367208778858185,1,-66.94942474365234,32.759178161621094,647.6131591796875,0.640008807182312,0.4383500814437866,0.45463162660598755,60982421906,2078619525
2,1,1,2.248565673828125,1,2.35614013671875,1,0.10900988429784775,0.5069025754928589,-133.7120819091797,98.00149536132812,25.027896881103516,1,-0.007247598376125097,0.5438535809516907,-173.80397033691406,91.26598358154297,22.576372146606445,1,-0.5534683465957642,31.046466827392578,642.917724609375,0.5023815035820007,0.441397488117218,0.4367939829826355,1,-66.99391174316406,32.75692367553711,647.690185546875,0.6400821805000305,0.4383651614189148,0.45480746030807495,60982430240,2078627859
2,1,1,2.25872802734375,1,2.3619384765625,1,0.09697648882865906,0.5063562989234924,-137.86184692382812,98.10108184814453,25.064090728759766,1,-0.023213135078549385,0.5739068984985352,-179.3097686767578,85.78778839111328,20.582487106323242,1,-0.5826291441917419,31.033933639526367,643.04248046875,0.5024421811103821,0.44144004583358765,0.43706294894218445,1,-67.00521087646484,32.60596466064453,645.3987426757812,0.6406614184379578,0.4383641183376312,0.44984370470046997,60982438573,2078636192
2,1,1,2.25445556640625,1,2.3214569091796875,1,0.11692488938570023,0.5355786681175232,-130.9825439453125,92.77436828613281,23.125333786010742,1,-0.021508248522877693,0.5406349897384644,-178.72183227539062,91.85269927978516,22.789846420288086,1,-0.5807250142097473,31.03243064880371,643.0311279296875,0.5024383068084717,0.4414416551589966,0.43703800439834595,1,-67.14433288574219,32.833126068115234,649.7367553710938,0.6398994326591492,0.43848636746406555,0.45926791429519653,60982446906,2078644525
2,1,1,2.2142486572265625,1,2.3421783447265625,1,0.14178942143917084,0.491487979888916,-122.40791320800781,100.8113021850586,26.050579071044922,1,0.001993076177313924,0.5418832302093506,-170.61729431152344,91.62516784667969,22.707000732421875,1,-0.5267732739448547,31.018646240234375,642.7345581054688,0.5023260712623596,0.44143104553222656,0.436392605304718,1,-66.94465637207031,32.63288879394531,646.2042846679688,0.6403401494026184,0.4384186863899231,0.45157232880592346,60982455240,2078652859
2,1,1,2.2290802001953125,1,2.3496856689453125,1,0.15368203818798065,0.4773276448249817,-118.30668640136719,103.39248657226562,26.990049362182617,1,0.0329420305788517,0.4979857802391052,-159.9444122314453,99.62688446044922,25.619426727294922,1,-0.46178287267684937,31.02065658569336,642.8029174804688,0.5021898150444031,0.4414360523223877,0.4365410804748535,1,-66.92205810546875,32.62967300415039,645.9835815429688,0.6403468251228333,0.438395231962204,0.45109066367149353,60982463573,2078661192
2,1,1,2.258148193359375,1,2.3868560791015625,1,0.1461801826953888,0.505606472492218,-120.89373779296875,98.2377700805664,25.11383819580078,1,0.03624647110700607,0.5025867223739624,-158.8048553466797,98.78820037841797,25.314252853393555,1,-0.46850574016571045,31.029415130615234,642.8599853515625,0.5022037625312805,0.4414254128932953,0.4366660714149475,1,-66.9280014038086,32.63726806640625,645.8531494140625,0.6403906941413879,0.43836161494255066,0.450811505317688,60982471906,2078669525
2,1,1,2.2455902099609375,1,2.353515625,1,0.14762656390666962,0.5009666681289673,-120.39495086669922,99.08350372314453,25.421701431274414,1,0.030587129294872284,0.5105169415473938,-160.75650024414062,97.34269714355469,24.788049697875977,1,-0.511951744556427,31.008806228637695,642.7117919921875,0.5022950768470764,0.44144847989082336,0.436341792345047,1,-66.96452331542969,32.60249710083008,645.84619140625,0.6404683589935303,0.4384325444698334,0.45079970359802246,60982480240,2078677859
2,1,1,2.245849609375,1,2.3415374755859375,1,0.16076450049877167,0.4979875385761261,-115.8642807006836,99.62657928466797,25.619321823120117,1,0.02503749541938305,0.5105909109115601,-162.67031860351562,97.32918548583984,24.783174514770508,1,-0.5479347109794617,31.022775650024414,642.826171875,0.5023701190948486,0.4414345920085907,0.4365920424461365,1,-67.00276184082031,32.61455154418945,646.001220703125,0.6405099034309387,0.43842872977256775,0.45114439725875854,60982488573,2078686192
2,1,1,2.2062225341796875,1,2.3504791259765625,1,0.16377997398376465,0.4708045721054077,-114.82437133789062,104.58153533935547,27.422780990600586,1,0.02633555978536606,0.5255125761032104,-162.22268676757812,94.60923767089844,23.793195724487305,1,-0.573569118976593,31.027677536010742,642.9515380859375,0.5024234652519226,0.44144096970558167,0.4368647038936615,1,-67.01824188232422,32.59760284423828,645.9282836914062,0.6405597925186157,0.4384538233280182,0.45098796486854553,60982496912,2078694531
2,1,1,2.2497100830078125,1,2.35247802734375,1,0.1631227284669876,0.5003495812416077,-115.051025390625,99.19598388671875,25.462623596191406,1,0.033994778990745544,0.5205370187759399,-159.58135986328125,95.51618194580078,24.12332534790039,1,-0.5971728563308716,31.038190841674805,643.0994873046875,0.5024725198745728,0.4414386749267578,0.437187135219574,1,-67.04550170898438,32.59008026123047,645.8994140625,0.6406233310699463,0.4384653568267822,0.450930655002594,60982505246,2078702865
2,1,1,2.2415313720703125,1,2.3171539306640625,1,0.1509847193956375,0.49172356724739075,-119.23686981201172,100.76838684082031,26.034912109375,1,0.01931685581803322,0.5097771883010864,-164.6431121826172,97.47750854492188,24.83712387084961,1,-0.620474100112915,31.041637420654297,643.0194702148438,0.5025214552879333,0.44142091274261475,0.437014102935791,1,-67.08860778808594,32.599388122558594,645.9623413085938,0.6406973600387573,0.43845462799072266,0.451077401638031,60982513579,2078711198
2,1,1,2.24951171875,1,2.3198394775390625,1,0.14756812155246735,0.49480706453323364,-120.41510009765625,100.20631408691406,25.830324172973633,1,0.027394834905862808,0.5259882211685181,-161.8573760986328,94.52254486083984,23.7615966796875,1,-0.6487554311752319,31.03339958190918,642.9388427734375,0.5025809407234192,0.4414272606372833,0.4368380308151245,1,-67.12565612792969,32.582542419433594,646.0263671875,0.6407586932182312,0.4384981691837311,0.45122137665748596,60982521912,2078719531
2,1,1,2.251190185546875,1,2.37139892578125,1,0.15838198363780975,0.5228622555732727,-116.68589782714844,95.09234619140625,23.96900177001953,1,0.033950161188840866,0.5288652181625366,-159.59674072265625,93.99810791015625,23.57077980041504,1,-0.6832724213600159,31.05083465576172,642.9393310546875,0.5026531219482422,0.4413910210132599,0.43684160709381104,1,-67.15180969238281,32.5887336730957,646.0682373046875,0.6408025622367859,0.43849098682403564,0.45131850242614746,60982530246,2078727865
2,1,1,2.19830322265625,1,2.3154144287109375,1,0.15403658151626587,0.48674049973487854,-118.18441772460938,101.67668914794922,26.36554718017578,1,0.012057235464453697,0.5220353007316589,-167.1466064453125,95.2430648803711,24.023895263671875,1,-0.7169544696807861,31.048316955566406,642.8827514648438,0.5027238130569458,0.44138872623443604,0.436718612909317,1,-67.17647552490234,32.58368682861328,646.1220703125,0.6408405900001526,0.4385087192058563,0.45143938064575195,60982538579,2078736198
2,1,1,2.23291015625,1,2.337249755859375,1,0.15587656199932098,0.5097793936729431,-117.54989624023438,97.47711944580078,24.836994171142578,1,0.02649497427046299,0.5361701250076294,-162.16769409179688,92.66656494140625,23.086078643798828,1,-0.7441171407699585,31.046382904052734,642.859619140625,0.5027807354927063,0.4413895905017853,0.436668336391449,1,-67.18609619140625,32.58008575439453,646.1075439453125,0.6408641338348389,0.43851417303085327,0.45140963792800903,60982546912,2078744531
2,1,1,2.2504119873046875,1,2.3222808837890625,1,0.16436974704265594,0.521562933921814,-114.62098693847656,95.32917022705078,24.055255889892578,1,0.023139014840126038,0.5377652049064636,-163.3250274658203,92.37580871582031,22.98025894165039,1,-0.764835774898529,31.057048797607422,642.8710327148438,0.502824068069458,0.4413689076900482,0.43669459223747253,1,-67.2091293334961,32.58592224121094,646.079833984375,0.6409186124801636,0.43849828839302063,0.45135578513145447,60982555245,2078752864
2,1,1,2.2449493408203125,1,2.3729400634765625,1,0.16670359671115875,0.5107442140579224,-113.81614685058594,97.3012466430664,24.772979736328125,1,0.030611595138907433,0.5256832242012024,-160.74806213378906,94.57814025878906,23.781841278076172,1,-0.7867813110351562,31.048120498657227,642.92822265625,0.5028698444366455,0.44139498472213745,0.436817467212677,1,-67.23877716064453,32.58025360107422,646.14306640625,0.640964686870575,0.43851858377456665,0.45149800181388855,60982563579,2078761198
2,1,1,2.2435455322265625,1,2.294891357421875,1,0.15359294414520264,0.5022020936012268,-118.33741760253906,98.85832214355469,25.33970832824707,1,0.022757770493626595,0.5175565481185913,-163.45648193359375,96.05946350097656,24.321046829223633,1,-0.7970000505447388,31.076332092285156,642.9736328125,0.5028910040855408,0.44134241342544556,0.4369198977947235,1,-67.26719665527344,32.60216522216797,646.196044921875,0.6410105228424072,0.438480406999588,0.4516216814517975,60982571912,2078769531
2,1,1,2.2274169921875,1,2.3755950927734375,1,0.16088193655014038,0.49593856930732727,-115.82377624511719,100.00005340576172,25.755264282226562,1,0.05195079743862152,0.5528629422187805,-153.38914489746094,89.62374877929688,21.97861099243164,1,-0.8081334829330444,31.07047462463379,642.927978515625,0.502914547920227,0.44134852290153503,0.4368201196193695,1,-67.29212188720703,32.599464416503906,646.2259521484375,0.6410549283027649,0.4384900629520416,0.45169147849082947,60982580245,2078777864
2,1,1,2.24542236328125,1,2.3669891357421875,1,0.16241668164730072,0.4958249628543854,-115.29450225830078,100.02075958251953,25.76280975341797,1,0.04429388418793678,0.5322935581207275,-156.0296630859375,93.3731689453125,23.343347549438477,1,-0.8192160129547119,31.084625244140625,642.8821411132812,0.5029378533363342,0.4413129687309265,0.43672260642051697,1,-67.30599975585938,32.608306884765625,646.234619140625,0.6410815715789795,0.4384729266166687,0.451714426279068,60982588579,2078786198
2,1,1,2.272216796875,1,2.3035736083984375,1,0.16069138050079346,0.5341657400131226,-115.88948822021484,93.03193664550781,23.219078063964844,1,0.025037428364157677,0.5099426507949829,-162.67034912109375,97.44735717773438,24.826173782348633,1,-0.8286624550819397,31.122119903564453,642.89306640625,0.5029574632644653,0.44123655557632446,0.43675151467323303,1,-67.3134536743164,32.62419128417969,646.162841796875,0.6411144137382507,0.4384302496910095,0.4515635669231415,60982596912,2078794531
2,1,1,2.2353668212890625,1,2.3667144775390625,1,0.15808933973312378,0.5041394233703613,-116.78681182861328,98.50518035888672,25.21117401123047,1,0.02994990535080433,0.538279116153717,-160.9762725830078,92.28211975097656,22.94618034362793,1,-0.835491418838501,31.117000579833984,642.8590087890625,0.502971887588501,0.44124266505241394,0.436676949262619,1,-67.31974029541016,32.61834716796875,646.1143798828125,0.6411392688751221,0.4384356737136841,0.45145952701568604,60982605245,2078802864
2,1,1,2.2643280029296875,1,2.324066162109375,1,0.1626337766647339,0.5414217710494995,-115.21964263916016,91.70929718017578,22.73763656616211,1,0.015469827689230442,0.5301268696784973,-165.96975708007812,93.76814270019531,23.48702621459961,1,-0.8423854112625122,31.15624237060547,642.82470703125,0.5029863715171814,0.4411565363407135,0.43660807609558105,1,-67.32237243652344,32.641395568847656,646.0902099609375,0.6411505341529846,0.4383847117424011,0.45141124725341797,60982613579,2078811198
2,1,1,2.24755859375,1,2.3476409912109375,1,0.16671735048294067,0.5270695686340332,-113.81139373779297,94.32542419433594,23.689857482910156,1,0.02436523698270321,0.5362076759338379,-162.90216064453125,92.65974426269531,23.08354949951172,1,-0.8474330902099609,31.164287567138672,642.8241577148438,0.5029969215393066,0.44113975763320923,0.4366079568862915,1,-67.31475830078125,32.643714904785156,646.0093994140625,0.641154408454895,0.43836888670921326,0.45123544335365295,60982621912,2078819531
2,1,1,2.23834228515625,1,2.33642578125,1,0.16025440394878387,0.53416508436203,-116.04017639160156,93.03205871582031,23.2191219329834,1,0.02348751202225685,0.5652451515197754,-163.204833984375,87.36669921875,21.157087326049805,1,-0.8493678569793701,31.178274154663086,642.8123779296875,0.5030009746551514,0.44110915064811707,0.43658435344696045,1,-67.32254028320312,32.65907287597656,646.0435791015625,0.6411621570587158,0.43834179639816284,0.45131319761276245,60982630248,2078827867
2,1,1,2.2120361328125,1,2.364654541015625,1,0.16487930715084076,0.5344495177268982,-114.44525909423828,92.98018646240234,23.200267791748047,1,0.023604262620210648,0.5614532828330994,-163.16458129882812,88.05787658691406,21.408714294433594,1,-0.8509083390235901,31.196842193603516,642.7896118164062,0.503004252910614,0.44106754660606384,0.43653762340545654,1,-67.32391357421875,32.67726135253906,646.0189208984375,0.6411709785461426,0.438300758600235,0.451262891292572,60982638582,2078836201
2,1,1,2.24505615234375,1,2.34619140625,1,0.1530739963054657,0.548843264579773,-118.51637268066406,90.35647583007812,22.24531364440918,1,0.02375517413020134,0.568845272064209,-163.11251831054688,86.71046447753906,20.918237686157227,1,-0.8496523499488831,31.196502685546875,642.7891235351562,0.5030016303062439,0.4410681426525116,0.43653643131256104,1,-67.3226547241211,32.68183898925781,646.0433959960938,0.6411623358726501,0.4382946193218231,0.45131611824035645,60982646915,2078844534
2,1,1,2.2181243896484375,1,2.318206787109375,1,0.15579243004322052,0.5220218896865845,-117.57891082763672,95.24551391601562,24.024782180786133,1,0.023191645741462708,0.5723881721496582,-163.30685424804688,86.06468200683594,20.68313980102539,1,-0.8474516868591309,31.211421966552734,642.8573608398438,0.5029967427253723,0.44104626774787903,0.436686635017395,1,-67.3279800415039,32.71139907836914,646.1008911132812,0.6411592960357666,0.4382413327693939,0.45144546031951904,60982655248,2078852867
2,1,1,2.2412567138671875,1,2.329742431640625,1,0.1631021648645401,0.532575249671936,-115.05811309814453,93.32180786132812,23.32465362548828,1,0.017508435994386673,0.5534984469413757,-165.26675415039062,89.50791931152344,21.93645477294922,1,-0.8453332781791687,31.205251693725586,642.8458862304688,0.5029923915863037,0.44105756282806396,0.4366607666015625,1,-67.32427978515625,32.70001220703125,646.100830078125,0.6411516666412354,0.4382649064064026,0.4514429569244385,60982663573,2078861192
2,1,1,2.2509613037109375,1,2.3856201171875,1,0.1572398543357849,0.5431898832321167,-117.07976531982422,91.38699340820312,22.62038803100586,1,0.04318607598543167,0.5652214288711548,-156.4116973876953,87.37102508544922,21.158716201782227,1,-0.8414696455001831,31.20262908935547,642.8460693359375,0.5029842257499695,0.4410630464553833,0.43666088581085205,1,-67.31953430175781,32.7037353515625,646.1026611328125,0.6411413550376892,0.43825745582580566,0.4514462649822235,60982671915,2078869534
2,1,1,2.2447509765625,1,2.3391876220703125,1,0.16533412039279938,0.523077666759491,-114.28842163085938,95.0530776977539,23.95473861694336,1,0.02869304083287716,0.5625103712081909,-161.40968322753906,87.86520385742188,21.338499069213867,1,-0.8345695734024048,31.202512741088867,642.8807373046875,0.5029697418212891,0.4410679340362549,0.43673598766326904,1,-67.31132507324219,32.70631408691406,646.1136474609375,0.6411215662956238,0.4382536709308624,0.4514685571193695,60982680240,2078877859
2,1,1,2.24957275390625,1,2.311370849609375,1,0.16184070706367493,0.5259816646575928,-115.4931411743164,94.52372741699219,23.76206398010254,1,0.022789858281612396,0.5544952750205994,-163.4454345703125,89.32621765136719,21.870288848876953,1,-0.8274737596511841,31.168853759765625,642.84716796875,0.5029550790786743,0.4411333501338959,0.43665850162506104,1,-67.3031005859375,32.675025939941406,646.093994140625,0.6411095261573792,0.4383157193660736,0.451419860124588,60982688582,2078886201
2,1,1,2.219573974609375,1,2.3049163818359375,1,0.1592523455619812,0.5284955501556396,-116.38574981689453,94.06548309326172,23.595287322998047,1,0.022466732189059258,0.5499353408813477,-163.5568389892578,90.15740203857422,22.172880172729492,1,-0.8188518285751343,31.176652908325195,642.8695068359375,0.5029368996620178,0.4411201477050781,0.436708003282547,1,-67.29112243652344,32.69027328491211,646.0718994140625,0.6410900354385376,0.43828117847442627,0.4513716995716095,60982696907,2078894526
2,1,1,2.26092529296875,1,2.340972900390625,1,0.15262869000434875,0.5352559089660645,-118.66993713378906,92.83319854736328,23.146759033203125,1,0.017292026430368423,0.5617143511772156,-165.34140014648438,88.01029968261719,21.3913516998291,1,-0.81809401512146,31.166404724121094,642.8356323242188,0.5029354095458984,0.4411369562149048,0.43663302063941956,1,-67.27206420898438,32.682395935058594,645.9362182617188,0.6410835385322571,0.4382789433002472,0.451073557138443,60982705240,2078902859
2,1,1,2.228363037109375,1,2.333740234375,1,0.14600248634815216,0.44973331689834595,-120.95500946044922,108.42243194580078,28.820781707763672,1,-0.00017268449300900102,0.49620217084884644,-171.36415100097656,99.9520034790039,25.737773895263672,1,-0.850713312625885,31.21039581298828,642.7999267578125,0.5030037760734558,0.4410407245159149,0.4365619122982025,1,-67.28097534179688,32.73883056640625,646.0972900390625,0.6410625576972961,0.4381842613220215,0.45143115520477295,60982713582,2078911201
2,1,1,2.2299346923828125,1,2.3354034423828125,1,0.1399744153022766,0.37089499831199646,-123.03382873535156,122.79326629638672,34.05132293701172,1,0.011187218129634857,0.4141089916229248,-167.44664001464844,114.91612243652344,31.184293746948242,1,-0.8917593359947205,31.245695114135742,642.8567504882812,0.503089427947998,0.4409748911857605,0.436690092086792,1,-67.30082702636719,32.823822021484375,646.45947265625,0.6410151124000549,0.4380580484867096,0.45222923159599304,60982721915,2078919534
2,1,1,2.2454681396484375,1,2.3422393798828125,1,0.154584139585495,0.37572985887527466,-117.99559020996094,121.91197204589844,33.730499267578125,1,0.011381902731955051,0.38341468572616577,-167.3795166015625,120.51115417480469,33.22064971923828,1,-0.9159440994262695,31.297582626342773,642.8911743164062,0.503139853477478,0.4408716559410095,0.4367722272872925,1,-67.36676025390625,32.96561050415039,648.5599365234375,0.6406410932540894,0.43805280327796936,0.4567965269088745,60982730248,2078927867
2,1,1,2.253143310546875,1,2.3562164306640625,1,0.15787672996520996,0.3894473910331726,-116.8601303100586,119.41149139404297,32.82045364379883,1,0.01523192785680294,0.38474804162979126,-166.05181884765625,120.26811218261719,33.13219451904297,1,-0.9028712511062622,31.327848434448242,642.8114013671875,0.5031126737594604,0.44079819321632385,0.4366031885147095,1,-67.36712646484375,33.00102615356445,648.6804809570312,0.6406125426292419,0.4379963278770447,0.45706188678741455,60982738582,2078936201
2,1,1,2.274444580078125,1,2.3765411376953125,1,0.1511538326740265,0.37501856684684753,-119.17854309082031,122.04161071777344,33.777687072753906,1,0.017887938767671585,0.40925881266593933,-165.1358642578125,115.80022430419922,31.506057739257812,1,-0.8705162405967712,31.29571533203125,642.8114624023438,0.5030450224876404,0.44086501002311707,0.4365988075733185,1,-67.3398208618164,32.95219802856445,648.3038940429688,0.6406474709510803,0.43804553151130676,0.45623621344566345,60982746915,2078944534
2,1,1,2.2957763671875,1,2.307861328125,1,0.15283843874931335,0.3940058946609497,-118.59761810302734,118.58056640625,32.518001556396484,1,0.02353285253047943,0.4014906883239746,-163.18919372558594,117.21619415283203,32.021480560302734,1,-0.8517447710037231,31.294702529907227,642.8804931640625,0.5030055046081543,0.4408763647079468,0.43674832582473755,1,-67.2898178100586,32.891136169433594,647.0994262695312,0.6408364772796631,0.4380066990852356,0.45361727476119995,60982755251,2078952870
2,1,1,2.2304229736328125,1,2.3295440673828125,1,0.14833207428455353,0.3565230071544647,-120.15165710449219,125.41303253173828,35.00482940673828,1,0.008583001792430878,0.3989666700363159,-168.3447265625,117.67633056640625,32.188812255859375,1,-0.8341917395591736,31.286314010620117,642.88037109375,0.5029687285423279,0.4408937692642212,0.43674686551094055,1,-67.27342224121094,32.870155334472656,646.9379272460938,0.6408417820930481,0.438027948141098,0.45326220989227295,60982763585,2078961204
2,1,1,2.297607421875,1,2.3221282958984375,1,0.15631423890590668,0.38043272495269775,-117.39896392822266,121.0547103881836,33.41850662231445,1,0.007840398699045181,0.40029919147491455,-168.60081481933594,117.43338012695312,32.10055923461914,1,-0.8185610771179199,31.290145874023438,642.891845703125,0.5029359459877014,0.4408873915672302,0.4367722272872925,1,-67.2612533569336,32.8587646484375,646.8098754882812,0.6408478021621704,0.43803396821022034,0.452981561422348,60982771918,2078969537
2,1,1,2.27642822265625,1,2.3485260009765625,1,0.1522401124238968,0.3783756196498871,-118.8039321899414,121.42967987060547,33.55497741699219,1,0.0022952458821237087,0.4151296317577362,-170.51309204101562,114.73007202148438,31.116605758666992,1,-0.8056108951568604,31.305477142333984,642.9032592773438,0.5029088258743286,0.44085708260536194,0.43679916858673096,1,-67.24708557128906,32.85531997680664,646.669921875,0.6408524513244629,0.4380219280719757,0.45267584919929504,60982780251,2078977870
2,1,1,2.2563629150390625,1,2.343841552734375,1,0.1565403789281845,0.37217870354652405,-117.32096862792969,122.55926513671875,33.966121673583984,1,0.010099785402417183,0.4084247946739197,-167.8216552734375,115.95222473144531,31.5614070892334,1,-0.7931677103042603,31.294937133789062,642.9036865234375,0.5028827786445618,0.44087907671928406,0.436798632144928,1,-67.226318359375,32.83545684814453,646.4895629882812,0.6408534049987793,0.43803828954696655,0.452279269695282,60982788585,2078986204
2,1,1,2.26556396484375,1,2.3477630615234375,1,0.15292048454284668,0.3675895035266876,-118.5693130493164,123.39578247070312,34.270633697509766,1,0.011303734965622425,0.4107801020145416,-167.40646362304688,115.52294158935547,31.40509033203125,1,-0.7773243188858032,31.3218994140625,642.869140625,0.5028496980667114,0.4408184587955475,0.436727374792099,1,-67.21524810791016,32.84870910644531,646.4176025390625,0.64084792137146,0.43800103664398193,0.4521234929561615,60982796918,2078994537
2,1,1,2.253204345703125,1,2.3483428955078125,1,0.1471923440694809,0.3835563361644745,-120.54469299316406,120.48532104492188,33.2113151550293,1,0.009858104400336742,0.3923044502735138,-167.90499877929688,118.89069366455078,32.630897521972656,1,-0.7622842788696289,31.311676025390625,642.8236083984375,0.5028182864189148,0.4408336877822876,0.43662720918655396,1,-67.20573425292969,32.8363037109375,646.3482055664062,0.6408451795578003,0.43801718950271606,0.45196983218193054,60982805251,2079002870
2,1,1,2.2674560546875,1,2.358489990234375,1,0.15103960037231445,0.3863229751586914,-119.21794128417969,119.98100280761719,33.02775955200195,1,0.012420144863426685,0.4036655128002167,-167.021484375,116.81979370117188,31.877132415771484,1,-0.7503424882888794,31.308921813964844,642.8121337890625,0.5027933716773987,0.44083788990974426,0.4366017282009125,1,-67.18855285644531,32.83037567138672,646.2467041015625,0.6408343315124512,0.43801552057266235,0.4517461359500885,60982813585,2079011204
2,1,1,2.264556884765625,1,2.385589599609375,1,0.15008091926574707,0.37154263257980347,-119.54854583740234,122.67521667480469,34.00833511352539,1,0.018914667889475822,0.40765324234962463,-164.7818145751953,116.09288787841797,31.61257553100586,1,-0.7378379106521606,31.315452575683594,642.8123779296875,0.5027672052383423,0.44082435965538025,0.4366031885147095,1,-67.18145751953125,32.83941650390625,646.258056640625,0.6408168077468872,0.4379984140396118,0.4517704248428345,60982821918,2079019537
2,1,1,2.255157470703125,1,2.336273193359375,1,0.14795321226119995,0.35888031125068665,-120.28230285644531,124.98331451416016,34.84845733642578,1,0.015985913574695587,0.4147343337535858,-165.79180908203125,114.80210876464844,31.142831802368164,1,-0.727878749370575,31.29371452331543,642.8123168945312,0.5027463436126709,0.44086953997612,0.436599999666214,1,-67.19200897216797,32.8447265625,646.79150390625,0.6407089829444885,0.43806058168411255,0.452924519777298,60982830251,2079027870
2,1,1,2.3129425048828125,1,2.338348388671875,1,0.15395069122314453,0.40553992986679077,-118.21403503417969,116.47809600830078,31.752805709838867,1,0.010160154663026333,0.39023780822753906,-167.80084228515625,119.26741027832031,32.76801681518555,1,-0.7157305479049683,31.29393768310547,642.8350830078125,0.5027208924293518,0.4408721327781677,0.436649352312088,1,-67.17884063720703,32.84117889404297,646.7470703125,0.6406925916671753,0.4380618631839752,0.45282527804374695,60982838585,2079036204
2,1,1,2.2747039794921875,1,2.377655029296875,1,0.15490376949310303,0.37808743119239807,-117.88538360595703,121.48219299316406,33.574161529541016,1,0.016746103763580322,0.4019792377948761,-165.5296630859375,117.12715148925781,31.989042282104492,1,-0.7033432126045227,31.288496017456055,642.8350830078125,0.5026950240135193,0.44088345766067505,0.4366486966609955,1,-67.16627502441406,32.83946228027344,646.6905517578125,0.6406802535057068,0.43805766105651855,0.45270028710365295,60982846918,2079044537
2,1,1,2.2900238037109375,1,2.34893798828125,1,0.1492200344800949,0.3754549026489258,-119.84542846679688,121.96206665039062,33.7487907409668,1,0.0179100651293993,0.4019353687763214,-165.12823486328125,117.13516235351562,31.991907119750977,1,-0.6947451829910278,31.283327102661133,642.8125610351562,0.5026770830154419,0.44089120626449585,0.43659907579421997,1,-67.15675354003906,32.83785629272461,646.64501953125,0.6406716108322144,0.43805477023124695,0.4525997042655945,60982855251,2079052870
2,1,1,2.28887939453125,1,2.37921142578125,1,0.14783281087875366,0.37280380725860596,-120.32382202148438,122.44529724121094,33.92472839355469,1,0.021789971739053726,0.4134913384914398,-163.7902374267578,115.02871704101562,31.225234985351562,1,-0.6863212585449219,31.286964416503906,642.8353271484375,0.5026593208312988,0.4408867061138153,0.436648964881897,1,-67.15480041503906,32.847389221191406,646.6805419921875,0.6406589150428772,0.43803998827934265,0.4526771903038025,60982863585,2079061204
2,1,1,2.309051513671875,1,2.3525543212890625,1,0.1453244388103485,0.379498690366745,-121.1888427734375,121.2249526977539,33.48051834106445,1,0.018497372046113014,0.41360974311828613,-164.92572021484375,115.00715637207031,31.217355728149414,1,-0.6783319115638733,31.273860931396484,642.8465576171875,0.5026426315307617,0.44091546535491943,0.4366713762283325,1,-67.14828491210938,32.83592224121094,646.6226806640625,0.6406595706939697,0.43805572390556335,0.4525492787361145,60982871918,2079069537
2,1,1,2.2451171875,1,2.3616943359375,1,0.14462141692638397,0.34336966276168823,-121.43128204345703,127.81063079833984,35.877525329589844,1,0.015442132949829102,0.4357324242591858,-165.9793243408203,110.97455596923828,29.749662399291992,1,-0.6751285195350647,31.288867950439453,642.85791015625,0.5026358366012573,0.44088584184646606,0.4366980493068695,1,-67.14196014404297,32.848777770996094,646.5880126953125,0.6406547427177429,0.4380244016647339,0.452474981546402,60982880251,2079077870
2,1,1,2.275604248046875,1,2.34967041015625,1,0.14635857939720154,0.3682090938091278,-120.83221435546875,123.28285217285156,34.22950744628906,1,0.01604766771197319,0.3998774290084839,-165.77049255371094,117.51028442382812,32.12848663330078,1,-0.6732766628265381,31.291034698486328,642.8238525390625,0.5026320219039917,0.4408767819404602,0.43662455677986145,1,-67.13819885253906,32.848243713378906,646.5304565429688,0.6406609416007996,0.4380176067352295,0.45234984159469604,60982888587,2079086206
2,1,1,2.30419921875,1,2.3350982666015625,1,0.14560450613498688,0.397845983505249,-121.0922622680664,117.88058471679688,32.263221740722656,1,0.012982326559722424,0.3986896276473999,-166.82757568359375,117.72679138183594,32.207275390625,1,-0.6731981039047241,31.305416107177734,642.8013916015625,0.5026319026947021,0.4408438801765442,0.43657782673835754,1,-67.13939666748047,32.85802459716797,646.5294189453125,0.640663743019104,0.4379972815513611,0.45234933495521545,60982896920,2079094539
2,1,1,2.320526123046875,1,2.3814697265625,1,0.14789538085460663,0.4109813868999481,-120.30225372314453,115.48622131347656,31.391807556152344,1,0.023778587579727173,0.4223852753639221,-163.10446166992188,113.40750122070312,30.63519859313965,1,-0.6756294965744019,31.32929801940918,642.755126953125,0.5026370882987976,0.4407880902290344,0.436480849981308,1,-67.12543487548828,32.861724853515625,646.0932006835938,0.640740692615509,0.43792974948883057,0.45140540599823,60982905253,2079102872
2,1,1,2.2908477783203125,1,2.3522796630859375,1,0.14703941345214844,0.3882487118244171,-120.59742736816406,119.6299819946289,32.89998245239258,1,0.019419480115175247,0.4088703393936157,-164.6077117919922,115.87100982666016,31.53186798095703,1,-0.6800311803817749,31.33763313293457,642.766357421875,0.502646267414093,0.44077226519584656,0.43650633096694946,1,-67.14346313476562,32.87782287597656,646.3750610351562,0.6407094597816467,0.43793514370918274,0.4520198702812195,60982913587,2079111206
2,1,1,2.2913055419921875,1,2.36956787109375,1,0.15009620785713196,0.4051581025123596,-119.54327392578125,116.54769897460938,31.778120040893555,1,0.01595572754740715,0.4252122640609741,-165.80221557617188,112.8921890258789,30.44764518737793,1,-0.6830347776412964,31.373079299926758,642.7551879882812,0.5026524662971497,0.4406971335411072,0.436487078666687,1,-67.13066101074219,32.89122009277344,646.0231323242188,0.6407684683799744,0.43785908818244934,0.451259583234787,60982921920,2079119539
2,1,1,2.2584991455078125,1,2.3639984130859375,1,0.15642569959163666,0.3808208703994751,-117.36051940917969,120.98395538330078,33.39278030395508,1,0.013543618842959404,0.434429794549942,-166.634033203125,111.2120132446289,29.836042404174805,1,-0.6916049122810364,31.381250381469727,642.75439453125,0.502670407295227,0.44068005681037903,0.4364864230155945,1,-67.13961791992188,32.897640228271484,646.032958984375,0.6407846212387085,0.4378471374511719,0.451283723115921,60982930253,2079127872
2,1,1,2.3458709716796875,1,2.31939697265625,1,0.1471385955810547,0.42504262924194336,-120.56321716308594,112.92311096191406,30.458908081054688,1,0.011881710961461067,0.4294275641441345,-167.2071533203125,112.12381744384766,30.168001174926758,1,-0.7025208473205566,31.386014938354492,642.68603515625,0.5026934146881104,0.4406609833240509,0.436338871717453,1,-67.15288543701172,32.90620803833008,646.0538940429688,0.6408069729804993,0.4378322660923004,0.45133307576179504,60982938587,2079136206
2,1,1,2.283447265625,1,2.3643798828125,1,0.14102782309055328,0.4137752950191498,-122.67054748535156,114.9769515991211,31.20639991760254,1,0.02004534937441349,0.42060694098472595,-164.39187622070312,113.73167419433594,30.753149032592773,1,-0.7072168588638306,31.396045684814453,642.6176147460938,0.5027034282684326,0.4406309723854065,0.4361918568611145,1,-67.15560913085938,32.92076110839844,645.983642578125,0.6408296227455139,0.4377925395965576,0.4511842131614685,60982946920,2079144539
2,1,1,2.2649688720703125,1,2.3661041259765625,1,0.1704222559928894,0.3848552405834198,-112.53376007080078,120.2485580444336,33.12513732910156,1,0.040559619665145874,0.4251980781555176,-157.31744384765625,112.89478302001953,30.448528289794922,1,-0.6568119525909424,31.41277503967285,642.74267578125,0.5025975108146667,0.4406130611896515,0.43646544218063354,1,-67.12517547607422,32.93937683105469,645.9183349609375,0.6407822966575623,0.43774503469467163,0.45103919506073,60982955253,2079152872
2,1,1,2.211517333984375,1,2.344451904296875,1,0.2109365165233612,0.32471978664398193,-98.5622329711914,131.21017456054688,37.11486053466797,1,0.06425683200359344,0.38294854760169983,-149.14537048339844,120.59612274169922,33.25160217285156,1,-0.5836515426635742,31.44491195678711,642.993896484375,0.5024436712265015,0.4405800402164459,0.43701475858688354,1,-67.06380462646484,32.945587158203125,645.7061767578125,0.6407067179679871,0.43770310282707214,0.45056867599487305,60982963587,2079161206
2,1,1,2.248016357421875,1,2.344635009765625,1,0.2119269222021103,0.3527398407459259,-98.2206802368164,126.10261535644531,35.255802154541016,1,0.057144008576869965,0.3655197024345398,-151.59823608398438,123.77307891845703,34.407928466796875,1,-0.5573499202728271,31.430532455444336,642.799560546875,0.5023890733718872,0.4405839741230011,0.43659111857414246,1,-67.03591918945312,32.94304275512695,645.604736328125,0.6406735777854919,0.4376944303512573,0.4503432512283325,60982971920,2079169539
2,1,1,2.2681427001953125,1,2.348419189453125,1,0.20278285443782806,0.380922794342041,-101.37406158447266,120.96536254882812,33.38603591918945,1,0.060284122824668884,0.3877277374267578,-150.51536560058594,119.72496795654297,32.93449401855469,1,-0.5657576322555542,31.43511962890625,642.9022216796875,0.5024064183235168,0.4405881464481354,0.43681442737579346,1,-67.04694366455078,32.93861770629883,645.5802001953125,0.6407024264335632,0.43770021200180054,0.45029205083847046,60982980245,2079177864
2,1,1,2.240875244140625,1,2.3394317626953125,1,0.21613463759422302,0.3754471242427826,-96.76963806152344,121.96347045898438,33.74933624267578,1,0.050620272755622864,0.39061498641967773,-153.84799194335938,119.19866180419922,32.74299240112305,1,-0.5845106840133667,31.42841339111328,642.9136962890625,0.5024456977844238,0.4406035542488098,0.43683841824531555,1,-67.0750732421875,32.93065643310547,645.6315307617188,0.6407483220100403,0.43772369623184204,0.45040786266326904,60982988578,2079186197
2,1,1,2.2274017333984375,1,2.3531341552734375,1,0.20421560108661652,0.3698412775993347,-100.87997436523438,122.98534393310547,34.1212272644043,1,0.05702152103185654,0.3941533863544464,-151.64048767089844,118.5536880493164,32.5081787109375,1,-0.5935131311416626,31.42074203491211,642.936767578125,0.5024644732475281,0.44062259793281555,0.43688738346099854,1,-67.08815002441406,32.91640090942383,645.6163940429688,0.6407791376113892,0.4377511143684387,0.45037615299224854,60982996911,2079194530
2,1,1,2.2090301513671875,1,2.338409423828125,1,0.20836766064167023,0.35065510869026184,-99.44811248779297,126.48262023925781,35.3941535949707,1,0.05459137260913849,0.40093353390693665,-152.47853088378906,117.31776428222656,32.058406829833984,1,-0.6060301065444946,31.420133590698242,642.9368896484375,0.5024906396865845,0.44062384963035583,0.4368876516819,1,-67.10175323486328,32.90800476074219,645.591064453125,0.6408135890960693,0.437764972448349,0.45032334327697754,60983005253,2079202872
2,1,1,2.1972808837890625,1,2.3121337890625,1,0.20699863135814667,0.33674654364585876,-99.92022705078125,129.0178985595703,36.316932678222656,1,0.05446074530482292,0.3949449062347412,-152.52359008789062,118.40938568115234,32.45573806762695,1,-0.620738685131073,31.392168045043945,642.8230590820312,0.5025218725204468,0.44066664576530457,0.436636745929718,1,-67.1128158569336,32.879783630371094,645.5186157226562,0.6408542990684509,0.4378133714199066,0.450165331363678,60983013578,2079211197
2,1,1,2.2491455078125,1,2.318878173828125,1,0.20844660699367523,0.3783068060874939,-99.4208984375,121.44222259521484,33.55957794189453,1,0.06463300436735153,0.401523619890213,-149.01564025878906,117.21021270751953,32.01923751831055,1,-0.6384285688400269,31.395381927490234,642.7547607421875,0.5025590658187866,0.4406508207321167,0.43648919463157654,1,-67.12973022460938,32.87773132324219,645.5162353515625,0.6408900022506714,0.4378172755241394,0.45016372203826904,60983021923,2079219542
2,1,1,2.222991943359375,1,2.33148193359375,1,0.20572172105312347,0.36474689841270447,-100.36058044433594,123.9139404296875,34.45924758911133,1,0.0643618106842041,0.4095562696456909,-149.1091766357422,115.74598693847656,31.486398696899414,1,-0.6552410125732422,31.38607406616211,642.7208251953125,0.5025944113731384,0.4406655728816986,0.4364142417907715,1,-67.15703582763672,32.867218017578125,645.522216796875,0.6409452557563782,0.4378397762775421,0.45018112659454346,60983030248,2079227867
2,1,1,2.24725341796875,1,2.31817626953125,1,0.20764049887657166,0.3659990131855011,-99.69888305664062,123.68571472167969,34.37615203857422,1,0.06773108243942261,0.39168038964271545,-147.94725036621094,119.00444793701172,32.672325134277344,1,-0.6726076602935791,31.383270263671875,642.6748046875,0.5026308298110962,0.44066521525382996,0.43631404638290405,1,-67.16642761230469,32.86588668823242,645.4853515625,0.6409737467765808,0.4378374218940735,0.4501034915447235,60983038581,2079236200
2,1,1,2.287750244140625,1,2.3543853759765625,1,0.1958533525466919,0.3979116380214691,-103.76372528076172,117.86859893798828,32.25890350341797,1,0.06042153760790825,0.38830089569091797,-150.4679718017578,119.62049865722656,32.8964958190918,1,-0.6860364675521851,31.398685455322266,642.697265625,0.5026589035987854,0.44063618779182434,0.436365008354187,1,-67.18065643310547,32.8776969909668,645.4703369140625,0.6410068273544312,0.43781089782714844,0.45007601380348206,60983046923,2079244542
2,1,1,2.2332916259765625,1,2.3334197998046875,1,0.19756974279880524,0.3688654899597168,-103.17182159423828,123.16319274902344,34.18599319458008,1,0.05969952419400215,0.4106479287147522,-150.71697998046875,115.54700469970703,31.41391372680664,1,-0.7030643820762634,31.39451789855957,642.6517944335938,0.5026946663856506,0.4406387209892273,0.436265766620636,1,-67.20176696777344,32.885223388671875,645.572021484375,0.6410258412361145,0.4378092885017395,0.45030105113983154,60983055256,2079252875
2,1,1,2.2538604736328125,1,2.3534393310546875,1,0.20270492136478424,0.37883028388023376,-101.40093231201172,121.34679412841797,33.524845123291016,1,0.06540646404027939,0.4089495539665222,-148.74891662597656,115.85660552978516,31.52657699584961,1,-0.7217383980751038,31.407320022583008,642.61669921875,0.5027338862419128,0.4406073987483978,0.43619146943092346,1,-67.21184539794922,32.89774703979492,645.5468139648438,0.641052782535553,0.43777990341186523,0.4502507746219635,60983063590,2079261209
2,1,1,2.252105712890625,1,2.3155364990234375,1,0.1979919821023941,0.37113356590270996,-103.02619934082031,122.74977111816406,34.03550720214844,1,0.06086340174078941,0.4032859802246094,-150.31561279296875,116.88897705078125,31.90229606628418,1,-0.7443915605545044,31.414865493774414,642.6277465820312,0.5027812123298645,0.4405931234359741,0.43621668219566345,1,-67.23333740234375,32.90464782714844,645.5540771484375,0.6410955190658569,0.43776652216911316,0.45027226209640503,60983071923,2079269542
2,1,1,2.2501373291015625,1,2.33349609375,1,0.19912007451057434,0.36743441224098206,-102.6371841430664,123.424072265625,34.2808952331543,1,0.059985943138599396,0.40697360038757324,-150.6182098388672,116.21678924560547,31.65764045715332,1,-0.7657181024551392,31.430419921875,642.787353515625,0.5028254389762878,0.44058212637901306,0.436565101146698,1,-67.24931335449219,32.91337966918945,645.54931640625,0.6411297917366028,0.4377477467060089,0.45026668906211853,60983080256,2079277875
2,1,1,2.2636871337890625,1,2.3525543212890625,1,0.20263823866844177,0.36664944887161255,-101.4239273071289,123.567138671875,34.33298873901367,1,0.06623020023107529,0.40463295578956604,-148.46484375,116.6434555053711,31.812936782836914,1,-0.7808184027671814,31.44314193725586,642.8788452148438,0.5028566718101501,0.44056791067123413,0.43676531314849854,1,-67.2669448852539,32.92578125,645.581298828125,0.6411585211753845,0.4377264678478241,0.45034152269363403,60983088581,2079286200
2,1,1,2.2627410888671875,1,2.352569580078125,1,0.20868739485740662,0.3737871050834656,-99.33785247802734,122.26607513427734,33.85947036743164,1,0.05418269336223602,0.3905402421951294,-152.6194610595703,119.2123031616211,32.747886657714844,1,-0.7943037748336792,31.44879913330078,642.9811401367188,0.5028846263885498,0.4405698776245117,0.43698811531066895,1,-67.28224182128906,32.92400360107422,645.5663452148438,0.6411939263343811,0.43772804737091064,0.4503123462200165,60983096914,2079294533
2,1,1,2.2824859619140625,1,2.357086181640625,1,0.21108368039131165,0.3752361536026001,-98.51148223876953,122.001953125,33.763275146484375,1,0.05350262299180031,0.3910789489746094,-152.85398864746094,119.11406707763672,32.71225357055664,1,-0.8066015839576721,31.453170776367188,643.0152587890625,0.5029101967811584,0.4405653178691864,0.4370627999305725,1,-67.2991714477539,32.93069076538086,645.5634765625,0.6412296891212463,0.43771377205848694,0.4503108859062195,60983105248,2079302867
2,1,1,2.2324676513671875,1,2.3310546875,1,0.21155619621276855,0.35329335927963257,-98.3485336303711,126.00172424316406,35.219112396240234,1,0.06656243652105331,0.36932095885276794,-148.3502655029297,123.08018493652344,34.1557502746582,1,-0.8209681510925293,31.456342697143555,643.0379638671875,0.5029401779174805,0.4405617415904999,0.43711256980895996,1,-67.3191909790039,32.932167053222656,645.569091796875,0.6412698030471802,0.4377114474773407,0.45032772421836853,60983113581,2079311200
2,1,1,2.1857757568359375,1,2.3173065185546875,1,0.1985505223274231,0.32304713129997253,-102.8335952758789,131.5150604248047,37.225830078125,1,0.0585201159119606,0.3932803273200989,-151.12368774414062,118.71280670166016,32.5661506652832,1,-0.8345317840576172,31.45063591003418,642.9806518554688,0.5029687881469727,0.44056591391563416,0.43698742985725403,1,-67.33995819091797,32.92686462402344,645.59033203125,0.6413077116012573,0.43772533535957336,0.45037734508514404,60983121914,2079319533
2,1,1,2.24591064453125,1,2.3324737548828125,1,0.19470061361789703,0.3481266498565674,-104.16126251220703,126.94353485107422,35.56187057495117,1,0.061887506395578384,0.3901588022708893,-149.96241760253906,119.28179931640625,32.77326965332031,1,-0.8531742691993713,31.4522647857666,642.9576416015625,0.5030078887939453,0.44055935740470886,0.4369378089904785,1,-67.35061645507812,32.92720031738281,645.482666015625,0.6413561701774597,0.4377097487449646,0.4501475393772125,60983130248,2079327867
2,1,1,2.252899169921875,1,2.323638916015625,1,0.19240351021289825,0.369019091129303,-104.95343017578125,123.13521575927734,34.17575454711914,1,0.06880450248718262,0.3998435139656067,-147.5770721435547,117.51646423339844,32.13070297241211,1,-0.8764070272445679,31.43874168395996,642.843994140625,0.5030569434165955,0.44057223200798035,0.43668943643569946,1,-67.37360382080078,32.905128479003906,645.4766235351562,0.6414054036140442,0.4377546012401581,0.4501363933086395,60983138581,2079336200
2,1,1,2.2264251708984375,1,2.336944580078125,1,0.1933535635471344,0.3472852110862732,-104.62578582763672,127.0969009399414,35.617713928222656,1,0.0686597153544426,0.3924954831600189,-147.62701416015625,118.85588836669922,32.61821746826172,1,-0.9019263982772827,31.43168067932129,642.7293701171875,0.5031107664108276,0.44057151675224304,0.4364398419857025,1,-67.39525604248047,32.90458679199219,645.4846801757812,0.6414483785629272,0.4377567768096924,0.45015856623649597,60983146917,2079344536
2,1,1,2.2665252685546875,1,2.31414794921875,1,0.1929691582918167,0.37121161818504333,-104.75835418701172,122.73554992675781,34.030303955078125,1,0.06935005635023117,0.38363727927207947,-147.38894653320312,120.4705810546875,33.205909729003906,1,-0.9329352974891663,31.427244186401367,642.6723022460938,0.5031759738922119,0.4405730366706848,0.43631550669670105,1,-67.4297866821289,32.906620025634766,645.6068725585938,0.64149010181427,0.4377693235874176,0.45043015480041504,60983155251,2079352870
2,1,1,2.2437286376953125,1,2.3405303955078125,1,0.18980363011360168,0.36767467856407166,-105.8499984741211,123.3802719116211,34.26498794555664,1,0.03707889840006828,0.393646776676178,-158.5177764892578,118.64602661132812,32.54182052612305,1,-1.0236436128616333,31.452808380126953,643.1053466796875,0.5033641457557678,0.4405777156352997,0.43725889921188354,1,-67.49308776855469,32.90542221069336,645.75732421875,0.641584575176239,0.4377923905849457,0.45076876878738403,60983163584,2079361203
2,1,1,2.2687225341796875,1,2.328887939453125,1,0.14075635373592377,0.3603270649909973,-122.76416015625,124.71961975097656,34.752403259277344,1,-0.0001482092629885301,0.38611042499542236,-171.35572814941406,120.01976013183594,33.041839599609375,1,-1.1570093631744385,31.433246612548828,642.716552734375,0.5036450028419495,0.4405660033226013,0.4364131689071655,1,-67.59205627441406,32.94152069091797,646.1610107421875,0.6416907906532288,0.43777307868003845,0.45166707038879395,60983171917,2079369536
2,1,1,2.2344512939453125,1,2.3589630126953125,1,0.14828726649284363,0.35256221890449524,-120.16709899902344,126.135009765625,35.26758575439453,1,0.014063233509659767,0.3871210515499115,-166.454833984375,119.83554077148438,32.97480773925781,1,-1.2388378381729126,31.459394454956055,643.1270751953125,0.5038142800331116,0.4405665397644043,0.437307745218277,1,-67.68148803710938,32.963401794433594,646.5098876953125,0.641790509223938,0.4377756416797638,0.45244300365448,60983180251,2079377870
2,1,1,2.259002685546875,1,2.3295745849609375,1,0.1599266082048416,0.3388708829879761,-116.15323638916016,128.6306915283203,36.17598342895508,1,0.02719917893409729,0.3650134205818176,-161.9248504638672,123.86537170410156,34.44156265258789,1,-1.2479093074798584,31.461456298828125,643.1035766601562,0.5038333535194397,0.4405590891838074,0.4372570514678955,1,-67.68939971923828,32.96650695800781,646.43896484375,0.6418241858482361,0.4377594292163849,0.45229214429855347,60983188584,2079386203
2,1,1,2.2643280029296875,1,2.3410797119140625,1,0.16231219470500946,0.3758320212364197,-115.33053588867188,121.89331817626953,33.7237663269043,1,0.02500612847507,0.3976769745349884,-162.68115234375,117.91136932373047,32.27450180053711,1,-1.247338891029358,31.46035385131836,643.115478515625,0.5038321614265442,0.4405629634857178,0.43728265166282654,1,-67.69129180908203,32.95269012451172,646.4492797851562,0.6418257355690002,0.4377894103527069,0.4523128271102905,60983196917,2079394536
2,1,1,2.238494873046875,1,2.3309173583984375,1,0.16317827999591827,0.3654809594154358,-115.03186798095703,123.78014373779297,34.410526275634766,1,0.014903259463608265,0.3984162509441376,-166.1651611328125,117.77664947509766,32.22536849975586,1,-1.2480130195617676,31.457368850708008,643.1268920898438,0.503833532333374,0.4405706524848938,0.43730708956718445,1,-67.70524597167969,32.939781188964844,646.5280151367188,0.6418353915214539,0.437826931476593,0.45248401165008545,60983205251,2079402870
2,1,1,2.2590484619140625,1,2.3642425537109375,1,0.15651926398277283,0.3739701509475708,-117.32826232910156,122.23270416259766,33.847320556640625,1,0.01858227141201496,0.4216192960739136,-164.89642333984375,113.54713439941406,30.685997009277344,1,-1.253214955329895,31.45511245727539,643.1038818359375,0.5038444995880127,0.44057226181030273,0.437256783246994,1,-67.70618438720703,32.9176139831543,646.5169677734375,0.6418401002883911,0.43787121772766113,0.4524571895599365,60983213584,2079411203
2,1,1,2.26385498046875,1,2.32769775390625,1,0.15212151408195496,0.3395243287086487,-118.84483337402344,128.51156616210938,36.13261413574219,1,0.02533656358718872,0.3999144434928894,-162.5671844482422,117.5035400390625,32.12601089477539,1,-1.259713053703308,31.52261734008789,642.8985595703125,0.5038590431213379,0.4404045641422272,0.436820924282074,1,-67.72201538085938,32.987518310546875,646.4539794921875,0.6418880224227905,0.437718003988266,0.45233485102653503,60983221917,2079419536
2,1,1,2.29791259765625,1,2.3516082763671875,1,0.15036477148532867,0.38465285301208496,-119.45065307617188,120.28543090820312,33.138572692871094,1,0.014192641712725163,0.37640833854675293,-166.4102325439453,121.78829956054688,33.685516357421875,1,-1.252981424331665,31.37606430053711,642.9105224609375,0.5038451552391052,0.44071057438850403,0.436826229095459,1,-67.69972229003906,32.781410217285156,646.3290405273438,0.6418733596801758,0.4381270706653595,0.452030748128891,60983230251,2079427870
2,1,1,2.27911376953125,1,2.3148956298828125,1,0.15932045876979828,0.397444486618042,-116.36225891113281,117.95376586914062,32.28989028930664,1,0.014547649770975113,0.3689938485622406,-166.28778076171875,123.13980865478516,34.17743682861328,1,-1.2491387128829956,31.657733917236328,643.0339965820312,0.5038359761238098,0.4401421546936035,0.43713366985321045,1,-67.68623352050781,33.03263854980469,646.2008056640625,0.6418757438659668,0.4375899136066437,0.45178714394569397,60983238584,2079436203
2,1,1,2.308624267578125,1,2.3565521240234375,1,0.1594582051038742,0.3951656222343445,-116.31475067138672,118.36914825439453,32.441078186035156,1,0.028812658041715622,0.3891717493534088,-161.3684539794922,119.46173095703125,32.838768005371094,1,-1.2338199615478516,31.354915618896484,642.9222412109375,0.5038050413131714,0.4407561123371124,0.43684878945350647,1,-67.69407653808594,32.76466369628906,646.36572265625,0.6418526768684387,0.43816670775413513,0.452106237411499,60983246917,2079444536
2,1,1,2.26666259765625,1,2.331268310546875,1,0.1538393497467041,0.356267511844635,-118.25243377685547,125.45957946777344,35.02179718017578,1,0.023680154234170914,0.39805126190185547,-163.13841247558594,117.8431625366211,32.24961853027344,1,-1.2199417352676392,31.484365463256836,642.9219970703125,0.5037757158279419,0.44048723578453064,0.43686628341674805,1,-67.67472076416016,32.92804718017578,646.2634887695312,0.641836941242218,0.4378148317337036,0.45190468430519104,60983255259,2079452878
2,1,1,2.229034423828125,1,2.340576171875,1,0.15342898666858673,0.34257951378822327,-118.39396667480469,127.95465850830078,35.929954528808594,1,0.027002394199371338,0.4075619876384735,-161.9927215576172,116.10955810546875,31.618566513061523,1,-1.2008671760559082,31.447792053222656,642.8193359375,0.5037363171577454,0.44054946303367615,0.43663835525512695,1,-67.63102722167969,32.871036529541016,646.1546630859375,0.6417734026908875,0.43791788816452026,0.451651930809021,60983263584,2079461203
2,1,1,2.2504730224609375,1,2.3162384033203125,1,0.15186913311481476,0.3900454342365265,-118.93187713623047,119.30248260498047,32.780765533447266,1,0.020561501383781433,0.3883453905582428,-164.21389770507812,119.61236572265625,32.89357376098633,1,-1.1631276607513428,31.348743438720703,642.7635498046875,0.5036577582359314,0.44074782729148865,0.43650326132774353,1,-67.59011840820312,32.743202209472656,645.9752807617188,0.6417330503463745,0.4381578266620636,0.4512375593185425,60983271926,2079469545
2,1,1,2.256561279296875,1,2.3589935302734375,1,0.14246438443660736,0.35654279589653015,-122.1751480102539,125.40939331054688,35.003536224365234,1,0.01991152949631214,0.40794068574905396,-164.4380340576172,116.04048156738281,31.59356117248535,1,-1.124886393547058,31.438047409057617,642.6249389648438,0.5035781264305115,0.4405438005924225,0.43621495366096497,1,-67.5647201538086,32.883514404296875,646.0626220703125,0.6416584253311157,0.4378795623779297,0.4514404237270355,60983280252,2079477871
2,1,1,2.2887420654296875,1,2.339813232421875,1,0.14610950648784637,0.39056676626205444,-120.91810607910156,119.20743560791016,32.74620819091797,1,0.01996138133108616,0.3955785930156708,-164.4208526611328,118.29389953613281,32.41365432739258,1,-1.0824835300445557,31.339111328125,642.7298583984375,0.5034891366958618,0.44076353311538696,0.436428427696228,1,-67.51471710205078,32.75061798095703,646.0496826171875,0.6415585279464722,0.43815281987190247,0.4513823091983795,60983288586,2079486205
2,1,1,2.249267578125,1,2.32489013671875,1,0.1492318958044052,0.3724932074546814,-119.84135437011719,122.50194549560547,33.945316314697266,1,0.022125521674752235,0.3796344995498657,-163.67453002929688,121.20021057128906,33.47150802612305,1,-1.0364248752593994,31.3555965423584,642.8441162109375,0.5033921599388123,0.44074463844299316,0.43667855858802795,1,-67.478271484375,32.761356353759766,646.1270141601562,0.6414640545845032,0.4381413161754608,0.451542466878891,60983296928,2079494547
2,1,1,2.2624969482421875,1,2.33306884765625,1,0.15050072968006134,0.37552693486213684,-119.40377807617188,121.94893646240234,33.74403762817383,1,0.00963526964187622,0.37927955389022827,-167.98184204101562,121.26490020751953,33.49502944946289,1,-0.9976831674575806,31.425138473510742,642.85400390625,0.5033107995986938,0.44060155749320984,0.43670958280563354,1,-67.42326354980469,32.822235107421875,646.1513671875,0.641343891620636,0.4380188286304474,0.4515915513038635,60983305253,2079502872
2,1,1,2.2664337158203125,1,2.32489013671875,1,0.14971381425857544,0.357614666223526,-119.6751480102539,125.2140121459961,34.93245315551758,1,0.021180108189582825,0.4232202172279358,-164.0005645751953,113.25529479980469,30.579816818237305,1,-0.9410675764083862,31.22802734375,642.6170043945312,0.5031935572624207,0.440979540348053,0.43616771697998047,1,-67.3622055053711,32.694252014160156,645.8938598632812,0.6412807703018188,0.4382484257221222,0.45100390911102295,60983313594,2079511213
2,1,1,2.2468414306640625,1,2.312103271484375,1,0.14683221280574799,0.37997063994407654,-120.66888427734375,121.13892364501953,33.44921875,1,0.0292489193379879,0.3796099126338959,-161.21798706054688,121.20470428466797,33.47306442260742,1,-0.8799877166748047,31.401737213134766,642.6618041992188,0.5030651688575745,0.4406246840953827,0.436288982629776,1,-67.30693054199219,32.81922912597656,645.80908203125,0.6411862969398499,0.43797826766967773,0.45082661509513855,60983321928,2079519547
2,1,1,2.2925262451171875,1,2.35247802734375,1,0.15735410153865814,0.35349148511886597,-117.04036712646484,125.96560668945312,35.20595932006836,1,0.028115885332226753,0.4019410014152527,-161.6087188720703,117.1341323852539,31.991552352905273,1,-0.8216986060142517,31.268346786499023,642.90283203125,0.5029426217079163,0.4409341514110565,0.4367930591106415,1,-67.25550842285156,32.751651763916016,645.9972534179688,0.6410341858863831,0.4381440281867981,0.451211541891098,60983330261,2079527880
2,1,1,2.249267578125,1,2.3084869384765625,1,0.15965601801872253,0.36463305354118347,-116.24653625488281,123.93470001220703,34.466766357421875,1,0.036159951239824295,0.38499972224235535,-158.83470153808594,120.22222137451172,33.11552047729492,1,-0.7670804262161255,31.334707260131836,642.80029296875,0.5028283596038818,0.44078272581100464,0.43657970428466797,1,-67.20942687988281,32.81354522705078,646.2069091796875,0.6408873200416565,0.43804484605789185,0.451662540435791,60983338594,2079536213
2,1,1,2.272308349609375,1,2.3366241455078125,1,0.15364797413349152,0.39864382147789,-118.31844329833984,117.73516845703125,32.21027374267578,1,0.03746871277689934,0.3895954191684723,-158.3833770751953,119.3845443725586,32.810543060302734,1,-0.7067359089851379,31.377790451049805,642.7198486328125,0.5027022361755371,0.4406825602054596,0.436411052942276,1,-67.14531707763672,32.85364532470703,645.9356079101562,0.640820324420929,0.4379248023033142,0.451068639755249,60983346919,2079544538
2,1,1,2.277130126953125,1,2.315643310546875,1,0.15428876876831055,0.368254691362381,-118.09745788574219,123.27455139160156,34.226478576660156,1,0.02487136796116829,0.3787108361721039,-162.72760009765625,121.36857604980469,33.53276443481445,1,-0.6421099305152893,31.28790283203125,642.8236694335938,0.5025668144226074,0.4408833384513855,0.43662360310554504,1,-67.07249450683594,32.79059600830078,645.7633056640625,0.6407114863395691,0.43803173303604126,0.45067164301872253,60983355261,2079552880
2,1,1,2.2248687744140625,1,2.3167266845703125,1,0.15435948967933655,0.3591141998767853,-118.07307434082031,124.94071197509766,34.8328742980957,1,0.025969579815864563,0.39741286635398865,-162.348876953125,117.95950317382812,32.292030334472656,1,-0.5948404669761658,31.416461944580078,642.95947265625,0.5024672150611877,0.44063451886177063,0.43693608045578003,1,-67.03050994873047,32.9185791015625,645.9837036132812,0.640570342540741,0.43779727816581726,0.45115622878074646,60983363594,2079561213
2,1,1,2.257598876953125,1,2.3546905517578125,1,0.15712828934192657,0.3636840879917145,-117.11824035644531,124.10767364501953,34.52970504760742,1,0.03248738870024681,0.3808514475822449,-160.1011962890625,120.9783706665039,33.390750885009766,1,-0.5420348644256592,31.31414031982422,642.8240966796875,0.5023571848869324,0.4408290386199951,0.43662798404693604,1,-66.97916412353516,32.858455657958984,645.9481201171875,0.6404728293418884,0.4379168748855591,0.451059490442276,60983371928,2079569547
2,1,1,2.277740478515625,1,2.315399169921875,1,0.1480635404586792,0.3828696608543396,-120.24425506591797,120.61048126220703,33.25687789916992,1,0.028446735814213753,0.40546467900276184,-161.49462890625,116.4918212890625,31.75777244567871,1,-0.49861955642700195,31.347843170166016,642.8245849609375,0.5022662281990051,0.44075918197631836,0.4366337060928345,1,-66.9289779663086,32.892608642578125,645.7813110351562,0.6404091119766235,0.4378233850002289,0.450693279504776,60983380261,2079577880
2,1,1,2.2562713623046875,1,2.3123016357421875,1,0.15160459280014038,0.388166606426239,-119.02310180664062,119.64494323730469,32.905452728271484,1,0.03227842226624489,0.4063991904258728,-160.1732635498047,116.32149505615234,31.695764541625977,1,-0.45628103613853455,31.402267456054688,642.698486328125,0.5021777153015137,0.44062936305999756,0.43636780977249146,1,-66.90498352050781,32.95807647705078,645.8922119140625,0.6403321623802185,0.4377032220363617,0.45093676447868347,60983388586,2079586205
2,1,1,2.2512359619140625,1,2.3150482177734375,1,0.14696352183818817,0.33625295758247375,-120.62360382080078,129.10791015625,36.349613189697266,1,0.02725093998014927,0.38738563656806946,-161.90701293945312,119.78727722167969,32.95730209350586,1,-0.414291113615036,31.248767852783203,642.9962158203125,0.5020895600318909,0.44098806381225586,0.4369920790195465,1,-66.86875915527344,32.81481170654297,645.8052978515625,0.6402787566184998,0.4379878044128418,0.4507206082344055,60983396928,2079594547
2,1,1,2.2577972412109375,1,2.3382720947265625,1,0.15796604752540588,0.3581371307373047,-116.82933807373047,125.1187973022461,34.897727966308594,1,0.03924717754125595,0.3860238194465637,-157.7700653076172,120.03555297851562,33.04759216308594,1,-0.4019741415977478,31.453670501708984,643.017333984375,0.5020633339881897,0.4405653476715088,0.43706652522087097,1,-66.85173034667969,33.00419998168945,645.7490234375,0.6402562856674194,0.4375881254673004,0.45062255859375,60983405261,2079602880
2,1,1,2.2575531005859375,1,2.312408447265625,1,0.15903079509735107,0.3578599691390991,-116.46214294433594,125.16931915283203,34.9161262512207,1,0.04109762981534004,0.37183046340942383,-157.13192749023438,122.62274932861328,33.989253997802734,1,-0.3910976052284241,31.241031646728516,643.0985107421875,0.5020408630371094,0.4410178065299988,0.43721285462379456,1,-66.82733154296875,32.77447509765625,645.6715698242188,0.6402254104614258,0.4380530118942261,0.450417160987854,60983413589,2079611208
2,1,1,2.26416015625,1,2.3264007568359375,1,0.14799796044826508,0.3457680642604828,-120.2668685913086,127.37345123291016,35.718360900878906,1,0.04025562107563019,0.3787761926651001,-157.42230224609375,121.35665893554688,33.52846908569336,1,-0.3909297585487366,31.461624145507812,643.0517578125,0.5020401477813721,0.4405534565448761,0.4371422827243805,1,-66.82986450195312,33.018218994140625,645.6480712890625,0.6402353644371033,0.4375452399253845,0.4504019021987915,60983421931,2079619550
2,1,1,2.27899169921875,1,2.3275909423828125,1,0.1484900861978531,0.3802564740180969,-120.09716796875,121.08684539794922,33.43021011352539,1,0.027443701401352882,0.3972190022468567,-161.8405303955078,117.99488067626953,32.30481719970703,1,-0.39433595538139343,31.345172882080078,642.9623413085938,0.5020476579666138,0.4407833516597748,0.43693211674690247,1,-66.84083557128906,32.905967712402344,645.7277221679688,0.6402392387390137,0.4377885162830353,0.450560063123703,60983430264,2079627883
2,1,1,2.2453155517578125,1,2.30712890625,1,0.1534663885831833,0.3663482964038849,-118.38105773925781,123.6220474243164,34.35293960571289,1,0.033609479665756226,0.40063735842704773,-159.71424865722656,117.37174987792969,32.07806396484375,1,-0.40497761964797974,31.35256576538086,642.927490234375,0.5020700097084045,0.44076329469680786,0.43685755133628845,1,-66.85261535644531,32.90740203857422,645.77294921875,0.6402527093887329,0.43779176473617554,0.45066049695014954,60983438597,2079636216
2,1,1,2.27252197265625,1,2.31085205078125,1,0.15072102844715118,0.3620751202106476,-119.32781219482422,124.40096282958984,34.63648986816406,1,0.04334438592195511,0.3722074329853058,-156.35711669921875,122.55403900146484,33.96421813964844,1,-0.41750919818878174,31.459671020507812,643.0286865234375,0.5020958185195923,0.4405544102191925,0.43709200620651245,1,-66.88255310058594,33.00697708129883,645.86083984375,0.6402931213378906,0.43759775161743164,0.450871080160141,60983446931,2079644550
2,1,1,2.203826904296875,1,2.3047027587890625,1,0.15162545442581177,0.3736615777015686,-119.01590728759766,122.28894805908203,33.86777877807617,1,0.03611009195446968,0.39496004581451416,-158.8518829345703,118.40664672851562,32.45466613769531,1,-0.44866499304771423,31.387981414794922,642.8358154296875,0.5021616220474243,0.4406774342060089,0.43666353821754456,1,-66.89825439453125,32.9142951965332,645.799560546875,0.6403408646583557,0.43778106570243835,0.45072898268699646,60983455264,2079652883
2,1,1,2.266571044921875,1,2.3319854736328125,1,0.14877821505069733,0.36449432373046875,-119.997802734375,123.95999145507812,34.47597122192383,1,0.03908630833029747,0.37191900610923767,-157.82554626464844,122.60660552978516,33.983375549316406,1,-0.4567464590072632,31.44696044921875,642.845458984375,0.5021783113479614,0.440556138753891,0.43669286370277405,1,-66.94032287597656,32.98749542236328,645.9313354492188,0.6403958201408386,0.43764767050743103,0.45103320479393005,60983463597,2079661216
2,1,1,2.2455596923828125,1,2.315673828125,1,0.16923610866069794,0.34400320053100586,-112.94280242919922,127.69515228271484,35.83544921875,1,0.03396359458565712,0.3833983838558197,-159.5921173095703,120.5141372680664,33.22172927856445,1,-0.44454026222229004,31.450302124023438,642.9143676757812,0.5021526217460632,0.440558522939682,0.436842679977417,1,-66.92366027832031,32.96940994262695,645.6522827148438,0.6404290795326233,0.43764662742614746,0.4504247307777405,60983471930,2079669549
2,1,1,2.1967620849609375,1,2.3145599365234375,1,0.17377975583076477,0.3724542558193207,-111.37590789794922,122.509033203125,33.947872161865234,1,0.051209282130002975,0.4001269042491913,-153.64486694335938,117.46479797363281,32.111961364746094,1,-0.4587193429470062,31.411144256591797,642.8123779296875,0.5021825432777405,0.4406261444091797,0.43661606311798096,1,-66.92430114746094,32.91014862060547,645.5112915039062,0.6404648423194885,0.4377498924732208,0.45011210441589355,60983480255,2079677874
2,1,1,2.26971435546875,1,2.321868896484375,1,0.17157255113124847,0.36570629477500916,-112.13706970214844,123.73908996582031,34.39552688598633,1,0.0580594576895237,0.3844774067401886,-151.28256225585938,120.31742095947266,33.15023422241211,1,-0.5060431957244873,31.497995376586914,642.9602661132812,0.5022811889648438,0.4404654800891876,0.43694910407066345,1,-66.9748306274414,33.02119827270508,645.734619140625,0.6405149698257446,0.43755072355270386,0.450621098279953,60983488597,2079686216
2,1,1,2.2390289306640625,1,2.3821868896484375,1,0.17943738400936127,0.3762492835521698,-109.42484283447266,121.8172836303711,33.696044921875,1,0.05185852199792862,0.40587908029556274,-153.4209747314453,116.41627502441406,31.73029899597168,1,-0.5540860891342163,31.429733276367188,642.890869140625,0.5023820996284485,0.4405978322029114,0.43678906559944153,1,-67.00570678710938,32.910919189453125,645.6005859375,0.6406120657920837,0.43776044249534607,0.4503229558467865,60983496930,2079694549
2,1,1,2.240692138671875,1,2.3199310302734375,1,0.17907832562923431,0.3455054759979248,-109.54866027832031,127.42131042480469,35.73582077026367,1,0.056461673229932785,0.37786567211151123,-151.83355712890625,121.52262115478516,33.58884811401367,1,-0.5927011370658875,31.47161865234375,643.0398559570312,0.5024624466896057,0.4405307471752167,0.437118262052536,1,-67.06105041503906,32.97154998779297,645.6583251953125,0.6407124996185303,0.43764278292655945,0.450468510389328,60983505255,2079702874
2,1,1,2.2435455322265625,1,2.3028564453125,1,0.17143093049526215,0.36086827516555786,-112.18590545654297,124.62095642089844,34.71651077270508,1,0.05783175304532051,0.41083356738090515,-151.36106872558594,115.51317596435547,31.40157127380371,1,-0.6163718700408936,31.46306610107422,643.0732421875,0.5025119185447693,0.4405529201030731,0.437189519405365,1,-67.09510803222656,32.94915771484375,645.6048583984375,0.6407962441444397,0.4376817047595978,0.45035746693611145,60983513597,2079711216
2,1,1,2.280975341796875,1,2.3276519775390625,1,0.1688155233860016,0.38137584924697876,-113.08783721923828,120.88279724121094,33.355960845947266,1,0.05259760469198227,0.4041500985622406,-153.1660919189453,116.73143005371094,31.845043182373047,1,-0.654930055141449,31.440685272216797,642.9134521484375,0.5025931000709534,0.4405779540538788,0.436839759349823,1,-67.13578796386719,32.91853713989258,645.6324462890625,0.6408740878105164,0.4377487599849701,0.45042166113853455,60983521922,2079719541
3,1,1,2.237396240234375,1,2.3113250732421875,1,0.16123807430267334,0.35328391194343567,-115.7009506225586,126.00344848632812,35.2197265625,1,0.04420051351189613,0.3943135738372803,-156.06185913085938,118.52445983886719,32.497650146484375,1,-0.7082232236862183,31.460201263427734,642.8330688476562,0.5027048587799072,0.44052648544311523,0.436668336391449,1,-67.16431427001953,32.940330505371094,645.5093994140625,0.640963077545166,0.43768665194511414,0.45016559958457947,60983530255,2079727874
3,1,1,2.2863311767578125,1,2.2834014892578125,1,0.17430385947227478,0.40901699662208557,-111.19515991210938,115.84428405761719,31.522125244140625,1,0.04790069907903671,0.38833221793174744,-154.78585815429688,119.6147689819336,32.89445114135742,1,-0.7528844475746155,31.432544708251953,642.8446044921875,0.5027983784675598,0.4405854344367981,0.436689555644989,1,-67.22047424316406,32.88383483886719,645.7203369140625,0.6410284638404846,0.4378325343132019,0.45062509179115295,60983538589,2079736208
3,1,1,2.2216339111328125,1,2.2962799072265625,1,0.1852337270975113,0.34353795647621155,-107.42594909667969,127.77995300292969,35.8663215637207,1,0.04617375135421753,0.41027551889419556,-155.38137817382812,115.61488342285156,31.438608169555664,1,-0.789994478225708,31.452484130859375,642.9927368164062,0.5028755068778992,0.44056376814842224,0.4370137155056,1,-67.25262451171875,32.902915954589844,645.66650390625,0.6411081552505493,0.4377855658531189,0.45051878690719604,60983546934,2079744553
3,1,1,2.252960205078125,1,2.3318939208984375,1,0.184038445353508,0.389800488948822,-107.83814239501953,119.34712219238281,32.797019958496094,1,0.050554171204566956,0.40353918075561523,-153.87078857421875,116.84280395507812,31.88555335998535,1,-0.8146459460258484,31.45159912109375,643.1065673828125,0.502926766872406,0.4405807554721832,0.43726062774658203,1,-67.28456115722656,32.85536193847656,645.6365966796875,0.6411818861961365,0.4378798305988312,0.45045459270477295,60983555258,2079752877
3,1,1,2.3118743896484375,1,2.326324462890625,1,0.17785991728305817,0.4127412736415863,-109.96884155273438,115.16542053222656,31.275039672851562,1,0.053737301379442215,0.40126076340675354,-152.77305603027344,117.25808715820312,32.036773681640625,1,-0.843355119228363,31.42413330078125,642.947509765625,0.5029874444007874,0.4406164586544037,0.43691182136535645,1,-67.32222747802734,32.80647277832031,645.581298828125,0.6412736773490906,0.43797335028648376,0.45033663511276245,60983563592,2079761211
3,1,1,2.2086181640625,1,2.3357391357421875,1,0.17072801291942596,0.34837228059768677,-112.42830657958984,126.89873504638672,35.545597076416016,1,0.055720604956150055,0.40646275877952576,-152.08914184570312,116.30987548828125,31.691619873046875,1,-0.8689216375350952,31.42906379699707,642.8671264648438,0.5030412077903748,0.44059544801712036,0.4367382526397705,1,-67.34168243408203,32.81678009033203,645.472900390625,0.6413404941558838,0.43793708086013794,0.45010867714881897,60983571925,2079769544
3,1,1,2.2532196044921875,1,2.333251953125,1,0.17110437154769897,0.3977053463459015,-112.29851531982422,117.90619659423828,32.27261734008789,1,0.0499996617436409,0.38016459345817566,-154.06201171875,121.10356903076172,33.43635177612305,1,-0.9056620001792908,31.37798500061035,642.8452758789062,0.5031182765960693,0.440698504447937,0.436683714389801,1,-67.37492370605469,32.773765563964844,645.6544189453125,0.6413652896881104,0.4380510151386261,0.45050156116485596,60983580267,2079777886
3,1,1,2.2669677734375,1,2.285186767578125,1,0.1723490059375763,0.3941161036491394,-111.86930084228516,118.56047821044922,32.51069259643555,1,0.04621182382106781,0.35509148240089417,-155.36827087402344,125.67393493652344,35.09984588623047,1,-0.9391731023788452,31.403018951416016,642.8553466796875,0.5031883716583252,0.44064781069755554,0.4367091953754425,1,-67.39382934570312,32.788883209228516,645.65185546875,0.6414050459861755,0.4380193054676056,0.45050233602523804,60983588600,2079786219
3,1,1,2.244964599609375,1,2.304718017578125,1,0.16950169205665588,0.37006139755249023,-112.8512191772461,122.94520568847656,34.10664749145508,1,0.05094686895608902,0.37776491045951843,-153.73536682128906,121.54100036621094,33.595542907714844,1,-0.9661840796470642,31.387319564819336,642.9129638671875,0.5032447576522827,0.4406880736351013,0.436832070350647,1,-67.42562866210938,32.76713562011719,645.6435546875,0.6414731740951538,0.4380631148815155,0.450488418340683,60983596925,2079794544
3,1,1,2.25946044921875,1,2.355010986328125,1,0.173440083861351,0.38552260398864746,-111.49302673339844,120.12691497802734,33.080814361572266,1,0.06242017820477486,0.3957573175430298,-149.77871704101562,118.26129913330078,32.40182876586914,1,-0.9980077147483826,31.393098831176758,643.02685546875,0.5033108592033386,0.4406912624835968,0.43708017468452454,1,-67.46539306640625,32.76051712036133,645.7177124023438,0.6415374875068665,0.4380868971347809,0.45065638422966003,60983605267,2079802886
3,1,1,2.2504425048828125,1,2.347412109375,1,0.1767684668302536,0.389912486076355,-110.3452377319336,119.32672119140625,32.78960037231445,1,0.061681803315877914,0.3886072039604187,-150.0333709716797,119.56462860107422,32.876243591308594,1,-1.0250186920166016,31.434207916259766,643.0599365234375,0.5033671855926514,0.44061028957366943,0.4371578097343445,1,-67.49491882324219,32.78352355957031,645.66259765625,0.6416121125221252,0.4380316734313965,0.45054733753204346,60983613600,2079811219
3,1,1,2.2555999755859375,1,2.323089599609375,1,0.17633971571922302,0.3877924084663391,-110.49308776855469,119.71315002441406,32.930274963378906,1,0.04895792156457901,0.39236846566200256,-154.42124938964844,118.87904357910156,32.62663269042969,1,-1.0474395751953125,31.416709899902344,643.0147705078125,0.5034143328666687,0.44064050912857056,0.43705737590789795,1,-67.53410339355469,32.768009185791016,645.762451171875,0.641668975353241,0.4380774199962616,0.450769305229187,60983621933,2079819552
3,1,1,2.23565673828125,1,2.3126068115234375,1,0.1687903255224228,0.3804272413253784,-113.09652709960938,121.05570983886719,33.418861389160156,1,0.043824322521686554,0.3925771713256836,-156.19158935546875,118.84098815917969,32.61281204223633,1,-1.0694160461425781,31.432268142700195,642.957275390625,0.5034605860710144,0.4406004548072815,0.4369348883628845,1,-67.55841064453125,32.783966064453125,645.6851806640625,0.64173823595047,0.43803372979164124,0.4506102204322815,60983630267,2079827886
3,1,1,2.2816925048828125,1,2.341796875,1,0.16801756620407104,0.4086773097515106,-113.36302185058594,115.90621185302734,31.544660568237305,1,0.04219285026192665,0.39077574014663696,-156.7542266845703,119.16934967041016,32.73232650756836,1,-1.0945236682891846,31.421443939208984,642.8540649414062,0.5035135746002197,0.44060903787612915,0.43670958280563354,1,-67.58084106445312,32.77806091308594,645.7163696289062,0.6417770385742188,0.43805021047592163,0.45068174600601196,60983638600,2079836219
3,1,1,2.2713623046875,1,2.3267974853515625,1,0.15363363921642303,0.3863021433353424,-118.32337188720703,119.98479461669922,33.02915954589844,1,0.0581638440489769,0.3613629639148712,-151.24655151367188,124.53079223632812,34.6837043762207,1,-1.125625729560852,31.42375946044922,642.7741088867188,0.5035790801048279,0.4405934810638428,0.436536580324173,1,-67.59921264648438,32.79351806640625,645.7591552734375,0.6418046951293945,0.43802401423454285,0.45078033208847046,60983646933,2079844552
3,1,1,2.277069091796875,1,2.3324737548828125,1,0.1646413952112198,0.4035097658634186,-114.52730560302734,116.84818267822266,31.887481689453125,1,0.043442774564027786,0.40557220578193665,-156.32318115234375,116.47222900390625,31.750640869140625,1,-1.158788800239563,31.43221092224121,642.7968139648438,0.5036483407020569,0.4405789077281952,0.4365871250629425,1,-67.61599731445312,32.805938720703125,645.7442016601562,0.6418430209159851,0.4379962384700775,0.45075365900993347,60983655258,2079852877
3,1,1,2.26507568359375,1,2.35052490234375,1,0.17859183251857758,0.37629032135009766,-109.71644592285156,121.80976867675781,33.693416595458984,1,0.043949373066425323,0.3855353593826294,-156.1484832763672,120.12458801269531,33.07997131347656,1,-1.1873760223388672,31.43743324279785,642.9332275390625,0.5037075877189636,0.44058626890182495,0.43688395619392395,1,-67.63525390625,32.79887390136719,645.7764892578125,0.6418750882148743,0.43801525235176086,0.45082661509513855,60983663600,2079861219
3,1,1,2.254364013671875,1,2.3223114013671875,1,0.17487798631191254,0.3839068114757538,-110.99717712402344,120.42143249511719,33.18808364868164,1,0.059600841253995895,0.38123801350593567,-150.75100708007812,120.90791320800781,33.3651123046875,1,-1.2087197303771973,31.446195602416992,643.001708984375,0.5037518739700317,0.4405772089958191,0.4370337426662445,1,-67.66302490234375,32.80253601074219,645.7823486328125,0.6419312357902527,0.4380084276199341,0.45084598660469055,60983671929,2079869548
3,1,1,2.2423858642578125,1,2.357452392578125,1,0.1726061999797821,0.38703861832618713,-111.78060913085938,119.8505859375,32.98020553588867,1,0.05922292545437813,0.3775055706501007,-150.88133239746094,121.58826446533203,33.61274337768555,1,-1.2221869230270386,31.445016860961914,643.05810546875,0.5037798285484314,0.4405871629714966,0.43715596199035645,1,-67.6962890625,32.7844352722168,645.8574829101562,0.641981840133667,0.4380561411380768,0.45101290941238403,60983680271,2079877890
3,1,1,2.2597503662109375,1,2.308868408203125,1,0.18681363761425018,0.3942422866821289,-106.88111114501953,118.53746795654297,32.502349853515625,1,0.051281336694955826,0.3919167220592499,-153.62002563476562,118.96137237548828,32.6566162109375,1,-1.2352091073989868,31.44956398010254,643.1263427734375,0.5038067102432251,0.4405868351459503,0.43730467557907104,1,-67.71895599365234,32.78071594238281,645.86474609375,0.6420270800590515,0.4380647838115692,0.4510330855846405,60983688596,2079886215
3,1,1,2.26885986328125,1,2.3426361083984375,1,0.1708451807498932,0.4019060432910919,-112.3879165649414,117.14051055908203,31.993885040283203,1,0.06069024279713631,0.39586594700813293,-150.3753204345703,118.24150085449219,32.394622802734375,1,-1.2473329305648804,31.444530487060547,643.1156616210938,0.5038321614265442,0.4405958354473114,0.43728092312812805,1,-67.73558044433594,32.77039337158203,645.8262329101562,0.642071008682251,0.4380808472633362,0.45095229148864746,60983696929,2079894548
3,1,1,2.210906982421875,1,2.31298828125,1,0.16575363278388977,0.360873281955719,-114.14375305175781,124.62003326416016,34.716224670410156,1,0.04185691848397255,0.38988596200942993,-156.8700714111328,119.33154296875,32.7913703918457,1,-1.2589678764343262,31.423011779785156,643.0587768554688,0.5038568377494812,0.4406328499317169,0.43715450167655945,1,-67.74737548828125,32.757266998291016,645.84716796875,0.642090380191803,0.4381107985973358,0.4509981870651245,60983705271,2079902890
3,1,1,2.2426605224609375,1,2.3167724609375,1,0.17261719703674316,0.3914598822593689,-111.77681732177734,119.0446548461914,32.68693161010742,1,0.06098916754126549,0.3972305953502655,-150.27223205566406,117.99275970458984,32.3040771484375,1,-1.2701315879821777,31.415950775146484,643.0357666015625,0.5038803815841675,0.4406444728374481,0.43710365891456604,1,-67.74948120117188,32.749420166015625,645.7637939453125,0.6421152353286743,0.4381156265735626,0.450817734003067,60983713604,2079911223
3,1,1,2.2279205322265625,1,2.31201171875,1,0.17557880282402039,0.38006457686424255,-110.7554931640625,121.12181854248047,33.44294357299805,1,0.05368177592754364,0.3899887800216675,-152.79222106933594,119.31280517578125,32.784515380859375,1,-1.2823683023452759,31.391273498535156,642.9224853515625,0.5039065480232239,0.44068050384521484,0.4368544816970825,1,-67.75814819335938,32.734867095947266,645.7157592773438,0.6421450972557068,0.4381391406059265,0.45071399211883545,60983721937,2079919556
3,1,1,2.2614898681640625,1,2.3242340087890625,1,0.16932715475559235,0.4016035497188568,-112.91140747070312,117.1956558227539,32.01393508911133,1,0.04563590884208679,0.4056227505207062,-155.56686401367188,116.46302032470703,31.747295379638672,1,-1.2966861724853516,31.380693435668945,642.8423461914062,0.5039370059967041,0.440691739320755,0.4366792142391205,1,-67.77450561523438,32.736698150634766,645.7244873046875,0.6421768069267273,0.4381365180015564,0.4507366716861725,60983730262,2079927881
3,1,1,2.2867584228515625,1,2.3292388916015625,1,0.1678580641746521,0.41624173521995544,-113.41802215576172,114.52737426757812,31.04275894165039,1,0.04211708530783653,0.4053424298763275,-156.78036499023438,116.51412963867188,31.765850067138672,1,-1.3084789514541626,31.375999450683594,642.807861328125,0.5039618611335754,0.4406968653202057,0.436603844165802,1,-67.78074645996094,32.73284912109375,645.67529296875,0.6422019004821777,0.4381377100944519,0.45063143968582153,60983738604,2079936223
3,1,1,2.2728118896484375,1,2.337127685546875,1,0.1698886752128601,0.4107762277126312,-112.71776580810547,115.52362060546875,31.40537452697754,1,0.055488184094429016,0.4079819619655609,-152.1692657470703,116.0329818725586,31.59075927734375,1,-1.3233306407928467,31.379348754882812,642.8309326171875,0.5039927959442139,0.4406929612159729,0.43665438890457153,1,-67.78924560546875,32.728946685791016,645.649169921875,0.642225980758667,0.43814218044281006,0.45057639479637146,60983746937,2079944556
3,1,1,2.2835235595703125,1,2.3191986083984375,1,0.16898497939109802,0.4202037751674652,-113.0293960571289,113.80514526367188,30.779916763305664,1,0.05177192762494087,0.3998037576675415,-153.45083618164062,117.5237045288086,32.13338088989258,1,-1.3343234062194824,31.38165283203125,642.83056640625,0.5040158629417419,0.4406881034374237,0.4366540014743805,1,-67.80091857910156,32.73019790649414,645.6588134765625,0.64224773645401,0.438140869140625,0.4505999982357025,60983755271,2079952890
3,1,1,2.2646636962890625,1,2.3216705322265625,1,0.16316866874694824,0.39919471740722656,-115.03517150878906,117.63471984863281,32.17375183105469,1,0.045686278492212296,0.41539931297302246,-155.54949951171875,114.68091583251953,31.098669052124023,1,-1.3442414999008179,31.381877899169922,642.8533325195312,0.5040364861488342,0.44069066643714905,0.43670350313186646,1,-67.80939483642578,32.72307586669922,645.633544921875,0.6422716379165649,0.43815216422080994,0.45054638385772705,60983763604,2079961223
3,1,1,2.2687530517578125,1,2.30535888671875,1,0.16459715366363525,0.4091211259365082,-114.5425796508789,115.82532501220703,31.515199661254883,1,0.0478750504553318,0.39958715438842773,-154.79469299316406,117.56317138671875,32.147769927978516,1,-1.355820655822754,31.389511108398438,642.8416137695312,0.5040607452392578,0.44067323207855225,0.4366792142391205,1,-67.81832885742188,32.726070404052734,645.6104736328125,0.642295777797699,0.4381427764892578,0.450499027967453,60983771937,2079969556
3,1,1,2.244781494140625,1,2.3478240966796875,1,0.16214972734451294,0.3891083896160126,-115.3865737915039,119.47327423095703,32.842979431152344,1,0.04911545664072037,0.42157959938049316,-154.36691284179688,113.55435943603516,30.688655853271484,1,-1.3686797618865967,31.38296890258789,642.8533935546875,0.5040876269340515,0.4406883716583252,0.4367038905620575,1,-67.8243637084961,32.71443176269531,645.5594482421875,0.6423209309577942,0.43815985321998596,0.450388640165329,60983780271,2079977890
3,1,1,2.2331390380859375,1,2.292633056640625,1,0.16813592612743378,0.3811455965042114,-113.32220458984375,120.92475891113281,33.371253967285156,1,0.04943639412522316,0.39315372705459595,-154.2562713623047,118.73590087890625,32.57455062866211,1,-1.3753957748413086,31.383190155029297,642.84228515625,0.5041017532348633,0.4406864047050476,0.436679869890213,1,-67.8319091796875,32.70991516113281,645.535888671875,0.6423423886299133,0.43816596269607544,0.450338751077652,60983788604,2079986223
3,1,1,2.2340087890625,1,2.3166961669921875,1,0.1674862802028656,0.38310763239860535,-113.5462417602539,120.56713104248047,33.24105453491211,1,0.054073650389909744,0.41301682591438293,-152.65707397460938,115.11519622802734,31.256744384765625,1,-1.3828924894332886,31.373950958251953,642.8192138671875,0.5041175484657288,0.4407024681568146,0.436628520488739,1,-67.84239959716797,32.70565414428711,645.5468139648438,0.6423615217208862,0.4381762742996216,0.4503640830516815,60983796937,2079994556
3,1,1,2.2631683349609375,1,2.3560333251953125,1,0.16022787988185883,0.40036576986312866,-116.04932403564453,117.4212646484375,32.09605026245117,1,0.06416326761245728,0.4128321409225464,-149.17762756347656,115.14888763427734,31.26897621154785,1,-1.3910863399505615,31.36279296875,642.8533935546875,0.5041345357894897,0.4407302141189575,0.43670108914375305,1,-67.85321044921875,32.69712448120117,645.5901489257812,0.6423733234405518,0.43819981813430786,0.450458824634552,60983805275,2080002894
3,1,1,2.193115234375,1,2.31005859375,1,0.16912886500358582,0.3688583970069885,-112.97976684570312,123.16449737548828,34.18638610839844,1,0.05098699778318405,0.40255990624427795,-153.72152709960938,117.02131652832031,31.95049476623535,1,-1.3929481506347656,31.360210418701172,642.8419799804688,0.5041385293006897,0.44073402881622314,0.436676025390625,1,-67.85511779785156,32.69475173950195,645.57763671875,0.6423802971839905,0.43820303678512573,0.4504318833351135,60983813609,2080011227
3,1,1,2.20465087890625,1,2.3249359130859375,1,0.209140345454216,0.3593829870223999,-99.18164825439453,124.89171600341797,34.815032958984375,1,0.07879729568958282,0.3653324842453003,-144.13101196289062,123.80720520019531,34.42034912109375,1,-1.2961076498031616,31.399425506591797,642.8077392578125,0.5039359331130981,0.4406481981277466,0.436606764793396,1,-67.77568054199219,32.730323791503906,645.453125,0.6422460079193115,0.4381124675273895,0.45015060901641846,60983821942,2080019560
3,1,1,2.189910888671875,1,2.3951416015625,1,0.26627275347709656,0.2490774542093277,-79.47929382324219,144.99842834472656,42.13334274291992,1,0.1351572424173355,0.28735893964767456,-124.6950454711914,138.02040100097656,39.59352111816406,1,-1.1607134342193604,31.436603546142578,642.7396240234375,0.5036526918411255,0.4405621588230133,0.43646374344825745,1,-67.64842224121094,32.80127716064453,645.4442138671875,0.6419839262962341,0.4379645586013794,0.450112909078598,60983830276,2080027894
3,1,1,2.1878662109375,1,2.3348541259765625,1,0.2895232141017914,0.20866599678993225,-71.46127319335938,152.36473083496094,44.814414978027344,1,0.15108299255371094,0.27765896916389465,-119.20298767089844,139.78851318359375,40.23707962036133,1,-1.0588362216949463,31.471797943115234,643.01416015625,0.5034380555152893,0.44052600860595703,0.43706372380256653,1,-67.58753967285156,32.901512145996094,645.7371215820312,0.6417853832244873,0.437797486782074,0.45074570178985596,60983838601,2080036219
3,1,1,2.177642822265625,1,2.2996063232421875,1,0.2966856062412262,0.19861355423927307,-68.99129486083984,154.19708251953125,45.48139572143555,1,0.1371951550245285,0.24592281877994537,-123.99227142333984,145.57347106933594,42.342628479003906,1,-1.0330305099487305,31.507110595703125,643.0707397460938,0.5033838152885437,0.4404602646827698,0.437191367149353,1,-67.53929901123047,32.930992126464844,645.6314086914062,0.6417111754417419,0.43772202730178833,0.45051109790802,60983846934,2080044552
3,1,1,2.0113677978515625,1,2.3683319091796875,1,0.2947603762149811,0.07507592439651489,-69.65522003173828,176.71578979492188,53.6775016784668,1,0.1610599160194397,0.26172003149986267,-115.76239013671875,142.69387817382812,41.294586181640625,1,-1.0373698472976685,31.51545524597168,643.0821533203125,0.5033928155899048,0.4404444694519043,0.4372173845767975,1,-67.54928588867188,32.940818786621094,645.722900390625,0.6417093873023987,0.4377143085002899,0.450712114572525,60983855267,2080052885
3,1,1,2.0078887939453125,1,2.329010009765625,1,0.2919183671474457,0.08240700513124466,-70.63529205322266,175.37945556640625,53.191165924072266,1,0.14165791869163513,0.2641358971595764,-122.4532699584961,142.25352478027344,41.134300231933594,1,-1.0385584831237793,31.504615783691406,643.0367431640625,0.5033954977989197,0.4404609203338623,0.437117338180542,1,-67.55433654785156,32.92151641845703,645.6055908203125,0.6417486667633057,0.4377380311489105,0.450457364320755,60983863609,2080061227
3,1,1,2.015716552734375,1,2.37042236328125,1,0.30244630575180054,0.09160890430212021,-67.00468444824219,173.70211791992188,52.58058547973633,1,0.16093389689922333,0.27327561378479004,-115.80585479736328,140.58753967285156,40.527835845947266,1,-1.0344150066375732,31.53974151611328,643.0711669921875,0.5033866167068481,0.4403925836086273,0.4371969401836395,1,-67.56473541259766,32.925010681152344,645.6137084960938,0.641768217086792,0.43773189187049866,0.45047780871391296,60983871934,2080069552
3,1,1,2.0165863037109375,1,2.361785888671875,1,0.28623896837234497,0.11186513304710388,-72.59385681152344,170.00978088378906,51.2366943359375,1,0.1610247790813446,0.29685178399086,-115.7745132446289,136.29000854492188,38.96373748779297,1,-1.029984474182129,31.5372314453125,643.0370483398438,0.5033774375915527,0.44039323925971985,0.43712252378463745,1,-67.57258605957031,32.91788101196289,645.69482421875,0.6417646408081055,0.43775781989097595,0.45065346360206604,60983880267,2080077885
3,1,1,2.0129547119140625,1,2.366180419921875,1,0.2950454354286194,0.11842185258865356,-69.5569076538086,168.81460571289062,50.80170440673828,1,0.16693416237831116,0.2957285940647125,-113.73663330078125,136.4947509765625,39.03825378417969,1,-1.0244637727737427,31.58055877685547,643.07080078125,0.5033656358718872,0.4403077960014343,0.4372018575668335,1,-67.57215881347656,32.93613815307617,645.6357421875,0.6417782306671143,0.4377118945121765,0.45052847266197205,60983888600,2080086218
3,1,1,2.171844482421875,1,2.333984375,1,0.2906159460544586,0.24665363132953644,-71.08443450927734,145.4402313232422,42.29416275024414,1,0.16256918013095856,0.27911272644996643,-115.2419204711914,139.52352905273438,40.140628814697266,1,-1.0226277112960815,31.610013961791992,643.0821533203125,0.5033618211746216,0.44024819135665894,0.43723052740097046,1,-67.57014465332031,32.94534683227539,645.6475830078125,0.6417710781097412,0.4376944601535797,0.45055487751960754,60983896934,2080094552
3,1,1,2.1425018310546875,1,2.32080078125,1,0.3041890561580658,0.2226276397705078,-66.4036865234375,149.8197479248047,43.888145446777344,1,0.14458060264587402,0.24629703164100647,-121.44536590576172,145.50526428222656,42.317779541015625,1,-1.0120363235473633,31.620817184448242,643.0931396484375,0.5033395290374756,0.440227210521698,0.437255859375,1,-67.55734252929688,32.944026947021484,645.5432739257812,0.64177006483078,0.4376828670501709,0.4503268003463745,60983905267,2080102885
3,1,1,2.2333984375,1,2.34844970703125,1,0.2957291007041931,0.29213520884513855,-69.3211441040039,137.14976501464844,39.27666091918945,1,0.16002903878688812,0.25386619567871094,-116.11790466308594,144.1255340576172,41.81561279296875,1,-1.0045526027679443,31.644664764404297,643.0128173828125,0.5033240914344788,0.4401669204235077,0.43708497285842896,1,-67.55716705322266,32.96263122558594,645.5667724609375,0.6417638659477234,0.43764758110046387,0.4503801465034485,60983913600,2080111218
3,1,1,2.1722564697265625,1,2.3306884765625,1,0.29894015192985535,0.2417045682668686,-68.21380615234375,146.34237670898438,42.622474670410156,1,0.16660156846046448,0.2670789659023285,-113.8513412475586,141.7170867919922,40.93895721435547,1,-0.9942615628242493,31.641403198242188,642.9216918945312,0.5033029317855835,0.44016143679618835,0.43688687682151794,1,-67.542236328125,32.96662902832031,645.51220703125,0.6417462825775146,0.4376318156719208,0.45025965571403503,60983921942,2080119560
3,1,1,2.173828125,1,2.3243560791015625,1,0.3026552200317383,0.25308194756507874,-66.9326400756836,144.2684783935547,41.867652893066406,1,0.16039720177650452,0.2625378966331482,-115.99093627929688,142.54483032226562,41.24028396606445,1,-0.983395516872406,31.653907775878906,642.9326782226562,0.5032801628112793,0.44013699889183044,0.43691232800483704,1,-67.53839874267578,32.9802360534668,645.5126953125,0.6417381167411804,0.4376036822795868,0.45026180148124695,60983930267,2080127885
3,1,1,2.1996612548828125,1,2.359649658203125,1,0.2932547926902771,0.2662178575992584,-70.17440795898438,141.8740234375,40.99616241455078,1,0.18243202567100525,0.27053484320640564,-108.39212799072266,141.08712768554688,40.7097282409668,1,-0.9653410315513611,31.65528106689453,642.8988037109375,0.5032424926757812,0.4401296079158783,0.43683895468711853,1,-67.52857208251953,32.98506164550781,645.4913940429688,0.6417229771614075,0.4375908374786377,0.45021429657936096,60983938609,2080136227
3,1,1,2.23828125,1,2.3271484375,1,0.29324427247047424,0.27762505412101746,-70.17804718017578,139.7947235107422,40.23929977416992,1,0.16772690415382385,0.2665928602218628,-113.46326446533203,141.80567932128906,40.971256256103516,1,-0.9462368488311768,31.649803161621094,642.819091796875,0.5032028555870056,0.4401303231716156,0.43666526675224304,1,-67.52090454101562,32.98994827270508,645.5159912109375,0.6417009830474854,0.4375841021537781,0.45026642084121704,60983946934,2080144552
3,1,1,2.01129150390625,1,2.3036651611328125,1,0.2920267581939697,0.11350340396165848,-70.597900390625,169.71116638183594,51.12800598144531,1,0.16543403267860413,0.2679172456264496,-114.25397491455078,141.56430053710938,40.88336944580078,1,-0.9254069328308105,31.653526306152344,642.819091796875,0.50315922498703,0.4401225745677948,0.43666568398475647,1,-67.5062255859375,32.99666976928711,645.4954833984375,0.6416754722595215,0.4375673830509186,0.45021986961364746,60983955276,2080152894
3,1,1,2.2383575439453125,1,2.3322601318359375,1,0.28266704082489014,0.28751569986343384,-73.82564544677734,137.99180603027344,39.58317184448242,1,0.16759084165096283,0.29968971014022827,-113.51018524169922,135.772705078125,38.775474548339844,1,-0.9027761220932007,31.645435333251953,642.7852783203125,0.5031119585037231,0.4401349127292633,0.43659111857414246,1,-67.48418426513672,32.984413146972656,645.4542236328125,0.6416400074958801,0.43758711218833923,0.45012420415878296,60983963609,2080161227
3,1,1,2.0435791015625,1,2.3339996337890625,1,0.28705891966819763,0.11304764449596405,-72.31108856201172,169.79421997070312,51.158267974853516,1,0.16419848799705505,0.27727729082107544,-114.68004608154297,139.8580780029297,40.26243591308594,1,-0.8807917833328247,31.654809951782227,642.8536376953125,0.5030656456947327,0.4401246905326843,0.4367406368255615,1,-67.45976257324219,32.992767333984375,645.3880615234375,0.6416054964065552,0.43756070733070374,0.44997718930244446,60983971942,2080169560
3,1,1,2.012664794921875,1,2.3304901123046875,1,0.2922031879425049,0.12725326418876648,-70.53707122802734,167.20477294921875,50.2158317565918,1,0.16788387298583984,0.26574862003326416,-113.40913391113281,141.95957946777344,41.02723693847656,1,-0.8600719571113586,31.65199089050293,642.9227294921875,0.5030220746994019,0.44013985991477966,0.436890184879303,1,-67.43507385253906,32.976318359375,645.3350830078125,0.6415672302246094,0.4375874996185303,0.4498549699783325,60983980267,2080177885
3,1,1,1.98126220703125,1,2.3003997802734375,1,0.2905653715133667,0.11117725074291229,-71.10186767578125,170.13516235351562,51.28237533569336,1,0.1562756896018982,0.2455631047487259,-117.41224670410156,145.63902282714844,42.366493225097656,1,-0.843368411064148,31.659862518310547,643.0252685546875,0.5029866695404053,0.4401373565196991,0.43711361289024353,1,-67.412109375,32.97130584716797,645.315673828125,0.6415244340896606,0.43759527802467346,0.44980719685554504,60983988609,2080186227
3,1,1,2.13226318359375,1,2.3634490966796875,1,0.3064805269241333,0.22301216423511505,-65.61347961425781,149.74964904785156,43.8626823425293,1,0.1796007603406906,0.2720332741737366,-109.36849975585938,140.81396484375,40.61033630371094,1,-0.8268288969993591,31.65631866455078,643.0017700195312,0.5029521584510803,0.44014161825180054,0.43706214427948,1,-67.39845275878906,32.977989196777344,645.38818359375,0.6414783000946045,0.43759146332740784,0.44996166229248047,60983996934,2080194552
3,1,1,2.17767333984375,1,2.3385162353515625,1,0.2998301088809967,0.2783285081386566,-67.9068832397461,139.66647338867188,40.192691802978516,1,0.15971262753009796,0.24483907222747803,-116.22702026367188,145.77099609375,42.41455841064453,1,-0.8051857948303223,31.651229858398438,643.0480346679688,0.5029067397117615,0.4401583969593048,0.43716177344322205,1,-67.38389587402344,32.97456359863281,645.462890625,0.6414298415184021,0.43760889768600464,0.4501190185546875,60984005267,2080202885
3,1,1,2.232452392578125,1,2.3359527587890625,1,0.2968224287033081,0.30328863859176636,-68.94410705566406,135.11666870117188,38.53669357299805,1,0.16644802689552307,0.26352056860923767,-113.9042739868164,142.36570739746094,41.17506408691406,1,-0.7807497978210449,31.641813278198242,642.88818359375,0.5028561353683472,0.4401565194129944,0.43681347370147705,1,-67.35535430908203,32.978797912597656,645.433349609375,0.641377866268158,0.4375961124897003,0.45004963874816895,60984013600,2080211218
3,1,1,2.18853759765625,1,2.351104736328125,1,0.29915300011634827,0.26675817370414734,-68.14038848876953,141.77554321289062,40.960289001464844,1,0.1729869842529297,0.27407434582710266,-111.64930725097656,140.44192504882812,40.47492599487305,1,-0.7478755712509155,31.617341995239258,642.7066650390625,0.5027878880500793,0.44018301367759705,0.43641623854637146,1,-67.31800842285156,32.965450286865234,645.3009033203125,0.6413328051567078,0.4376055896282196,0.44975361227989197,60984021934,2080219552
3,1,1,2.12762451171875,1,2.3118133544921875,1,0.29058191180229187,0.21613915264606476,-71.09617614746094,151.00247192382812,44.318660736083984,1,0.15902794897556305,0.2652825713157654,-116.46312713623047,142.0445098876953,41.05818176269531,1,-0.7062411904335022,31.619970321655273,642.7067260742188,0.502700686454773,0.4401776194572449,0.4364166259765625,1,-67.29015350341797,32.968753814697266,645.3181762695312,0.6412707567214966,0.4376011788845062,0.449785053730011,60984030276,2080227894
3,1,1,2.22509765625,1,2.3145599365234375,1,0.28343912959098816,0.29614362120628357,-73.55938720703125,136.4191131591797,39.01070785522461,1,0.16335326433181763,0.2690095901489258,-114.97152709960938,141.3651123046875,40.810970306396484,1,-0.6667117476463318,31.623205184936523,642.718505859375,0.5026178956031799,0.44017258286476135,0.436442494392395,1,-67.24858856201172,32.98063278198242,645.3611450195312,0.6411739587783813,0.4375826120376587,0.449870228767395,60984038609,2080236227
3,1,1,2.16168212890625,1,2.3429412841796875,1,0.301525741815567,0.2491767853498459,-67.32215118408203,144.98031616210938,42.12674331665039,1,0.16614535450935364,0.27199092507362366,-114.0086669921875,140.8217010498047,40.613162994384766,1,-0.6326041221618652,31.633995056152344,642.8662109375,0.5025460720062256,0.4401701092720032,0.4367643892765045,1,-67.20161437988281,32.98722457885742,645.3123779296875,0.6410884261131287,0.4375622868537903,0.44975557923316956,60984046942,2080244560
3,1,1,2.114593505859375,1,2.3028411865234375,1,0.3004065454006195,0.2108752280473709,-67.70809173583984,151.96200561523438,44.667869567871094,1,0.16641277074813843,0.2659020721912384,-113.91643524169922,141.9315948486328,41.017059326171875,1,-0.5977923274040222,31.65282440185547,642.9918212890625,0.5024728775024414,0.4401479661464691,0.43703946471214294,1,-67.16380310058594,33.01131820678711,645.295654296875,0.6410138607025146,0.4375101327896118,0.44971445202827454,60984055276,2080252894
3,1,1,2.0018310546875,1,2.3022613525390625,1,0.2988123595714569,0.13691310584545135,-68.25787353515625,165.44398498535156,49.57490539550781,1,0.15950214862823486,0.26965364813804626,-116.29959106445312,141.2477264404297,40.768218994140625,1,-0.5627257823944092,31.636932373046875,642.8206176757812,0.5023998618125916,0.44015803933143616,0.436665803194046,1,-67.12217712402344,33.01202392578125,645.19921875,0.6409510374069214,0.43749547004699707,0.449497252702713,60984063609,2080261227
3,1,1,2.2057952880859375,1,2.31170654296875,1,0.29496675729751587,0.298071026802063,-69.58403015136719,136.06776428222656,38.88284683227539,1,0.1679273545742035,0.26547324657440186,-113.39412689208984,142.009765625,41.04552459716797,1,-0.5152396559715271,31.62897491455078,642.7074584960938,0.5023007392883301,0.4401593804359436,0.4364190101623535,1,-67.0929946899414,33.043975830078125,645.3116455078125,0.6408628821372986,0.43744486570358276,0.44973793625831604,60984071936,2080269554
3,1,1,2.112945556640625,1,2.2812347412109375,1,0.2841343283653259,0.20092418789863586,-73.31965637207031,153.77589416503906,45.32807159423828,1,0.1503145694732666,0.2784959077835083,-119.46797180175781,139.63595581054688,40.18154525756836,1,-0.46680235862731934,31.62943458557129,642.7076416015625,0.5021992921829224,0.44015854597091675,0.43641939759254456,1,-67.04243469238281,33.06241226196289,645.2866821289062,0.6407639384269714,0.4374033212661743,0.449675589799881,60984080269,2080277887
3,1,1,2.023590087890625,1,2.3342742919921875,1,0.29283297061920166,0.13261158764362335,-70.31988525390625,166.22804260253906,49.86033630371094,1,0.1804681420326233,0.31529247760772705,-109.06938171386719,132.92860412597656,37.74028396606445,1,-0.42506900429725647,31.64072036743164,642.8677978515625,0.502111554145813,0.4401567578315735,0.436768501996994,1,-66.9932861328125,33.07200241088867,645.2486572265625,0.6406711935997009,0.43737828731536865,0.44958388805389404,60984088602,2080286220
3,1,1,2.157135009765625,1,2.3300323486328125,1,0.29903510212898254,0.23177355527877808,-68.18104553222656,148.15260314941406,43.2813835144043,1,0.1669677197933197,0.2989520728588104,-113.72506713867188,135.9071807861328,38.82435989379883,1,-0.38847440481185913,31.65799331665039,643.0269775390625,0.5020346641540527,0.4401423931121826,0.4371161460876465,1,-66.9521484375,33.087833404541016,645.2339477539062,0.6405892968177795,0.4373435974121094,0.44954541325569153,60984096944,2080294562
3,1,1,2.1991729736328125,1,2.329010009765625,1,0.3040880858898163,0.2912091612815857,-66.4384994506836,137.3185577392578,39.33810043334961,1,0.17322564125061035,0.2982681393623352,-111.5669937133789,136.03179931640625,38.86981964111328,1,-0.35716891288757324,31.643308639526367,642.9248046875,0.5019693970680237,0.4401592016220093,0.4368923008441925,1,-66.92317962646484,33.09431076049805,645.3212280273438,0.6405079364776611,0.4373422861099243,0.44972825050354004,60984105277,2080302895
3,1,1,2.1156005859375,1,2.318328857421875,1,0.29778116941452026,0.22912529110908508,-68.61347198486328,148.6353302001953,43.45710372924805,1,0.16310566663742065,0.30081039667129517,-115.0569076538086,135.56842041015625,38.70108413696289,1,-0.29411911964416504,31.613933563232422,642.7998046875,0.5018375515937805,0.4402035176753998,0.436616986989975,1,-66.86550903320312,33.10547637939453,645.36962890625,0.6403764486312866,0.43732601404190063,0.4498215317726135,60984113602,2080311220
3,1,1,2.2205963134765625,1,2.3372802734375,1,0.35300329327583313,0.2976354956626892,-49.569862365722656,136.14715576171875,38.91170120239258,1,0.19954176247119904,0.34866946935653687,-102.49176788330078,126.8445816040039,35.52589416503906,1,-0.14487877488136292,31.551956176757812,642.9727172851562,0.5015250444412231,0.4403557777404785,0.4369833171367645,1,-66.68148040771484,33.0472297668457,644.8672485351562,0.6401165723800659,0.4373775124549866,0.44868841767311096,60984121936,2080319554
3,1,1,2.223907470703125,1,2.3560028076171875,1,0.381896436214447,0.3338690996170044,-39.60594940185547,129.5424346923828,36.50778579711914,1,0.24376247823238373,0.3461337983608246,-87.24205780029297,127.3067855834961,35.694091796875,1,0.015112366527318954,31.462261199951172,642.9957885742188,0.5011903643608093,0.4405454397201538,0.43702074885368347,1,-66.53724670410156,33.01738739013672,645.1663818359375,0.6397448182106018,0.43748098611831665,0.44929781556129456,60984130277,2080327895
3,1,1,2.1930084228515625,1,2.32586669921875,1,0.40188491344451904,0.35210204124450684,-32.712852478027344,126.21886444091797,35.29816436767578,1,0.23550449311733246,0.3451789915561676,-90.08985900878906,127.48082733154297,35.75746154785156,1,0.0751141607761383,31.449203491210938,642.949951171875,0.5010648369789124,0.4405665695667267,0.43691951036453247,1,-66.46170043945312,33.00331115722656,645.0061645507812,0.6396268010139465,0.4374881386756897,0.44893333315849304,60984138611,2080336229
3,1,1,2.2223663330078125,1,2.312713623046875,1,0.38467761874198914,0.37179866433143616,-38.64685821533203,122.62852478027344,33.99142074584961,1,0.23455597460269928,0.3374474346637726,-90.41696166992188,128.89015197753906,36.2703971862793,1,0.10817033052444458,31.42972183227539,642.8474731445312,0.5009956359863281,0.4405933618545532,0.436694473028183,1,-66.46279907226562,33.004371643066406,645.158203125,0.6395922899246216,0.4375069737434387,0.449261873960495,60984146936,2080344554
3,1,1,2.197479248046875,1,2.3017578125,1,0.3839171528816223,0.34459125995635986,-38.90910720825195,127.58795166015625,35.79645919799805,1,0.23467500507831573,0.3385647237300873,-90.37591552734375,128.68650817871094,36.196258544921875,1,0.13637889921665192,31.426259994506836,642.7794189453125,0.5009365677833557,0.4405915141105652,0.4365463852882385,1,-66.45248413085938,33.01182556152344,645.230224609375,0.6395534873008728,0.4375014901161194,0.4494161903858185,60984155277,2080352895
3,1,1,2.1868438720703125,1,2.3194580078125,1,0.3839474320411682,0.3317599594593048,-38.89866256713867,129.9268798828125,36.64774703979492,1,0.22821368277072906,0.34394973516464233,-92.60413360595703,127.70490264892578,35.839012145996094,1,0.16905036568641663,31.429771423339844,642.802734375,0.5008682012557983,0.4405874013900757,0.4365973472595215,1,-66.43157196044922,33.01121520996094,645.2353515625,0.639508843421936,0.43750354647636414,0.44942256808280945,60984163611,2080361229
3,1,1,2.1934356689453125,1,2.326324462890625,1,0.38966262340545654,0.34019967913627625,-36.92774963378906,128.3884735107422,36.08779525756836,1,0.23428213596343994,0.37558990716934204,-90.51140594482422,121.9374771118164,33.73981475830078,1,0.2066519856452942,31.431072235107422,642.859130859375,0.5007895231246948,0.44059231877326965,0.43671995401382446,1,-66.39717864990234,32.996070861816406,645.2188720703125,0.6394414305686951,0.4375326931476593,0.449377179145813,60984171944,2080369562
3,1,1,2.2154388427734375,1,2.304351806640625,1,0.3796203136444092,0.369240939617157,-40.39088821411133,123.09477996826172,34.16103744506836,1,0.2339564859867096,0.35203757882118225,-90.62371063232422,126.23062896728516,35.30244445800781,1,0.23256248235702515,31.4449462890625,642.9735717773438,0.5007352828979492,0.4405789077281952,0.43697017431259155,1,-66.380615234375,33.017967224121094,645.25732421875,0.6393977403640747,0.4374926686286926,0.4494597017765045,60984180277,2080377895
3,1,1,2.218597412109375,1,2.2960357666015625,1,0.3937801718711853,0.35858696699142456,-35.507789611816406,125.03677368164062,34.867919921875,1,0.2305864840745926,0.35574331879615784,-91.78585815429688,125.55513000488281,35.056575775146484,1,0.24908870458602905,31.446182250976562,643.0194091796875,0.5007006525993347,0.4405825138092041,0.437069833278656,1,-66.35972595214844,33.005069732666016,645.2389526367188,0.6393589377403259,0.43751686811447144,0.449413537979126,60984188611,2080386229
3,1,1,2.2230682373046875,1,2.3134918212890625,1,0.38853830099105835,0.3783458173274994,-37.31548309326172,121.43511199951172,33.55699157714844,1,0.23562003672122955,0.3658154010772705,-90.0500259399414,123.71920776367188,34.38829803466797,1,0.26449939608573914,31.447317123413086,643.0419921875,0.500668466091156,0.440583199262619,0.43711891770362854,1,-66.33653259277344,33.00364303588867,645.1377563476562,0.6393351554870605,0.43750590085983276,0.44918981194496155,60984196950,2080394567
3,1,1,2.1650390625,1,2.2760467529296875,1,0.3844304382801056,0.3400658369064331,-38.73210906982422,128.41287231445312,36.0966796875,1,0.21236726641654968,0.3358099162578583,-98.06883239746094,129.1886444091797,36.37902069091797,1,0.27937328815460205,31.448612213134766,643.0307006835938,0.5006373524665833,0.44057902693748474,0.43709465861320496,1,-66.32180786132812,33.00851058959961,645.0819091796875,0.6393179893493652,0.4374881684780121,0.44906681776046753,60984205283,2080402900
3,1,1,2.1998291015625,1,2.31689453125,1,0.39352014660835266,0.35916757583618164,-35.59746551513672,124.93095397949219,34.82939147949219,1,0.2389380782842636,0.3736347556114197,-88.90576934814453,122.29385375976562,33.86954879760742,1,0.2902306020259857,31.441661834716797,642.9734497070312,0.500614583492279,0.44058579206466675,0.436969518661499,1,-66.31094360351562,32.98988723754883,645.0360107421875,0.6393065452575684,0.43752041459083557,0.4489628076553345,60984213617,2080411234
3,1,1,2.191131591796875,1,2.3470611572265625,1,0.3872097432613373,0.3464333713054657,-37.77363204956055,127.25216674804688,35.67423629760742,1,0.23347660899162292,0.3724341094493866,-90.78917694091797,122.5126953125,33.949249267578125,1,0.29982954263687134,31.44219970703125,642.9168090820312,0.500594437122345,0.44057711958885193,0.4368467926979065,1,-66.29405975341797,33.004173278808594,644.9839477539062,0.639284074306488,0.43748363852500916,0.448848694562912,60984221950,2080419567
3,1,1,2.19879150390625,1,2.3104400634765625,1,0.3845628499984741,0.35869061946868896,-38.686439514160156,125.01788330078125,34.86104202270508,1,0.2448693960905075,0.36763712763786316,-86.86033630371094,123.38711547851562,34.2674674987793,1,0.31536078453063965,31.43893051147461,642.837158203125,0.5005618333816528,0.4405732750892639,0.43667349219322205,1,-66.28340148925781,33.010223388671875,644.9720458984375,0.639264702796936,0.437469482421875,0.44882163405418396,60984230283,2080427900
3,1,1,2.1950531005859375,1,2.27630615234375,1,0.38740411400794983,0.3648662865161896,-37.706607818603516,123.89217376708984,34.45132064819336,1,0.22666171193122864,0.34740591049194336,-93.13933563232422,127.07492065429688,35.60963821411133,1,0.3359784185886383,31.387676239013672,642.86083984375,0.5005188584327698,0.44068294763565063,0.436717689037323,1,-66.26689910888672,32.933685302734375,644.8115234375,0.6392694711685181,0.43760594725608826,0.44846057891845703,60984238617,2080436234
3,1,1,2.182952880859375,1,2.283721923828125,1,0.38711369037628174,0.3320712447166443,-37.806758880615234,129.87014770507812,36.627071380615234,1,0.22951330244541168,0.3895402252674103,-92.15594482421875,119.39456176757812,32.814292907714844,1,0.34836345911026,31.461578369140625,642.8370361328125,0.5004927515983582,0.4405262768268585,0.43667641282081604,1,-66.26007080078125,33.07982635498047,644.9771728515625,0.6392147541046143,0.43732598423957825,0.448837548494339,60984246950,2080444567
3,1,1,2.1567230224609375,1,2.28167724609375,1,0.389478474855423,0.31593212485313416,-36.99126434326172,132.81201171875,37.69784927368164,1,0.23498432338237762,0.36397257447242737,-90.26923370361328,124.05506896972656,34.510616302490234,1,0.37293514609336853,31.341114044189453,642.9069213867188,0.5004415512084961,0.44078588485717773,0.436811238527298,1,-66.24705505371094,32.91743469238281,644.8859252929688,0.6392103433609009,0.4376499354839325,0.44861435890197754,60984255283,2080452900
3,1,1,2.22015380859375,1,2.2846832275390625,1,0.37583065032958984,0.36339879035949707,-41.69777297973633,124.15967559814453,34.54866409301758,1,0.23293571174144745,0.3754706084728241,-90.97572326660156,121.95921325683594,33.74774169921875,1,0.3728208541870117,31.440631866455078,642.74560546875,0.5004414916038513,0.440557599067688,0.43647512793540955,1,-66.23968505859375,33.05173873901367,645.0157470703125,0.6391632556915283,0.437389612197876,0.44891223311424255,60984263617,2080461234
3,1,1,2.142486572265625,1,2.3155517578125,1,0.35015979409217834,0.3420694172382355,-50.550479888916016,128.04766845703125,35.963714599609375,1,0.21364693343639374,0.3671760857105255,-97.62752532958984,123.47114562988281,34.29802322387695,1,0.33747586607933044,31.399930953979492,642.814697265625,0.5005156397819519,0.4406512975692749,0.436619371175766,1,-66.24844360351562,32.97050476074219,645.1201782226562,0.6391566395759583,0.43757233023643494,0.44912785291671753,60984271950,2080469567
3,1,1,2.2610321044921875,1,2.2893218994140625,1,0.35023096203804016,0.3703920543193817,-50.525936126708984,122.88494873046875,34.084659576416016,1,0.21052053570747375,0.33829793334007263,-98.70567321777344,128.735107421875,36.2140007019043,1,0.3308729827404022,31.333450317382812,642.884033203125,0.5005296468734741,0.44079869985580444,0.43676042556762695,1,-66.25204467773438,32.933074951171875,645.049072265625,0.63918137550354,0.43764007091522217,0.44896984100341797,60984280283,2080477900
3,1,1,2.215545654296875,1,2.3014373779296875,1,0.35239177942276,0.36539769172668457,-49.78077697753906,123.79532623291016,34.41606903076172,1,0.2158769816160202,0.35339200496673584,-96.8584976196289,125.98374938964844,35.212562561035156,1,0.3491014838218689,31.426734924316406,642.7344970703125,0.5004911422729492,0.4405848979949951,0.4364491403102875,1,-66.23143005371094,33.028831481933594,645.02978515625,0.6391428112983704,0.4374389946460724,0.44893744587898254,60984288617,2080486234
3,1,1,2.1656646728515625,1,2.2990875244140625,1,0.3436853587627411,0.3114401400089264,-52.78322219848633,133.6308135986328,37.995880126953125,1,0.20373056828975677,0.37498337030410767,-101.04722595214844,122.04803466796875,33.780029296875,1,0.3869059085845947,31.271530151367188,642.9183959960938,0.5004125237464905,0.4409320056438446,0.4368264973163605,1,-66.18843078613281,32.90593338012695,644.98046875,0.6390659809112549,0.437686949968338,0.44880399107933044,60984296950,2080494567
3,1,1,2.1908111572265625,1,2.3079071044921875,1,0.34502965211868286,0.34166139364242554,-52.31962203979492,128.1220245361328,35.990848541259766,1,0.21503318846225739,0.34991347789764404,-97.14948272705078,126.61782836914062,35.44330596923828,1,0.42284131050109863,31.33228302001953,642.82763671875,0.5003370642662048,0.4407937526702881,0.43663808703422546,1,-66.1672134399414,32.94015121459961,645.0547485351562,0.6390038728713989,0.43762633204460144,0.44896453619003296,60984305283,2080502900
3,1,1,2.154815673828125,1,2.2837982177734375,1,0.34840813279151917,0.3195648789405823,-51.154537200927734,132.14981079101562,37.45683288574219,1,0.19969891011714935,0.34353017807006836,-102.43757629394531,127.7813949584961,35.866825103759766,1,0.4574134349822998,31.316137313842773,642.907470703125,0.5002648234367371,0.4408380091190338,0.43680912256240845,1,-66.12466430664062,32.932945251464844,645.0167846679688,0.6389246582984924,0.4376361072063446,0.4488721787929535,60984313617,2080511234
3,1,1,2.164459228515625,1,2.26715087890625,1,0.35987281799316406,0.3306608498096466,-47.200897216796875,130.12722778320312,36.72065734863281,1,0.1936214417219162,0.3615480065345764,-104.53341674804688,124.49703979492188,34.671451568603516,1,0.492265909910202,31.238924026489258,643.03271484375,0.5001921653747559,0.4410151541233063,0.4370701014995575,1,-66.08639526367188,32.86430358886719,644.9430541992188,0.6388632655143738,0.43776822090148926,0.44869476556777954,60984321942,2080519559
3,1,1,2.1406707763671875,1,2.2835845947265625,1,0.349231094121933,0.3140973746776581,-50.87074279785156,133.1464385986328,37.819602966308594,1,0.20162731409072876,0.33885517716407776,-101.77255249023438,128.633544921875,36.1770133972168,1,0.5356316566467285,31.288463592529297,642.9193115234375,0.5001011490821838,0.44089722633361816,0.436830997467041,1,-66.0494155883789,32.93442916870117,644.9949951171875,0.6387736797332764,0.43763020634651184,0.448808878660202,60984330285,2080527902
3,1,1,1.913970947265625,1,2.2617034912109375,1,0.35178229212760925,0.16434359550476074,-49.99095153808594,160.44387817382812,47.75501251220703,1,0.20133361220359802,0.34827184677124023,-101.87383270263672,126.91704559326172,35.55229568481445,1,0.5789927244186401,31.212989807128906,642.7589721679688,0.5000103116035461,0.4410327076911926,0.43647274374961853,1,-66.01103210449219,32.856422424316406,644.9698486328125,0.6387003660202026,0.4377884268760681,0.44873496890068054,60984338619,2080536236
3,1,1,1.8685455322265625,1,2.196868896484375,1,0.3484991192817688,0.12603352963924408,-51.12316131591797,167.42710876464844,50.2967414855957,1,0.2204587310552597,0.3306509852409363,-95.2784652709961,130.1290283203125,36.721317291259766,1,0.6336331367492676,31.23940658569336,642.9754638671875,0.49989622831344604,0.44100677967071533,0.43694618344306946,1,-65.98109436035156,32.90903091430664,645.1168212890625,0.6386026740074158,0.4376997649669647,0.4490532875061035,60984346952,2080544569
3,1,1,2.091888427734375,1,2.2674560546875,1,0.3548564910888672,0.2801722586154938,-48.93080520629883,139.3303985595703,40.07032775878906,1,0.19420962035655975,0.3474845290184021,-104.33057403564453,127.06056213378906,35.60449981689453,1,0.6753636598587036,31.241432189941406,643.0556030273438,0.49980905652046204,0.441013365983963,0.43712037801742554,1,-65.91388702392578,32.89904022216797,645.0017700195312,0.6384907364845276,0.4377046823501587,0.4487888514995575,60984355285,2080552902
3,1,1,2.1424102783203125,1,2.2466583251953125,1,0.3565810024738312,0.32821035385131836,-48.33609390258789,130.57391357421875,36.88323974609375,1,0.1978970766067505,0.36924660205841064,-103.0589370727539,123.0937271118164,34.16068649291992,1,0.7141484022140503,31.216938018798828,643.044189453125,0.49972790479660034,0.4410627782344818,0.43709224462509155,1,-65.86995697021484,32.86510467529297,645.0472412109375,0.6383887529373169,0.437781423330307,0.448872447013855,60984363610,2080561227
3,1,1,2.129150390625,1,2.28045654296875,1,0.36334922909736633,0.3348114490509033,-46.00204086303711,129.3706512451172,36.44524383544922,1,0.19212234020233154,0.35354527831077576,-105.05036163330078,125.95580291748047,35.20237350463867,1,0.7525697946548462,31.234512329101562,642.96484375,0.49964722990989685,0.4410157799720764,0.43692269921302795,1,-65.82044982910156,32.92404556274414,645.066650390625,0.6382810473442078,0.4376620352268219,0.448912113904953,60984371952,2080569569
3,1,1,2.133880615234375,1,2.2635955810546875,1,0.341759592294693,0.3483524024486542,-53.447322845458984,126.90237426757812,35.54692459106445,1,0.21563872694969177,0.37874090671539307,-96.94064331054688,121.36307525634766,33.53080368041992,1,0.8104249835014343,31.199201583862305,642.9422607421875,0.49952614307403564,0.44108620285987854,0.43686893582344055,1,-65.79594421386719,32.90568542480469,645.2006225585938,0.63819819688797,0.4377186596393585,0.44919314980506897,60984380277,2080577894
3,1,1,2.046600341796875,1,2.2515411376953125,1,0.3522050976753235,0.3005063235759735,-49.84514617919922,135.6238555908203,38.72126770019531,1,0.20644912123680115,0.35272106528282166,-100.10972595214844,126.10603332519531,35.257110595703125,1,0.8597148060798645,31.22866439819336,643.0557861328125,0.4994232654571533,0.4410402476787567,0.4371194541454315,1,-65.7529296875,32.925750732421875,645.1624755859375,0.6381179690361023,0.43767186999320984,0.449104368686676,60984388610,2080586227
3,1,1,2.061309814453125,1,2.2185516357421875,1,0.34470507502555847,0.2939443290233612,-52.43157196044922,136.8199920654297,39.1566276550293,1,0.19071762263774872,0.3431450426578522,-105.53480529785156,127.8515853881836,35.89239501953125,1,0.8961623907089233,31.222667694091797,643.1248168945312,0.49934715032577515,0.44106197357177734,0.43726846575737,1,-65.6865234375,32.90760040283203,645.0113525390625,0.6380162239074707,0.43768876791000366,0.4487612545490265,60984396952,2080594569
3,1,1,2.10931396484375,1,2.236175537109375,1,0.3606703579425812,0.3204168975353241,-46.925865173339844,131.99452209472656,37.400299072265625,1,0.1855010986328125,0.31796926259994507,-107.33374786376953,132.440673828125,37.56270980834961,1,0.9239581823348999,31.23628044128418,643.1240844726562,0.49928900599479675,0.44103363156318665,0.43726885318756104,1,-65.64353942871094,32.939002990722656,645.0438232421875,0.6379191279411316,0.43762829899787903,0.448826402425766,60984405285,2080602902
3,1,1,2.1356201171875,1,2.2343902587890625,1,0.34259259700775146,0.3269689679145813,-53.16005325317383,130.80018615722656,36.965606689453125,1,0.2038898468017578,0.3615696132183075,-100.9923095703125,124.49310302734375,34.670040130615234,1,0.9688668251037598,31.150684356689453,643.0799560546875,0.49919503927230835,0.44120562076568604,0.437161386013031,1,-65.62150573730469,32.89366149902344,645.1304931640625,0.6378528475761414,0.4377342164516449,0.449002206325531,60984413619,2080611236
3,1,1,2.0626068115234375,1,2.232452392578125,1,0.35503631830215454,0.2817855477333069,-48.8687858581543,139.03631591796875,39.963340759277344,1,0.19617508351802826,0.3438725471496582,-103.65278625488281,127.71898651123047,35.84409713745117,1,0.9862831830978394,31.25859260559082,643.101806640625,0.49915844202041626,0.4409845173358917,0.437223881483078,1,-65.61003875732422,33.01213455200195,645.2265014648438,0.6378056406974792,0.4375021159648895,0.44922393560409546,60984421944,2080619561
3,1,1,2.11907958984375,1,2.2286529541015625,1,0.35681813955307007,0.29520249366760254,-48.25431442260742,136.59063720703125,39.07318115234375,1,0.2049686759710312,0.3573395609855652,-100.62026977539062,125.26416015625,34.950687408447266,1,1.0229243040084839,31.066442489624023,643.2054443359375,0.4990825355052948,0.4413973093032837,0.43742212653160095,1,-65.58464050292969,32.846229553222656,645.31396484375,0.6377328038215637,0.43785783648490906,0.449383407831192,60984430285,2080627902
3,1,1,2.154144287109375,1,2.2439727783203125,1,0.3465360701084137,0.31919169425964355,-51.800132751464844,132.2178497314453,37.48157501220703,1,0.2041771560907364,0.36688363552093506,-100.89321899414062,123.52444458007812,34.31751251220703,1,1.042724847793579,31.28563690185547,643.2041625976562,0.4990406930446625,0.44094204902648926,0.43744999170303345,1,-65.5619888305664,33.079071044921875,645.2713012695312,0.6376949548721313,0.4373697340488434,0.44931986927986145,60984438619,2080636236
3,1,1,2.1162872314453125,1,2.221527099609375,1,0.35507503151893616,0.3223804533481598,-48.85544204711914,131.6365966796875,37.27003479003906,1,0.2033182829618454,0.3380984961986542,-101.18942260742188,128.77149963378906,36.227169036865234,1,1.0650229454040527,31.180763244628906,643.113525390625,0.498993843793869,0.4411478042602539,0.43723875284194946,1,-65.55934143066406,32.94535827636719,645.355224609375,0.63767009973526,0.43765825033187866,0.44948118925094604,60984446952,2080644569
3,1,1,2.062408447265625,1,2.2233123779296875,1,0.344126433134079,0.3101229965686798,-52.631107330322266,133.87091064453125,38.08327102661133,1,0.2062983214855194,0.34212735295295715,-100.16173553466797,128.03709411621094,35.959938049316406,1,1.0838372707366943,31.219770431518555,643.1820678710938,0.4989546537399292,0.44107601046562195,0.437392920255661,1,-65.52809143066406,32.95919418334961,645.2664794921875,0.6376262903213501,0.4376174211502075,0.4492848217487335,60984455285,2080652902
3,1,1,2.0659332275390625,1,2.2478790283203125,1,0.3597634732723236,0.27401530742645264,-47.23860168457031,140.4526824951172,40.478851318359375,1,0.21643656492233276,0.3654036819934845,-96.66551208496094,123.7942123413086,34.415672302246094,1,1.0994408130645752,31.260845184326172,643.260986328125,0.4989222586154938,0.4410012364387512,0.43756991624832153,1,-65.51343536376953,33.05171203613281,645.3740234375,0.6375699043273926,0.4374407231807709,0.4495271146297455,60984463622,2080661239
3,1,1,2.1088714599609375,1,2.2122802734375,1,0.3509664535522461,0.3572935163974762,-50.272300720214844,125.27256774902344,34.95370864868164,1,0.19483323395252228,0.3288561999797821,-104.11551666259766,130.45616149902344,36.84042739868164,1,1.1073774099349976,31.232105255126953,643.2730102539062,0.4989056885242462,0.4410625398159027,0.43759194016456604,1,-65.50071716308594,32.973716735839844,645.3190307617188,0.6375568509101868,0.4375946819782257,0.44939443469047546,60984471955,2080669572
3,1,1,2.037567138671875,1,2.2193450927734375,1,0.35677894949913025,0.2722202241420746,-48.267826080322266,140.77989196777344,40.597930908203125,1,0.20455674827098846,0.36215445399284363,-100.7623291015625,124.3864974975586,34.631263732910156,1,1.110817313194275,31.260313034057617,643.2843017578125,0.49889856576919556,0.4410054683685303,0.43762049078941345,1,-65.49150848388672,33.04468536376953,645.355224609375,0.6375288367271423,0.4374527335166931,0.44948068261146545,60984480288,2080677905
3,1,1,2.1013946533203125,1,2.26275634765625,1,0.35395994782447815,0.29292115569114685,-49.2399787902832,137.00650024414062,39.22447967529297,1,0.21236033737659454,0.38503727316856384,-98.07122802734375,120.21536254882812,33.11309814453125,1,1.1145721673965454,31.266281127929688,643.260986328125,0.49889057874679565,0.44098997116088867,0.437570720911026,1,-65.49974060058594,33.06694412231445,645.4246826171875,0.6375292539596558,0.4374162256717682,0.44963565468788147,60984488622,2080686239
3,1,1,2.1440277099609375,1,2.23443603515625,1,0.3534877896308899,0.3543173372745514,-49.402801513671875,125.81507110595703,35.15118408203125,1,0.20948174595832825,0.35446447134017944,-99.06391906738281,125.78823852539062,35.141422271728516,1,1.1131755113601685,31.25423812866211,643.283935546875,0.4988935887813568,0.4410180449485779,0.4376188814640045,1,-65.50062561035156,33.02212905883789,645.4708251953125,0.6375203132629395,0.43751534819602966,0.4497290551662445,60984496955,2080694572
3,1,1,2.029388427734375,1,2.2058868408203125,1,0.3551342487335205,0.25415340065956116,-48.83501434326172,144.0731658935547,41.79657745361328,1,0.19243893027305603,0.35287797451019287,-104.94119262695312,126.07744598388672,35.246639251708984,1,1.1094331741333008,31.340421676635742,643.2159423828125,0.49890100955963135,0.4408300518989563,0.4374832808971405,1,-65.49382019042969,33.12330627441406,645.2236328125,0.6375645995140076,0.4372716248035431,0.44920867681503296,60984505288,2080702905
3,1,1,2.027435302734375,1,2.207183837890625,1,0.34149008989334106,0.23587237298488617,-53.540260314941406,147.40545654296875,43.009456634521484,1,0.19858703017234802,0.35176369547843933,-102.82099914550781,126.28054809570312,35.32059860229492,1,1.0830018520355225,31.264568328857422,643.3408203125,0.49895691871643066,0.4410041272640228,0.437743604183197,1,-65.53164672851562,33.03388214111328,645.4190673828125,0.6375969648361206,0.4374838173389435,0.449625700712204,60984513622,2080711239
3,1,1,2.0279083251953125,1,2.2331085205078125,1,0.2862364649772644,0.2622971832752228,-72.59471893310547,142.5886993408203,41.256256103515625,1,0.1240663006901741,0.3434545695781708,-128.51980590820312,127.79515838623047,35.871864318847656,1,0.9011023640632629,31.3187198638916,643.3414916992188,0.4993373453617096,0.44089147448539734,0.43775197863578796,1,-65.66097259521484,33.087928771972656,645.392333984375,0.6378715634346008,0.4373679459095001,0.449603796005249,60984521955,2080719572
3,1,1,2.039215087890625,1,2.220855712890625,1,0.22351831197738647,0.24271029233932495,-94.22335052490234,146.15902709960938,42.55575942993164,1,0.0653071328997612,0.3705955445766449,-148.78317260742188,122.84783935546875,34.07118606567383,1,0.6462804079055786,31.296432495117188,643.4557495117188,0.499870628118515,0.4409524202346802,0.43799611926078796,1,-65.87553405761719,33.065494537353516,645.971435546875,0.6381784677505493,0.4374939799308777,0.45089709758758545,60984530288,2080727905
3,1,1,2.1830291748046875,1,2.1870574951171875,1,0.17709334194660187,0.3209041953086853,-110.23320007324219,131.9057159423828,37.367919921875,1,0.02910848893225193,0.3857458531856537,-161.26641845703125,120.0862045288086,33.06603240966797,1,0.4296879768371582,31.28548812866211,643.5241088867188,0.5003236532211304,0.4409838318824768,0.43814244866371155,1,-66.04067993164062,33.050193786621094,646.2205810546875,0.6384613513946533,0.43755972385406494,0.45146870613098145,60984538622,2080736239
3,1,1,2.1817169189453125,1,2.217254638671875,1,0.1656533181667328,0.3524197041988373,-114.1783447265625,126.16098022460938,35.27705001831055,1,0.02082909643650055,0.394453763961792,-164.12161254882812,118.49890899658203,32.48833465576172,1,0.2903852164745331,31.341115951538086,643.4437255859375,0.5006148219108582,0.4408573806285858,0.43797567486763,1,-66.15228271484375,33.10392761230469,646.76416015625,0.6385622620582581,0.43752333521842957,0.45267388224601746,60984546955,2080744572
3,1,1,2.2133941650390625,1,2.195831298828125,1,0.17413511872291565,0.36258232593536377,-111.25336456298828,124.30850982666016,34.60282516479492,1,0.0172133669257164,0.3827168047428131,-165.36851501464844,120.63833618164062,33.267032623291016,1,0.2655366063117981,31.2838191986084,643.39794921875,0.5006669163703918,0.44097018241882324,0.4378683269023895,1,-66.1508560180664,33.05828094482422,646.5400390625,0.6386131048202515,0.43758678436279297,0.45218318700790405,60984555288,2080752905
4,1,1,2.215087890625,1,2.242919921875,1,0.1649785041809082,0.3546384572982788,-114.41105651855469,125.75652313232422,35.1298942565918,1,0.007857689633965492,0.38551658391952515,-168.5948486328125,120.12800598144531,33.08123016357422,1,0.2717503011226654,31.312355041503906,643.4215698242188,0.500653862953186,0.4409140944480896,0.43792352080345154,1,-66.14901733398438,33.06354522705078,646.515625,0.638615071773529,0.43757253885269165,0.45213091373443604,60984563622,2080761239
4,1,1,2.157501220703125,1,2.19854736328125,1,0.17466282844543457,0.32583171129226685,-111.07137298583984,131.0074920654297,37.04106903076172,1,0.018649322912096977,0.3789950907230377,-164.87330627441406,121.3167495727539,33.51395034790039,1,0.26553472876548767,31.28413963317871,643.398193359375,0.5006669163703918,0.4409695267677307,0.4378688633441925,1,-66.15233612060547,33.03948974609375,646.4820556640625,0.6386301517486572,0.43761762976646423,0.4520556926727295,60984571955,2080769572
4,1,1,2.16656494140625,1,2.23760986328125,1,0.17463237047195435,0.3299030363559723,-111.08187866210938,130.26536560058594,36.77094268798828,1,0.02097790688276291,0.3945738971233368,-164.07029724121094,118.47704315185547,32.48030090332031,1,0.2605670094490051,31.26654052734375,643.3974609375,0.5006772875785828,0.4410059154033661,0.43786486983299255,1,-66.16024017333984,33.015960693359375,646.4918212890625,0.6386442184448242,0.4376676082611084,0.45207518339157104,60984580288,2080777905
4,1,1,2.185333251953125,1,2.2281341552734375,1,0.16826358437538147,0.3301464319229126,-113.2781753540039,130.2209930419922,36.7547721862793,1,0.01567976363003254,0.3982129693031311,-165.89739990234375,117.8136978149414,32.23887252807617,1,0.25806954503059387,31.283363342285156,643.3981323242188,0.500682532787323,0.44097110629081726,0.437868595123291,1,-66.16886901855469,33.032493591308594,646.5130615234375,0.6386569738388062,0.4376363456249237,0.45212534070014954,60984588624,2080786241
4,1,1,2.142303466796875,1,2.2498321533203125,1,0.17175275087356567,0.3319404125213623,-112.07492065429688,129.89398193359375,36.63576126098633,1,0.01596604660153389,0.4160501956939697,-165.79864501953125,114.562255859375,31.055559158325195,1,0.2556822896003723,31.266334533691406,643.4210205078125,0.5006875395774841,0.441009521484375,0.43791598081588745,1,-66.1717758178711,32.98701477050781,646.383544921875,0.6386942267417908,0.43771252036094666,0.45183995366096497,60984596957,2080794574
4,1,1,2.2069091796875,1,2.22918701171875,1,0.1672903597354889,0.34946978092193604,-113.6137924194336,126.69866943359375,35.47282028198242,1,0.017066266387701035,0.3988059461116791,-165.4192352294922,117.70557403564453,32.1995964050293,1,0.251956045627594,31.269805908203125,643.4434814453125,0.5006953477859497,0.44100528955459595,0.43796518445014954,1,-66.18386840820312,32.991065979003906,646.4281005859375,0.6387085318565369,0.4377102553844452,0.45193931460380554,60984605290,2080802907
4,1,1,2.1544342041015625,1,2.22113037109375,1,0.16501154005527496,0.3356477916240692,-114.39966583251953,129.2181854248047,36.389808654785156,1,0.024153893813490868,0.4001041352748871,-162.9750213623047,117.46896362304688,32.11341094970703,1,0.24959617853164673,31.269859313964844,643.4662475585938,0.5007003545761108,0.44100818037986755,0.43801456689834595,1,-66.19343566894531,32.98700714111328,646.3901977539062,0.6387374401092529,0.4377134144306183,0.45185890793800354,60984613625,2080811241
4,1,1,2.208404541015625,1,2.2140045166015625,1,0.17234660685062408,0.36556702852249146,-111.87012481689453,123.76445770263672,34.40477752685547,1,0.03778048977255821,0.4172413945198059,-158.2758331298828,114.34514617919922,30.97642707824707,1,0.2427719235420227,31.264476776123047,643.4549560546875,0.5007146000862122,0.44101783633232117,0.43798935413360596,1,-66.20651245117188,32.97703552246094,646.3760986328125,0.6387679576873779,0.43773210048675537,0.4518299996852875,60984621958,2080819574
4,1,1,2.153594970703125,1,2.236175537109375,1,0.16272962093353271,0.31584522128105164,-115.18659973144531,132.82785034179688,37.703609466552734,1,0.03268717974424362,0.4112985134124756,-160.03228759765625,115.42840576171875,31.370763778686523,1,0.2353772521018982,31.272613525390625,643.4776611328125,0.500730037689209,0.4410039782524109,0.43803974986076355,1,-66.21849822998047,32.9951057434082,646.361328125,0.6387962698936462,0.43769267201423645,0.4518033266067505,60984630291,2080827907
4,1,1,2.202423095703125,1,2.2324676513671875,1,0.15702123939990997,0.36110273003578186,-117.1551513671875,124.57820892333984,34.701019287109375,1,0.02226625755429268,0.4114721715450287,-163.62599182128906,115.39676666259766,31.359210968017578,1,0.22723424434661865,31.267520904541016,643.466064453125,0.5007470846176147,0.441012978553772,0.4380137622356415,1,-66.23130798339844,32.98866653442383,646.3700561523438,0.6388207674026489,0.4377071261405945,0.45182400941848755,60984638625,2080836241
4,1,1,2.17236328125,1,2.2385711669921875,1,0.14971323311328888,0.3211561143398285,-119.67534637451172,131.8597869873047,37.35121536254883,1,0.01819075085222721,0.4004317820072174,-165.0314483642578,117.40921783447266,32.09174728393555,1,0.21171852946281433,31.281084060668945,643.5466918945312,0.5007794499397278,0.4409955143928528,0.43819063901901245,1,-66.2318115234375,32.998199462890625,646.3231201171875,0.6388329863548279,0.4376809597015381,0.45172423124313354,60984646958,2080844574
4,1,1,2.183563232421875,1,2.2144927978515625,1,0.15489812195301056,0.34898701310157776,-117.88732147216797,126.78668975830078,35.50483322143555,1,0.015895575284957886,0.39279741048812866,-165.82296752929688,118.80081939697266,32.598262786865234,1,0.19415749609470367,31.285463333129883,643.56884765625,0.5008162260055542,0.44098934531211853,0.43823933601379395,1,-66.24217224121094,32.995262145996094,646.2862548828125,0.6388633251190186,0.4376819431781769,0.45164647698402405,60984655291,2080852907
4,1,1,2.187896728515625,1,2.2289581298828125,1,0.13459977507591248,0.342381089925766,-124.88729095458984,127.99083709716797,35.94308853149414,1,0.019395386800169945,0.3995559513568878,-164.61602783203125,117.56889343261719,32.149803161621094,1,0.17863525450229645,31.285808563232422,643.603271484375,0.500848650932312,0.44099316000938416,0.4383140206336975,1,-66.25675201416016,32.988014221191406,646.25927734375,0.6389000415802002,0.43769317865371704,0.45159050822257996,60984663625,2080861241
4,1,1,2.128997802734375,1,2.23748779296875,1,0.15491639077663422,0.30935898423194885,-117.88101959228516,134.01014709472656,38.133975982666016,1,0.012648824602365494,0.41378432512283325,-166.94261169433594,114.97530364990234,31.205814361572266,1,0.1554066240787506,31.293794631958008,643.5459594726562,0.5008971691131592,0.44096893072128296,0.438190758228302,1,-66.26870727539062,32.99211120605469,646.1988525390625,0.6389392614364624,0.4376763701438904,0.4514632523059845,60984671958,2080869574
4,1,1,2.170196533203125,1,2.2246856689453125,1,0.15430402755737305,0.35358038544654846,-118.09220886230469,125.94941711425781,35.20005416870117,1,0.013701353222131729,0.41894200444221497,-166.57965087890625,114.03515625,30.863584518432617,1,0.1328442096710205,31.282102584838867,643.5234985351562,0.5009443759918213,0.4409901797771454,0.438140332698822,1,-66.27922058105469,32.98389434814453,646.1949462890625,0.6389620304107666,0.437692791223526,0.4514559507369995,60984680291,2080877907
4,1,1,2.1648101806640625,1,2.2238616943359375,1,0.15684399008750916,0.32567328214645386,-117.2162857055664,131.03639221191406,37.05153274536133,1,0.017783990129828453,0.4053940176963806,-165.17172241210938,116.50472259521484,31.762447357177734,1,0.1090511828660965,31.279457092285156,643.477294921875,0.5009942054748535,0.4409894645214081,0.43803974986076355,1,-66.2898941040039,32.98701477050781,646.1593017578125,0.6389927268028259,0.4376814365386963,0.45138177275657654,60984688625,2080886241
4,1,1,2.18389892578125,1,2.240875244140625,1,0.16870072484016418,0.3454853892326355,-113.12743377685547,127.42497253417969,35.73714828491211,1,0.017987526953220367,0.4202325940132141,-165.10154724121094,113.7999267578125,30.777942657470703,1,0.08826078474521637,31.275775909423828,643.4658203125,0.5010376572608948,0.4409955143928528,0.43801429867744446,1,-66.30180358886719,32.98199462890625,646.1445922851562,0.6390209794044495,0.43768978118896484,0.45135194063186646,60984696958,2080894574
4,1,1,2.2012481689453125,1,2.2357330322265625,1,0.16508857905864716,0.3588220179080963,-114.37309265136719,124.99395751953125,34.8523063659668,1,0.016730228438973427,0.42695796489715576,-165.5351104736328,112.5739974975586,30.331771850585938,1,0.07074946165084839,31.262393951416016,643.3974609375,0.5010743141174316,0.4410141408443451,0.4378642141819,1,-66.32354736328125,32.963600158691406,646.1635131835938,0.6390615701675415,0.4377303421497345,0.4513949155807495,60984705291,2080902907
4,1,1,2.201263427734375,1,2.2475738525390625,1,0.16968640685081482,0.35357269644737244,-112.78751373291016,125.95081329345703,35.2005500793457,1,0.022968284785747528,0.4092833697795868,-163.38389587402344,115.7957534790039,31.50442123413086,1,0.056660205125808716,31.26599884033203,643.3858642578125,0.5011038184165955,0.4410051107406616,0.437839537858963,1,-66.34160614013672,32.966522216796875,646.1484375,0.6391025185585022,0.43772217631340027,0.4513667821884155,60984713624,2080911240
4,1,1,2.16943359375,1,2.2154388427734375,1,0.17977778613567352,0.33466172218322754,-109.30745697021484,129.39794921875,36.455204010009766,1,0.030412722378969193,0.4054214060306549,-160.816650390625,116.49972534179688,31.760623931884766,1,0.04743596166372299,31.260765075683594,643.3743896484375,0.5011230707168579,0.4410144090652466,0.437813937664032,1,-66.3626708984375,32.946495056152344,646.119384765625,0.6391533017158508,0.4377595782279968,0.4513057470321655,60984721961,2080919577
4,1,1,2.1898956298828125,1,2.23345947265625,1,0.16619059443473816,0.34805843234062195,-113.99305725097656,126.95596313476562,35.56637954711914,1,0.036536991596221924,0.39831990003585815,-158.7046661376953,117.794189453125,32.2318229675293,1,0.0401575043797493,31.264293670654297,643.4658203125,0.5011383295059204,0.4410192370414734,0.43801283836364746,1,-66.38455200195312,32.935943603515625,646.1627807617188,0.6391882300376892,0.4377872943878174,0.4514027535915375,60984730294,2080927910
4,1,1,2.1901397705078125,1,2.249359130859375,1,0.16153384745121002,0.34189358353614807,-115.59896087646484,128.07972717285156,35.97538375854492,1,0.02533804625272751,0.41201624274253845,-162.56668090820312,115.29759216308594,31.323108673095703,1,0.023578353226184845,31.26471710205078,643.4771728515625,0.5011729598045349,0.44101986289024353,0.43803736567497253,1,-66.40545654296875,32.93992614746094,646.2064208984375,0.6392210721969604,0.4377850592136383,0.4515019953250885,60984738627,2080936243
4,1,1,2.18182373046875,1,2.234405517578125,1,0.153133362531662,0.3643326759338379,-118.49590301513672,123.98943328857422,34.48674392700195,1,0.025635376572608948,0.4077102839946747,-162.4641571044922,116.08248138427734,31.60879898071289,1,0.008104581385850906,31.26474952697754,643.5115966796875,0.501205325126648,0.4410243332386017,0.4381120800971985,1,-66.42842102050781,32.935096740722656,646.2958374023438,0.6392471790313721,0.43780726194381714,0.451699435710907,60984746961,2080944577
4,1,1,2.1534576416015625,1,2.2464447021484375,1,0.13934241235256195,0.3414004445075989,-123.25177001953125,128.16958618164062,36.00815200805664,1,0.031117985025048256,0.4085876941680908,-160.5734405517578,115.92256164550781,31.550561904907227,1,-0.017466384917497635,31.269210815429688,643.5230102539062,0.5012587904930115,0.4410165548324585,0.43813756108283997,1,-66.44466400146484,32.93548583984375,646.2451782226562,0.6392930150032043,0.43779948353767395,0.45159366726875305,60984755294,2080952910
4,1,1,2.1583709716796875,1,2.2491455078125,1,0.14782723784446716,0.328835666179657,-120.32573699951172,130.45989990234375,36.841773986816406,1,0.027877697721123695,0.41414153575897217,-161.6908721923828,114.9101791381836,31.18212890625,1,-0.045481108129024506,31.2647705078125,643.51171875,0.5013173818588257,0.44102421402931213,0.4381123483181,1,-66.46330261230469,32.91744613647461,646.25341796875,0.639329731464386,0.4378378987312317,0.4516129195690155,60984763627,2080961243
4,1,1,2.148651123046875,1,2.252593994140625,1,0.15083540976047516,0.3311050832271576,-119.28836822509766,130.0462646484375,36.691158294677734,1,0.026020223274827003,0.4182072579860687,-162.3314208984375,114.16907501220703,30.912368774414062,1,-0.07739308476448059,31.265411376953125,643.4998779296875,0.5013840794563293,0.44102126359939575,0.4380868673324585,1,-66.47866821289062,32.905277252197266,646.2392578125,0.6393649578094482,0.43786105513572693,0.45158398151397705,60984771961,2080969577
4,1,1,2.18524169921875,1,2.288360595703125,1,0.1515052616596222,0.3559560477733612,-119.05735778808594,125.5163803100586,35.04243469238281,1,0.0412728488445282,0.4326769709587097,-157.0714874267578,111.53150177001953,29.952421188354492,1,-0.10497374087572098,31.26363754272461,643.4307861328125,0.5014418363571167,0.44101566076278687,0.4379366636276245,1,-66.49394989013672,32.89793014526367,646.1403198242188,0.6394205093383789,0.4378626346588135,0.45137277245521545,60984780294,2080977910
4,1,1,2.1980438232421875,1,2.24847412109375,1,0.15203626453876495,0.3439370393753052,-118.87425231933594,127.70722198486328,35.839866638183594,1,0.02484687976539135,0.402505099773407,-162.73606872558594,117.03133392333984,31.9540958404541,1,-0.12129805982112885,31.258102416992188,643.385498046875,0.501475989818573,0.4410210847854614,0.437837690114975,1,-66.51834869384766,32.881065368652344,646.1947631835938,0.6394580006599426,0.437904953956604,0.4514932334423065,60984788627,2080986243
4,1,1,2.18475341796875,1,2.2672576904296875,1,0.1625286489725113,0.35428696870803833,-115.25589752197266,125.82061004638672,35.153175354003906,1,0.026875507086515427,0.42429617047309875,-162.03646850585938,113.05917358398438,30.50840187072754,1,-0.1344601958990097,31.26323699951172,643.37353515625,0.501503586769104,0.4410088360309601,0.437812477350235,1,-66.53167724609375,32.89204406738281,646.1810302734375,0.639488935470581,0.4378803074359894,0.45146816968917847,60984796961,2080994577
4,1,1,2.2049102783203125,1,2.25750732421875,1,0.165728360414505,0.35637596249580383,-114.15245819091797,125.43982696533203,35.01457214355469,1,0.02997540682554245,0.41036713123321533,-160.96746826171875,115.59820556640625,31.43255043029785,1,-0.14316686987876892,31.258617401123047,643.3280029296875,0.5015218257904053,0.44101232290267944,0.437713086605072,1,-66.53068542480469,32.87077713012695,646.08642578125,0.6395096778869629,0.4379113018512726,0.4512607753276825,60984805294,2081002910
4,1,1,2.1989593505859375,1,2.2472076416015625,1,0.17128998041152954,0.33978453278541565,-112.23451232910156,128.46414184570312,36.11534118652344,1,0.02805144712328911,0.4135880768299103,-161.63095092773438,115.01109313964844,31.218807220458984,1,-0.14887620508670807,31.260189056396484,643.3621826171875,0.5015336871147156,0.4410135746002197,0.43778738379478455,1,-66.53813171386719,32.86351013183594,646.0850219726562,0.6395255923271179,0.43792614340782166,0.45125824213027954,60984813627,2081011243
4,1,1,2.223724365234375,1,2.2457275390625,1,0.17402340471744537,0.3520452380180359,-111.29188537597656,126.2292251586914,35.30192184448242,1,0.030253559350967407,0.41224873065948486,-160.87155151367188,115.2552261352539,31.307680130004883,1,-0.15188290178775787,31.26016616821289,643.3280029296875,0.5015400648117065,0.4410091042518616,0.43771323561668396,1,-66.54060363769531,32.872535705566406,646.0610961914062,0.639536440372467,0.4379041790962219,0.4512085020542145,60984821961,2081019577
4,1,1,2.183319091796875,1,2.259033203125,1,0.16684409976005554,0.3605513572692871,-113.7677001953125,124.67871856689453,34.73756408691406,1,0.031152280047535896,0.40414491295814514,-160.5615997314453,116.73236846923828,31.845378875732422,1,-0.1524079442024231,31.25384521484375,643.3164672851562,0.5015411376953125,0.4410206973552704,0.43768733739852905,1,-66.54315948486328,32.848609924316406,646.08349609375,0.639536440372467,0.4379567503929138,0.4512540102005005,60984830294,2081027910
4,1,1,2.2177734375,1,2.2642059326171875,1,0.17351025342941284,0.358569473028183,-111.46884155273438,125.03998565673828,34.869083404541016,1,0.0271258857101202,0.41741782426834106,-161.9501190185547,114.31295013427734,30.964818954467773,1,-0.1531330645084381,31.256927490234375,643.3282470703125,0.5015426874160767,0.4410158693790436,0.4377133548259735,1,-66.54121398925781,32.85786056518555,646.0960693359375,0.6395292282104492,0.4379393756389618,0.45128199458122253,60984838627,2081036243
4,1,1,2.22198486328125,1,2.2886810302734375,1,0.17030131816864014,0.3658709228038788,-112.57545471191406,123.70906066894531,34.3846549987793,1,0.033396538347005844,0.422685831785202,-159.78765869140625,113.35269927978516,30.615270614624023,1,-0.1468382179737091,31.255958557128906,643.32763671875,0.5015295147895813,0.4410178065299988,0.4377118945121765,1,-66.53975677490234,32.85704040527344,646.1192016601562,0.6395207047462463,0.4379441738128662,0.4513314962387085,60984846961,2081044577
4,1,1,2.22833251953125,1,2.2841949462890625,1,0.16394613683223724,0.3587404787540436,-114.76708221435547,125.00881958007812,34.857688903808594,1,0.024998687207698822,0.40550491213798523,-162.6837158203125,116.48451232910156,31.755102157592773,1,-0.14375589787960052,31.255294799804688,643.3392333984375,0.5015230178833008,0.4410206973552704,0.43773698806762695,1,-66.53652954101562,32.85337448120117,646.15576171875,0.6395052075386047,0.437956839799881,0.45140910148620605,60984855297,2081052913
4,1,1,2.230224609375,1,2.2504119873046875,1,0.1707085818052292,0.35691046714782715,-112.43501281738281,125.3423843383789,34.97914505004883,1,0.03604022413492203,0.4121171832084656,-158.87599182128906,115.27918243408203,31.31645965576172,1,-0.1375303566455841,31.25794219970703,643.33935546875,0.5015100240707397,0.44101524353027344,0.43773749470710754,1,-66.53269958496094,32.866214752197266,646.1802368164062,0.6394913792610168,0.43793362379074097,0.45146286487579346,60984863630,2081061246
4,1,1,2.17633056640625,1,2.281158447265625,1,0.1680738776922226,0.32803162932395935,-113.34359741210938,130.6064910888672,36.89509201049805,1,0.027589159086346626,0.4339110553264618,-161.7903594970703,111.30657196044922,29.87049102783203,1,-0.13196837902069092,31.25935173034668,643.3734130859375,0.5014983415603638,0.4410168528556824,0.4378116726875305,1,-66.52401733398438,32.86677932739258,646.1817626953125,0.6394729614257812,0.43793269991874695,0.45146444439888,60984871964,2081069580
4,1,1,2.2772674560546875,1,2.307708740234375,1,0.15821059048175812,0.3789147138595581,-116.74500274658203,121.33140563964844,33.519290924072266,1,0.03367875888943672,0.42476972937583923,-159.69033813476562,112.97284698486328,30.477006912231445,1,-0.12378676235675812,31.266870498657227,643.4083862304688,0.5014812350273132,0.4410059452056885,0.437888503074646,1,-66.51819610595703,32.889671325683594,646.1831665039062,0.6394605040550232,0.4378855526447296,0.451469361782074,60984880297,2081077913
4,1,1,2.2434539794921875,1,2.3074951171875,1,0.15742255747318268,0.3637240529060364,-117.01675415039062,124.10040283203125,34.527069091796875,1,0.03277503326535225,0.4286015033721924,-160.0019989013672,112.2743911743164,30.222787857055664,1,-0.11315572261810303,31.26927375793457,643.419189453125,0.5014589428901672,0.44100242853164673,0.437912255525589,1,-66.49495697021484,32.889198303222656,646.0819702148438,0.6394366025924683,0.43787267804145813,0.45124590396881104,60984888630,2081086246
4,1,1,2.23724365234375,1,2.2837371826171875,1,0.1613444834947586,0.36377790570259094,-115.66426849365234,124.090576171875,34.52350997924805,1,0.03756999969482422,0.42136985063552856,-158.3484344482422,113.59260559082031,30.70252799987793,1,-0.09822557866573334,31.282615661621094,643.4652099609375,0.5014276504516602,0.44098085165023804,0.43801403045654297,1,-66.48973083496094,32.91188049316406,646.1298828125,0.6394142508506775,0.4378323554992676,0.4513514041900635,60984896964,2081094580
4,1,1,2.208221435546875,1,2.2896270751953125,1,0.15256504714488983,0.3350229859352112,-118.69188690185547,129.3321075439453,36.43122863769531,1,0.031327638775110245,0.4269123077392578,-160.5011444091797,112.5822982788086,30.33484649658203,1,-0.08204194903373718,31.292667388916016,643.442626953125,0.5013937950134277,0.44095706939697266,0.43796637654304504,1,-66.4834976196289,32.933677673339844,646.1779174804688,0.6393896341323853,0.43779388070106506,0.451456755399704,60984905297,2081102913
4,1,1,2.168304443359375,1,2.2897491455078125,1,0.1375633031129837,0.3167678713798523,-123.86531066894531,132.65965270996094,37.64242935180664,1,0.027602778747677803,0.4208371043205261,-161.78567504882812,113.689697265625,30.737918853759766,1,-0.06455592811107635,31.299964904785156,643.4887084960938,0.5013571977615356,0.4409480690956116,0.43806734681129456,1,-66.46636199951172,32.938194274902344,646.133056640625,0.6393648982048035,0.43777841329574585,0.45135682821273804,60984913630,2081111246
4,1,1,2.26190185546875,1,2.293914794921875,1,0.15737606585025787,0.3556426763534546,-117.03279113769531,125.573486328125,35.06324005126953,1,0.03775150701403618,0.41763031482696533,-158.2858428955078,114.27424621582031,30.95067596435547,1,-0.04935338348150253,31.316593170166016,643.4888916015625,0.5013253688812256,0.440913587808609,0.438070148229599,1,-66.46199035644531,32.96055221557617,646.1712646484375,0.6393466591835022,0.43773746490478516,0.45144161581993103,60984921964,2081119580
4,1,1,2.278839111328125,1,2.3006744384765625,1,0.14739620685577393,0.35991355776786804,-120.4743881225586,124.79497528076172,34.77989959716797,1,0.03526628017425537,0.43292421102523804,-159.1428680419922,111.48645782470703,29.9359130859375,1,-0.05826843902468681,31.322101593017578,643.5116577148438,0.5013439655303955,0.4409051835536957,0.4381203055381775,1,-66.47100830078125,32.97600173950195,646.3101806640625,0.6393318176269531,0.43772459030151367,0.4517455995082855,60984930297,2081127913
4,1,1,2.242462158203125,1,2.31585693359375,1,0.128129780292511,0.35896340012550354,-127.11849212646484,124.9681625366211,34.84291458129883,1,0.014615422114729881,0.4169864058494568,-166.264404296875,114.39160919189453,30.993383407592773,1,-0.0877590924501419,31.327024459838867,643.4768676757812,0.501405656337738,0.44089028239250183,0.438045471906662,1,-66.4737548828125,32.97631072998047,646.2376098632812,0.6393548846244812,0.43771398067474365,0.45158955454826355,60984938630,2081136246
4,1,1,2.2573394775390625,1,2.3203277587890625,1,0.14109888672828674,0.3482414782047272,-122.64604187011719,126.9225845336914,35.55427551269531,1,0.026937711983919144,0.40997636318206787,-162.01502990722656,115.66942596435547,31.458446502685547,1,-0.08139373362064362,31.353103637695312,643.40869140625,0.5013923645019531,0.4408271014690399,0.43790122866630554,1,-66.47181701660156,33.00613021850586,646.3572998046875,0.6393219828605652,0.4376688003540039,0.4518517553806305,60984946964,2081144580
4,1,1,2.25238037109375,1,2.3091583251953125,1,0.1302518993616104,0.36114317178726196,-126.38666534423828,124.57084655761719,34.69827651977539,1,0.023997381329536438,0.40180400013923645,-163.0290069580078,117.15911102294922,32.000640869140625,1,-0.05937802419066429,31.362995147705078,643.4200439453125,0.5013462901115417,0.44080811738967896,0.43792724609375,1,-66.45008087158203,33.01171112060547,646.3355102539062,0.6392821669578552,0.4376542866230011,0.45180079340934753,60984955297,2081152913
4,1,1,2.26171875,1,2.3056488037109375,1,0.1402173936367035,0.3682045638561249,-122.95002746582031,123.28367614746094,34.22983169555664,1,0.025335367769002914,0.41084563732147217,-162.56759643554688,115.51097106933594,31.400768280029297,1,-0.03499490022659302,31.37948989868164,643.4544677734375,0.5012952089309692,0.44077855348587036,0.43800419569015503,1,-66.43034362792969,33.02460479736328,646.306396484375,0.639248251914978,0.43762362003326416,0.4517355263233185,60984963630,2081161246
4,1,1,2.2612152099609375,1,2.3396148681640625,1,0.1438770890235901,0.3673888146877289,-121.6879653930664,123.43236541748047,34.2839469909668,1,0.03565891832113266,0.41901895403862,-159.00747680664062,114.0211410522461,30.858489990234375,1,-0.017689324915409088,31.384408950805664,643.431884765625,0.5012590885162354,0.4407653212547302,0.43795591592788696,1,-66.41284942626953,33.026817321777344,646.2506103515625,0.6392253637313843,0.4376114010810852,0.45161160826683044,60984971964,2081169580
4,1,1,2.2374420166015625,1,2.305572509765625,1,0.13809742033481598,0.3645718991756439,-123.68110656738281,123.94584655761719,34.47080612182617,1,0.025452185422182083,0.42468515038490295,-162.52731323242188,112.98827362060547,30.482587814331055,1,-0.0020246636122465134,31.404869079589844,643.3975830078125,0.5012262463569641,0.44071832299232483,0.4378843903541565,1,-66.39485168457031,33.03819274902344,646.182373046875,0.6392043828964233,0.4375784993171692,0.45146191120147705,60984980297,2081177913
4,1,1,2.2434844970703125,1,2.3004150390625,1,0.14364385604858398,0.3699336349964142,-121.76839447021484,122.96849822998047,34.115081787109375,1,0.022892769426107407,0.40741705894470215,-163.40994262695312,116.13593292236328,31.628253936767578,1,0.012669009156525135,31.414596557617188,643.3965454101562,0.50119549036026,0.4406980276107788,0.4378834664821625,1,-66.37677001953125,33.043373107910156,646.1639404296875,0.6391713619232178,0.43756529688835144,0.451418936252594,60984988633,2081186249
4,1,1,2.288787841796875,1,2.340728759765625,1,0.14257819950580597,0.3891533613204956,-122.1358871459961,119.46508026123047,32.83995819091797,1,0.013497321866452694,0.4121295213699341,-166.64999389648438,115.27693939208984,31.31559944152832,1,0.026286683976650238,31.416397094726562,643.373779296875,0.5011670589447021,0.4406912326812744,0.43783435225486755,1,-66.35871887207031,33.04079055786133,646.073486328125,0.6391557455062866,0.43755820393562317,0.451219379901886,60984996967,2081194583
4,1,1,2.2494049072265625,1,2.31060791015625,1,0.14381514489650726,0.3794166147708893,-121.7093276977539,121.23992919921875,33.4859504699707,1,0.018988993018865585,0.42812031507492065,-164.7561798095703,112.36213684082031,30.254640579223633,1,0.03428901359438896,31.431190490722656,643.4083251953125,0.5011502504348755,0.44066524505615234,0.43791133165359497,1,-66.3557357788086,33.048667907714844,646.14501953125,0.6391323208808899,0.4375517666339874,0.45137423276901245,60985005300,2081202916
4,1,1,2.2877960205078125,1,2.3302764892578125,1,0.1425442099571228,0.39899808168411255,-122.14762115478516,117.67058563232422,32.1867790222168,1,0.01685192994773388,0.410613477230072,-165.49314880371094,115.55329895019531,31.416162490844727,1,0.04177084192633629,31.43329429626465,643.385498046875,0.5011345744132996,0.4406577944755554,0.4378620982170105,1,-66.34213256835938,33.044010162353516,646.0984497070312,0.6391153335571289,0.4375550150871277,0.451270192861557,60985013633,2081211249
4,1,1,2.236175537109375,1,2.328399658203125,1,0.14807118475437164,0.37962937355041504,-120.24161529541016,121.20114135742188,33.471839904785156,1,0.025521229952573776,0.40414053201675415,-162.50350952148438,116.73318481445312,31.845666885375977,1,0.04858940839767456,31.4440975189209,643.4423828125,0.5011202692985535,0.44064298272132874,0.43798694014549255,1,-66.34002685546875,33.04894256591797,646.1351318359375,0.6391021609306335,0.437549889087677,0.45134952664375305,60985021967,2081219583
4,1,1,2.257598876953125,1,2.286285400390625,1,0.14077620208263397,0.3788755536079407,-122.75731658935547,121.33856201171875,33.52180480957031,1,0.02221478708088398,0.3806864321231842,-163.64373779296875,121.0084457397461,33.401737213134766,1,0.058563753962516785,31.44671630859375,643.4420166015625,0.5010994076728821,0.4406375288963318,0.4379865527153015,1,-66.33541107177734,33.05473327636719,646.1962890625,0.6390777826309204,0.43754637241363525,0.45148128271102905,60985030301,2081227916
4,1,1,2.272918701171875,1,2.350311279296875,1,0.1517883688211441,0.37806403636932373,-118.95973205566406,121.48648071289062,33.57567596435547,1,0.024202123284339905,0.4219687283039093,-162.95840454101562,113.48343658447266,30.66281509399414,1,0.06427721679210663,31.446758270263672,643.4765625,0.501087486743927,0.4406420588493347,0.43806153535842896,1,-66.32890319824219,33.06058883666992,646.24462890625,0.63905268907547,0.4375409185886383,0.451585054397583,60985038634,2081236249
4,1,1,2.2583770751953125,1,2.28436279296875,1,0.1488165259361267,0.38349953293800354,-119.98458099365234,120.49568176269531,33.215057373046875,1,0.02107507362961769,0.3930210769176483,-164.03677368164062,118.76007080078125,32.58334732055664,1,0.07678462564945221,31.446992874145508,643.4537353515625,0.5010613799095154,0.44063857197761536,0.438012033700943,1,-66.31710815429688,33.06840515136719,646.2589111328125,0.6390247941017151,0.43752673268318176,0.4516143798828125,60985046968,2081244583
4,1,1,2.276153564453125,1,2.308624267578125,1,0.14472731947898865,0.3844071924686432,-121.39476013183594,120.33021545410156,33.15487289428711,1,0.028104711323976517,0.4001997113227844,-161.61257934570312,117.45152282714844,32.107154846191406,1,0.14673952758312225,31.454975128173828,643.4765625,0.5009150505065918,0.4406251907348633,0.43806272745132446,1,-66.26821899414062,33.099185943603516,646.2340698242188,0.6389293670654297,0.4374597668647766,0.451554536819458,60985055301,2081252916
4,1,1,2.2823028564453125,1,2.3276824951171875,1,0.2207234501838684,0.2856021821498871,-95.18717193603516,138.3406219482422,39.71009063720703,1,0.08342806994915009,0.3285219967365265,-142.53408813476562,130.51708984375,36.862586975097656,1,0.3131261467933655,31.48923110961914,643.4759521484375,0.5005669593811035,0.44055432081222534,0.438066303730011,1,-66.11134338378906,33.17570495605469,645.9822998046875,0.6386642456054688,0.4372669756412506,0.45098796486854553,60985063634,2081261249
4,1,1,2.054290771484375,1,2.322845458984375,1,0.2657046914100647,0.09407337754964828,-79.67518615722656,173.25289916992188,52.41712951660156,1,0.10625352710485458,0.25956934690475464,-134.66261291503906,143.0859375,41.437255859375,1,0.491331547498703,31.566007614135742,643.4771118164062,0.5001941323280334,0.4403955340385437,0.438079833984375,1,-65.96285247802734,33.25660705566406,645.9654541015625,0.6383602023124695,0.43709760904312134,0.45093077421188354,60985071968,2081269583
4,1,1,2.254547119140625,1,2.3413238525390625,1,0.2823895812034607,0.2330392301082611,-73.92133331298828,147.92190551757812,43.19740295410156,1,0.12447177618741989,0.2427416443824768,-128.37997436523438,146.1533203125,42.553680419921875,1,0.5713629722595215,31.65163230895996,643.5906372070312,0.5000268220901489,0.4402332603931427,0.4383383095264435,1,-65.88304138183594,33.35047912597656,646.0272216796875,0.6381794810295105,0.4369121193885803,0.45106029510498047,60985080301,2081277916
4,1,1,2.0930938720703125,1,2.3062286376953125,1,0.2820262312889099,0.09519605338573456,-74.046630859375,173.0482635498047,52.342613220214844,1,0.1307200938463211,0.2206537425518036,-126.2252197265625,150.17958068847656,44.019046783447266,1,0.6078023314476013,31.663330078125,643.5673828125,0.4999505579471588,0.44020596146583557,0.438289612531662,1,-65.82925415039062,33.37529754638672,645.967529296875,0.6380821466445923,0.4368526041507721,0.45092350244522095,60985088634,2081286249
4,1,1,2.1844329833984375,1,2.3259735107421875,1,0.2750059962272644,0.1896100789308548,-76.46759796142578,155.83827209472656,46.07868576049805,1,0.13338029384613037,0.22447800636291504,-125.30783081054688,149.4824676513672,43.76535415649414,1,0.6227074861526489,31.6455078125,643.6138916015625,0.499919593334198,0.4402492046356201,0.438387930393219,1,-65.84978485107422,33.363792419433594,646.19873046875,0.6380695700645447,0.4369085133075714,0.451425164937973,60985096959,2081294574
4,1,1,2.166046142578125,1,2.3475189208984375,1,0.28758734464645386,0.1515294909477234,-72.12886047363281,162.7796630859375,48.60520553588867,1,0.13910263776779175,0.25085341930389404,-123.33445739746094,144.6746826171875,42.015533447265625,1,0.6494464874267578,31.601905822753906,643.6029052734375,0.4998636841773987,0.44033822417259216,0.4383580684661865,1,-65.8412857055664,33.32492446899414,646.2124633789062,0.6380488872528076,0.43699079751968384,0.45144733786582947,60985105301,2081302916
4,1,1,2.1276397705078125,1,2.3303375244140625,1,0.2873004674911499,0.10922575742006302,-72.22779846191406,170.4908905029297,51.411834716796875,1,0.13830295205116272,0.2242574542760849,-123.61024475097656,149.52264404296875,43.78004837036133,1,0.6723067760467529,31.557762145996094,643.523193359375,0.49981582164764404,0.44041916728019714,0.4381789565086365,1,-65.82691955566406,33.27875900268555,646.168701171875,0.6380296945571899,0.4370802342891693,0.45134302973747253,60985113636,2081311251
4,1,1,2.1797943115234375,1,2.3647308349609375,1,0.2813021242618561,0.13207615911960602,-74.29634857177734,166.32566833496094,49.89582824707031,1,0.14231489598751068,0.21001364290714264,-122.22669219970703,152.11903381347656,44.72502517700195,1,0.6919699311256409,31.510845184326172,643.49951171875,0.4997747242450714,0.44051340222358704,0.43812111020088196,1,-65.81517028808594,33.23276901245117,646.1114501953125,0.6380192637443542,0.4371674358844757,0.45121023058891296,60985121970,2081319585
4,1,1,2.1484527587890625,1,2.3405609130859375,1,0.2852988541126251,0.12454386055469513,-72.91806030273438,167.69866943359375,50.39555358886719,1,0.13225136697292328,0.22732259333133698,-125.6971435546875,148.96392822265625,43.576663970947266,1,0.703732967376709,31.500267028808594,643.465576171875,0.4997500777244568,0.44053083658218384,0.43804600834846497,1,-65.81737518310547,33.225887298583984,646.1927490234375,0.63800448179245,0.4371929168701172,0.4513852298259735,60985130303,2081327918
4,1,1,2.2164764404296875,1,2.3343353271484375,1,0.28919312357902527,0.17301782965660095,-71.57511138916016,158.8627166748047,47.17955017089844,1,0.12906907498836517,0.21606315672397614,-126.7945785522461,151.016357421875,44.32362747192383,1,0.7109274864196777,31.492464065551758,643.5108642578125,0.49973517656326294,0.44055312871932983,0.438143253326416,1,-65.79925537109375,33.20130920410156,646.1522216796875,0.6379767060279846,0.4372381865978241,0.45129022002220154,60985138636,2081336251
4,1,1,2.2005157470703125,1,2.347137451171875,1,0.28453654050827026,0.16511544585227966,-73.18093872070312,160.30320739746094,47.70378494262695,1,0.1257035881280899,0.21813778579235077,-127.9551773071289,150.63816833496094,44.186012268066406,1,0.7275937795639038,31.488086700439453,643.5225830078125,0.4997003674507141,0.44056379795074463,0.43816807866096497,1,-66.18331909179688,33.608314514160156,655.5454711914062,0.6365556120872498,0.43768948316574097,0.47170543670654297,60985146969,2081344584
4,1,1,2.2113494873046875,1,2.3755950927734375,1,0.2910078167915344,0.18932344019412994,-70.94929504394531,155.89047241210938,46.0977897644043,1,0.13586148619651794,0.232795849442482,-124.45217895507812,147.9662322998047,43.21358108520508,1,0.7464094161987305,31.48467254638672,643.5227661132812,0.4996609687805176,0.4405709505081177,0.43816807866096497,1,-66.22294616699219,33.62873840332031,656.6705322265625,0.6363756060600281,0.4378003478050232,0.47414523363113403,60985155303,2081352918
4,1,1,2.1342010498046875,1,2.3338470458984375,1,0.2776200771331787,0.1039988175034523,-75.56612396240234,171.44366455078125,51.75858688354492,1,0.13392765820026398,0.2538946270942688,-125.11907196044922,144.120361328125,41.813690185546875,1,0.7717975378036499,31.48241424560547,643.5916137695312,0.4996080696582794,0.44058486819267273,0.43831706047058105,1,-65.75252532958984,33.157676696777344,646.0199584960938,0.6379115581512451,0.43731024861335754,0.45098838210105896,60985163636,2081361251
4,1,1,2.252532958984375,1,2.3096160888671875,1,0.2706628143787384,0.205768421292305,-77.96536254882812,152.89288330078125,45.0067024230957,1,0.12567533552646637,0.22138150036334991,-127.96492767333984,150.04690551757812,43.97080993652344,1,0.7920864820480347,31.485698699951172,643.6595458984375,0.49956583976745605,0.44058719277381897,0.43846502900123596,1,-65.73380279541016,33.15422439575195,645.8811645507812,0.6379057765007019,0.4372982382774353,0.45068424940109253,60985171970,2081369585
4,1,1,2.1523590087890625,1,2.33465576171875,1,0.27372679114341736,0.15019384026527405,-76.90872192382812,163.02313232421875,48.693809509277344,1,0.13236451148986816,0.2512151598930359,-125.65814208984375,144.60874938964844,41.99152755737305,1,0.8185224533081055,31.474979400634766,643.5679931640625,0.49951037764549255,0.440597265958786,0.438264936208725,1,-65.7209243774414,33.14450454711914,645.897705078125,0.6378751397132874,0.43732064962387085,0.4507158398628235,60985180304,2081377918
4,1,1,2.1736602783203125,1,2.2926177978515625,1,0.2737959027290344,0.16410468518733978,-76.88489532470703,160.48744201660156,47.77086639404297,1,0.13500148057937622,0.23365268111228943,-124.74876403808594,147.81005859375,43.15672302246094,1,0.8397932052612305,31.479433059692383,643.5913696289062,0.4994659125804901,0.44059115648269653,0.4383164048194885,1,-65.7022705078125,33.14436340332031,645.782958984375,0.6378638744354248,0.4373050630092621,0.45046401023864746,60985188629,2081386243
4,1,1,2.2184295654296875,1,2.340362548828125,1,0.27609241008758545,0.1971101611852646,-76.09294128417969,154.47116088867188,45.58110427856445,1,0.14716081321239471,0.2581601142883301,-120.5555648803711,143.34283447265625,41.530696868896484,1,0.855358898639679,31.478271484375,643.602294921875,0.4994334280490875,0.44059503078460693,0.43833988904953003,1,-65.69670104980469,33.14542770385742,645.8781127929688,0.6378296613693237,0.4373161196708679,0.4506683349609375,60985196971,2081394585
4,1,1,2.214996337890625,1,2.359954833984375,1,0.2729208171367645,0.19252540171146393,-77.18667602539062,155.3068389892578,45.88530731201172,1,0.14722707867622375,0.27460530400276184,-120.53271484375,140.3451690673828,40.43965530395508,1,0.872167706489563,31.47794532775879,643.568359375,0.4993981420993805,0.4405912458896637,0.43826624751091003,1,-65.67872619628906,33.15412521362305,645.8846435546875,0.6377907395362854,0.4372990131378174,0.450679749250412,60985205304,2081402918
4,1,1,2.143341064453125,1,2.308624267578125,1,0.28460410237312317,0.14742816984653473,-73.15763092041016,163.52725219726562,48.87730026245117,1,0.14485205709934235,0.2433670461177826,-121.35174560546875,146.039306640625,42.5122184753418,1,0.8862705826759338,31.477441787719727,643.5341186523438,0.4993686079978943,0.44058769941329956,0.4381919503211975,1,-65.66960144042969,33.158905029296875,645.8720703125,0.6377747654914856,0.43728742003440857,0.4506513476371765,60985213637,2081411251
4,1,1,2.2158355712890625,1,2.3380279541015625,1,0.2905043363571167,0.18090708553791046,-71.1229248046875,157.42466735839844,46.656124114990234,1,0.15045563876628876,0.23418594896793365,-119.41932678222656,147.71286010742188,43.12134552001953,1,0.8982942700386047,31.4747371673584,643.511474609375,0.4993433654308319,0.44059035181999207,0.4381425976753235,1,-65.66058349609375,33.15747833251953,645.918701171875,0.6377450227737427,0.4372968375682831,0.45074981451034546,60985221970,2081419584
4,1,1,2.17791748046875,1,2.3748626708984375,1,0.2989354133605957,0.16194169223308563,-68.21543884277344,160.8817138671875,47.91437530517578,1,0.15027792751789093,0.2450830340385437,-119.48062133789062,145.72654724121094,42.398345947265625,1,0.9078888893127441,31.4733943939209,643.4881591796875,0.4993232190608978,0.4405899941921234,0.43809178471565247,1,-65.64811706542969,33.16554260253906,645.9697265625,0.6377070546150208,0.43728724122047424,0.450858473777771,60985230304,2081427918
4,1,1,2.212554931640625,1,2.324249267578125,1,0.28969988226890564,0.19286316633224487,-71.40035247802734,155.24530029296875,45.86286926269531,1,0.1388554573059082,0.2400100827217102,-123.41969299316406,146.65121459960938,42.73495864868164,1,0.9202213883399963,31.47258949279785,643.48779296875,0.49929746985435486,0.4405916631221771,0.438090980052948,1,-65.62739562988281,33.16395950317383,645.9273681640625,0.6376741528511047,0.4372847080230713,0.4507622718811035,60985238637,2081436251
4,1,1,2.219482421875,1,2.343841552734375,1,0.292231947183609,0.1914312094449997,-70.52714538574219,155.5063018798828,45.9578742980957,1,0.1397293657064438,0.2357325404882431,-123.11833190917969,147.4309539794922,43.018699645996094,1,0.936951220035553,31.477712631225586,643.5916748046875,0.4992627799510956,0.44059494137763977,0.43831706047058105,1,-65.60706329345703,33.16687774658203,645.943115234375,0.6376281976699829,0.43728089332580566,0.45079225301742554,60985246975,2081444589
4,1,1,2.2587738037109375,1,2.3482666015625,1,0.283935546875,0.2004363089799881,-73.38819885253906,153.8648223876953,45.36045455932617,1,0.14745314419269562,0.24989201128482819,-120.45474243164062,144.84994506835938,42.079288482666016,1,0.956308901309967,31.482181549072266,643.6490478515625,0.49922245740890503,0.440593421459198,0.438442200422287,1,-65.59282684326172,33.1722526550293,646.0053100585938,0.63758385181427,0.4372784197330475,0.4509241580963135,60985255300,2081452914
4,1,1,2.168975830078125,1,2.299835205078125,1,0.28211548924446106,0.14659495651721954,-74.01585388183594,163.67913818359375,48.93259811401367,1,0.13122910261154175,0.2170354425907135,-126.04967498779297,150.839111328125,44.25918960571289,1,0.9777566194534302,31.484651565551758,643.7405395507812,0.4991779327392578,0.44060057401657104,0.43864110112190247,1,-65.57803344726562,33.17709732055664,646.031005859375,0.6375471353530884,0.43727198243141174,0.450977087020874,60985263642,2081461256
4,1,1,2.2303009033203125,1,2.3068389892578125,1,0.26778098940849304,0.18919019401073456,-78.95916748046875,155.91481018066406,46.10655212402344,1,0.14149756729602814,0.21874526143074036,-122.50855255126953,150.52743530273438,44.14572525024414,1,0.996947705745697,31.49478530883789,643.808837890625,0.4991380572319031,0.44058868288993835,0.43879076838493347,1,-65.56948852539062,33.1929931640625,646.1149291992188,0.6375093460083008,0.43725070357322693,0.4511586129665375,60985271975,2081469589
4,1,1,2.142120361328125,1,2.3641510009765625,1,0.27466702461242676,0.1405946910381317,-76.5844955444336,164.77288818359375,49.330623626708984,1,0.15227769315242767,0.2467506229877472,-118.79097747802734,145.42257690429688,42.287696838378906,1,1.016648292541504,31.496139526367188,643.8202514648438,0.4990968704223633,0.44058746099472046,0.4388158321380615,1,-65.54664611816406,33.1933708190918,646.0504150390625,0.6374772787094116,0.4372410774230957,0.4510146379470825,60985280309,2081477923
4,1,1,2.2213592529296875,1,2.32440185546875,1,0.27532464265823364,0.1733553111553192,-76.35770416259766,158.80120849609375,47.15713882446289,1,0.13061939179897308,0.21108268201351166,-126.25994873046875,151.9241943359375,44.65407180786133,1,1.0405492782592773,31.500694274902344,643.7969360351562,0.49904686212539673,0.4405749440193176,0.4387659430503845,1,-65.53414154052734,33.20127487182617,646.0518188476562,0.6374510526657104,0.43722495436668396,0.45101597905158997,60985288642,2081486256
4,1,1,2.24407958984375,1,2.350738525390625,1,0.27090391516685486,0.1772731989622116,-77.88220977783203,158.08705139160156,46.897212982177734,1,0.14506666362285614,0.21861408650875092,-121.2777328491211,150.5513458251953,44.15445327758789,1,1.0588213205337524,31.49906349182129,643.7402954101562,0.499008446931839,0.44057074189186096,0.43864282965660095,1,-65.51023864746094,33.20072937011719,645.9387817382812,0.637428343296051,0.43721044063568115,0.45076680183410645,60985296975,2081494589
4,1,1,2.138427734375,1,2.3251495361328125,1,0.2784433662891388,0.13780854642391205,-75.28219604492188,165.28074645996094,49.51552963256836,1,0.15058022737503052,0.203435018658638,-119.37635803222656,153.31820678710938,45.1614990234375,1,1.0737342834472656,31.4946231842041,643.6713256835938,0.49897709488868713,0.44057080149650574,0.43849262595176697,1,-65.49574279785156,33.20580291748047,645.8952026367188,0.6374085545539856,0.43719393014907837,0.4506703317165375,60985305309,2081502923
4,1,1,2.1822052001953125,1,2.3099517822265625,1,0.2824499011039734,0.12428488582372665,-73.90052795410156,167.74588012695312,50.412723541259766,1,0.1423926055431366,0.18016977608203888,-122.19989776611328,157.55905151367188,46.705078125,1,1.0861186981201172,31.495712280273438,643.6255493164062,0.4989510178565979,0.4405624568462372,0.43839362263679504,1,-65.48518371582031,33.21979522705078,645.9082641601562,0.6373835802078247,0.43716681003570557,0.45069819688796997,60985313642,2081511256
4,1,1,2.1667022705078125,1,2.37646484375,1,0.2742975056171417,0.11904647946357727,-76.71192169189453,168.70074462890625,50.76026153564453,1,0.14997121691703796,0.20322318375110626,-119.58638000488281,153.35682678222656,45.17552947998047,1,1.0941689014434814,31.495607376098633,643.6142578125,0.4989341199398041,0.4405611455440521,0.43836909532546997,1,-65.48204040527344,33.22747039794922,645.9202880859375,0.6373741626739502,0.437152624130249,0.450724720954895,60985321975,2081519589
4,1,1,2.195343017578125,1,2.328582763671875,1,0.28187450766563416,0.1455971747636795,-74.09895324707031,163.86102294921875,48.99873352050781,1,0.15624654293060303,0.21955478191375732,-117.42229461669922,150.3798828125,44.091983795166016,1,1.101442813873291,31.499332427978516,643.6143188476562,0.49891892075538635,0.4405534267425537,0.4383697509765625,1,-65.47322082519531,33.23371887207031,645.8878173828125,0.637363612651825,0.4371352195739746,0.450653612613678,60985330309,2081527923
4,1,1,2.2113800048828125,1,2.332733154296875,1,0.2853107750415802,0.1430439054965973,-72.91394805908203,164.32643127441406,49.16816329956055,1,0.15314877033233643,0.20531633496284485,-118.49059295654297,152.9752960205078,45.03666305541992,1,1.105657696723938,31.50096893310547,643.625244140625,0.498910129070282,0.4405515193939209,0.43839362263679504,1,-65.47223663330078,33.246360778808594,645.9463500976562,0.6373475193977356,0.43711718916893005,0.45078152418136597,60985338642,2081536256
4,1,1,2.286224365234375,1,2.356964111328125,1,0.28656819462776184,0.19276456534862518,-72.48031616210938,155.2632598876953,45.86940002441406,1,0.1598283350467682,0.2146439552307129,-116.18711853027344,151.27500915527344,44.41788101196289,1,1.109215259552002,31.50324249267578,643.6024169921875,0.4989025890827179,0.4405437707901001,0.4383445382118225,1,-65.46119689941406,33.24908447265625,645.8658447265625,0.6373437643051147,0.437100350856781,0.45060572028160095,60985346975,2081544589
4,1,1,2.218231201171875,1,2.354400634765625,1,0.28994473814964294,0.1534401923418045,-71.31590270996094,162.43138122558594,48.47842025756836,1,0.1562887579202652,0.23396724462509155,-117.40774536132812,147.75271606445312,43.135841369628906,1,1.1132053136825562,31.501375198364258,643.52294921875,0.49889400601387024,0.4405370354652405,0.438171923160553,1,-65.45735931396484,33.25911331176758,645.8902587890625,0.6373299956321716,0.43708303570747375,0.45065903663635254,60985355309,2081552923
4,1,1,2.232025146484375,1,2.3775787353515625,1,0.2805161774158478,0.1504444181919098,-74.56739044189453,162.9774627685547,48.67715835571289,1,0.15382353961467743,0.2241356372833252,-118.25788879394531,149.54486083984375,43.7880859375,1,1.1144866943359375,31.50547218322754,643.545654296875,0.49889135360717773,0.44053155183792114,0.43822166323661804,1,-65.45246124267578,33.26072692871094,645.8680419921875,0.6373250484466553,0.4370766282081604,0.45061033964157104,60985363642,2081561256
4,1,1,2.2844696044921875,1,2.3183441162109375,1,0.29090768098831177,0.1778237372636795,-70.98381805419922,157.9866943359375,46.86065673828125,1,0.1453346610069275,0.21712695062160492,-121.18533325195312,150.82240295410156,44.2531623840332,1,1.1065737009048462,31.497961044311523,643.5109252929688,0.49890780448913574,0.4405424892902374,0.438145250082016,1,-65.45626831054688,33.257259368896484,645.84375,0.6373388171195984,0.43708041310310364,0.45055821537971497,60985371975,2081569589
4,1,1,2.202850341796875,1,2.3404388427734375,1,0.2501239776611328,0.21990250051021576,-85.04826354980469,150.3164825439453,44.06895065307617,1,0.12186814844608307,0.2584916651248932,-129.27784729003906,143.2823486328125,41.50877380371094,1,0.9954056143760681,31.45740509033203,643.5346069335938,0.4991404414176941,0.44062960147857666,0.43819063901901245,1,-65.49812316894531,33.171546936035156,645.823974609375,0.6374306082725525,0.437254935503006,0.450512170791626,60985380311,2081577925
4,1,1,2.21923828125,1,2.37249755859375,1,0.1990831196308136,0.3126998841762543,-102.6499252319336,133.40118408203125,37.91227340698242,1,0.04444113001227379,0.3807426989078522,-155.9788818359375,120.99818420410156,33.39800262451172,1,0.7800929546356201,31.28765296936035,643.627197265625,0.4995911717414856,0.4409937262535095,0.43836709856987,1,-65.6242904663086,33.05514907836914,646.0928955078125,0.6376287341117859,0.4375326931476593,0.451103150844574,60985388644,2081586258
4,1,1,2.249908447265625,1,2.3556976318359375,1,0.1759568452835083,0.3942848742008209,-110.6251220703125,118.52970886230469,32.499488830566406,1,0.036879271268844604,0.46450820565223694,-158.58663940429688,105.72926330566406,27.84048843383789,1,0.6136159896850586,31.17424774169922,643.5372314453125,0.49993932247161865,0.44121670722961426,0.43815574049949646,1,-65.69709777832031,32.962791442871094,646.184326171875,0.6377583146095276,0.4377361536026001,0.45130297541618347,60985396977,2081594591
4,1,1,2.268218994140625,1,2.3657073974609375,1,0.1632293313741684,0.39010506868362427,-115.01426696777344,119.29161834716797,32.77679443359375,1,-0.0012865096796303988,0.5194792151451111,-171.74827575683594,95.70901489257812,24.193443298339844,1,0.4958966374397278,31.080463409423828,643.445068359375,0.5001855492591858,0.44139888882637024,0.43794262409210205,1,-65.77932739257812,32.89958190917969,646.5458374023438,0.6378428936004639,0.4379163682460785,0.4520920515060425,60985405311,2081602925
4,1,1,2.2879791259765625,1,2.358428955078125,1,0.1598309576511383,0.41123807430267334,-116.18621063232422,115.43943786621094,31.3747501373291,1,0.01474496815353632,0.5233310461044312,-166.21974182128906,95.00686645507812,23.9379825592041,1,0.48162010312080383,31.07171630859375,643.4566040039062,0.5002154111862183,0.4414185881614685,0.43796637654304504,1,-65.81246948242188,32.888458251953125,646.5848388671875,0.6379023194313049,0.4379447102546692,0.452181875705719,60985413644,2081611258
4,1,1,2.264129638671875,1,2.38104248046875,1,0.1669173240661621,0.3851720988750458,-113.74244689941406,120.1907958984375,33.10411071777344,1,0.013849569484591484,0.5155167579650879,-166.52853393554688,96.43131256103516,24.456369400024414,1,0.4846438765525818,31.067012786865234,643.46826171875,0.5002091526985168,0.44142985343933105,0.43799105286598206,1,-65.82028198242188,32.87624740600586,646.5848388671875,0.6379185318946838,0.43796995282173157,0.45218172669410706,60985421977,2081619591
4,1,1,2.271484375,1,2.33221435546875,1,0.1609787940979004,0.39568307995796204,-115.79036712646484,118.27484893798828,32.4067268371582,1,0.014842144213616848,0.482743501663208,-166.1862335205078,102.40528106689453,26.63070297241211,1,0.4839460253715515,31.058557510375977,643.4111328125,0.5002105236053467,0.44143983721733093,0.4378659427165985,1,-65.83070373535156,32.8613166809082,646.48974609375,0.637962818145752,0.437987744808197,0.45197659730911255,60985430311,2081627925
4,1,1,2.2385101318359375,1,2.3525848388671875,1,0.15550746023654938,0.3861088156700134,-117.67717742919922,120.0200424194336,33.04197692871094,1,0.004052508622407913,0.4968145787715912,-169.90708923339844,99.84037017822266,25.6971378326416,1,0.48035773634910583,31.060298919677734,643.365234375,0.5002179741859436,0.44143012166023254,0.43776655197143555,1,-65.84320831298828,32.865013122558594,646.4156494140625,0.6380063891410828,0.4379698634147644,0.45181989669799805,60985438644,2081636258
4,1,1,2.2576141357421875,1,2.353546142578125,1,0.15326963365077972,0.3922235667705536,-118.44891357421875,118.90544128417969,32.63626480102539,1,0.020050840452313423,0.49260413646698,-164.38998413085938,100.60786437988281,25.976465225219727,1,0.4734928607940674,31.059341430664062,643.376953125,0.5002323389053345,0.4414336681365967,0.4377919137477875,1,-65.86453247070312,32.85999298095703,646.339111328125,0.6380688548088074,0.4379696846008301,0.451658695936203,60985446977,2081644591
4,1,1,2.251678466796875,1,2.349761962890625,1,0.15324760973453522,0.3800105154514313,-118.45650482177734,121.13166046142578,33.446537017822266,1,0.0056365602649748325,0.5039442777633667,-169.36082458496094,98.54075622558594,25.224109649658203,1,0.47033774852752686,31.0667781829834,643.3888549804688,0.5002389550209045,0.4414198100566864,0.437818706035614,1,-65.88499450683594,32.87440490722656,646.3240966796875,0.6381147503852844,0.43793779611587524,0.4516328275203705,60985455311,2081652925
4,1,1,2.2742919921875,1,2.31231689453125,1,0.149418905377388,0.38333582878112793,-119.77684020996094,120.52552032470703,33.22592544555664,1,0.006348928902298212,0.5084652304649353,-169.11517333984375,97.71668243408203,24.924152374267578,1,0.4586123824119568,31.07806396484375,643.400146484375,0.5002634525299072,0.44139787554740906,0.43784472346305847,1,-65.91339111328125,32.88899230957031,646.318603515625,0.638174831867218,0.43790680170059204,0.45162925124168396,60985463644,2081661258
4,1,1,2.294586181640625,1,2.340423583984375,1,0.1488274335861206,0.38950681686401367,-119.98081970214844,119.4006576538086,32.816505432128906,1,0.01492470595985651,0.5204448699951172,-166.15777587890625,95.53300476074219,24.129343032836914,1,0.44189712405204773,31.086254119873047,643.4114990234375,0.5002984404563904,0.4413822889328003,0.43787044286727905,1,-65.93257141113281,32.89271926879883,646.2193603515625,0.638238251209259,0.43788543343544006,0.45141974091529846,60985471977,2081669591
4,1,1,2.24554443359375,1,2.37744140625,1,0.14654423296451569,0.38432005047798157,-120.7681884765625,120.34610748291016,33.160640716552734,1,0.027611734345555305,0.5286460518836975,-161.78257751464844,94.03805541992188,23.58527946472168,1,0.42079681158065796,31.111135482788086,643.4117431640625,0.5003424882888794,0.4413306415081024,0.437874436378479,1,-65.94657897949219,32.89820861816406,646.005126953125,0.6383184790611267,0.43784457445144653,0.45096129179000854,60985480311,2081677925
4,1,1,2.293792724609375,1,2.3504791259765625,1,0.14035950601100922,0.41790029406547546,-122.90103149414062,114.22503662109375,30.932750701904297,1,0.019326167181134224,0.5039013028144836,-164.639892578125,98.54857635498047,25.227006912231445,1,0.3951655328273773,31.116147994995117,643.4002685546875,0.5003960728645325,0.44131869077682495,0.43785014748573303,1,-65.973876953125,32.89643859863281,645.9993896484375,0.6383764147758484,0.43784740567207336,0.45095452666282654,60985488644,2081686258
4,1,1,2.2305908203125,1,2.352691650390625,1,0.15289680659770966,0.39685285091400146,-118.57747650146484,118.06160736083984,32.329132080078125,1,0.021212071180343628,0.5178805589675903,-163.98953247070312,96.00041961669922,24.29952049255371,1,0.366992712020874,31.13821029663086,643.31982421875,0.5004549026489258,0.4412621855735779,0.437678724527359,1,-66.00418853759766,32.9156379699707,646.07568359375,0.6384208798408508,0.43781810998916626,0.45112863183021545,60985496977,2081694591
4,1,1,2.295135498046875,1,2.3916015625,1,0.14661549031734467,0.4241921603679657,-120.74362182617188,113.0781478881836,30.515291213989258,1,0.029405642300844193,0.5130806565284729,-161.1639404296875,96.87535858154297,24.617979049682617,1,0.33846405148506165,31.137676239013672,643.2506713867188,0.5005145072937012,0.44125404953956604,0.437528520822525,1,-66.04086303710938,32.916744232177734,646.0684204101562,0.6384986639022827,0.43781477212905884,0.451121062040329,60985505311,2081702925
4,1,1,2.278106689453125,1,2.3650360107421875,1,0.1473255604505539,0.43049463629722595,-120.4987564086914,111.92930603027344,30.097169876098633,1,0.015107064507901669,0.5083012580871582,-166.09486389160156,97.7465591430664,24.935039520263672,1,0.30342763662338257,31.141416549682617,643.296875,0.5005878210067749,0.44125235080718994,0.43762922286987305,1,-66.07916259765625,32.91423034667969,646.072509765625,0.6385770440101624,0.4378204345703125,0.451137900352478,60985513647,2081711261
4,1,1,2.2867584228515625,1,2.3646240234375,1,0.15137538313865662,0.4315458834171295,-119.10215759277344,111.73768615722656,30.027429580688477,1,0.032998502254486084,0.5291091799736023,-159.9249267578125,93.95362854003906,23.554597854614258,1,0.2741049528121948,31.15134048461914,643.2625122070312,0.5006491541862488,0.44122713804244995,0.43755611777305603,1,-66.11915588378906,32.91561508178711,646.0529174804688,0.638664722442627,0.4378148317337036,0.45110461115837097,60985521980,2081719594
4,1,1,2.251068115234375,1,2.406707763671875,1,0.15522320568561554,0.38534674048423767,-117.77521514892578,120.15896606445312,33.092506408691406,1,0.03470194712281227,0.5139734745025635,-159.33749389648438,96.71260070800781,24.558748245239258,1,0.24297349154949188,31.13427734375,643.2626342773438,0.5007143020629883,0.44126251339912415,0.4375540018081665,1,-66.14714050292969,32.88446044921875,645.8463134765625,0.6387722492218018,0.4378507733345032,0.45066037774086,60985530314,2081727928
4,1,1,2.287994384765625,1,2.3634490966796875,1,0.14794544875621796,0.43461230397224426,-120.28497314453125,111.17872619628906,29.82398223876953,1,0.022641461342573166,0.519965648651123,-163.49659729003906,95.62034606933594,24.161169052124023,1,0.20264682173728943,31.14211082458496,643.2052612304688,0.5007986426353455,0.44123855233192444,0.4374304711818695,1,-66.19255065917969,32.882965087890625,645.9200439453125,0.6388487815856934,0.43786391615867615,0.4508291482925415,60985538647,2081736261
4,1,1,2.2935791015625,1,2.3578643798828125,1,0.14433689415454865,0.42045310139656067,-121.52940368652344,113.75970458984375,30.76337432861328,1,0.025720035657286644,0.5124485492706299,-162.4349365234375,96.99057006835938,24.659910202026367,1,0.15835902094841003,31.130355834960938,643.2399291992188,0.5008913278579712,0.4412674307823181,0.4375041127204895,1,-66.23147583007812,32.872642517089844,646.0178833007812,0.6389060616493225,0.4378986358642578,0.451047420501709,60985546980,2081744594
4,1,1,2.2829132080078125,1,2.3686676025390625,1,0.14072780311107635,0.42943471670150757,-122.7740249633789,112.12250518798828,30.167499542236328,1,0.03232994303107262,0.49621284008026123,-160.15550231933594,99.95005798339844,25.737071990966797,1,0.12363512814044952,31.112821578979492,643.1937255859375,0.5009639263153076,0.4412976801395416,0.4374014139175415,1,-66.27220916748047,32.84587860107422,645.9388427734375,0.6390095949172974,0.4379430413246155,0.4508819580078125,60985555314,2081752928
4,1,1,2.27734375,1,2.350067138671875,1,0.14956387877464294,0.4152180254459381,-119.72684478759766,114.71395874023438,31.11069107055664,1,0.01808442361652851,0.5160747170448303,-165.068115234375,96.32958221435547,24.41935157775879,1,0.08434495329856873,31.119586944580078,643.2508544921875,0.5010461807250977,0.44129109382629395,0.43752628564834595,1,-66.31925964355469,32.83948516845703,645.9417114257812,0.6391064524650574,0.43795663118362427,0.4508974850177765,60985563647,2081761261
4,1,1,2.284088134765625,1,2.40185546875,1,0.1478825807571411,0.4113355278968811,-120.30665588378906,115.42166900634766,31.368289947509766,1,0.040828511118888855,0.5073443055152893,-157.22471618652344,97.92098999023438,24.99854278564453,1,0.05371743068099022,31.099708557128906,643.216796875,0.5011102557182312,0.4413278102874756,0.43744957447052,1,-66.34756469726562,32.82435607910156,645.9010009765625,0.6391749382019043,0.4379822313785553,0.45081377029418945,60985571980,2081769594
4,1,1,2.27972412109375,1,2.38055419921875,1,0.12770436704158783,0.4309290051460266,-127.26519775390625,111.85012817382812,30.068340301513672,1,0.01308386866003275,0.5368446707725525,-166.79258728027344,92.5436019897461,23.041358947753906,1,-0.03142857551574707,31.047386169433594,643.2045288085938,0.5012885332107544,0.4414346516132355,0.43741574883461,1,-66.41542053222656,32.78307342529297,646.1806030273438,0.6392485499382019,0.43810591101646423,0.4514259696006775,60985580314,2081777928
4,1,1,2.32427978515625,1,2.4781036376953125,1,0.10737622529268265,0.5772672891616821,-134.2754364013672,85.17526245117188,20.359516143798828,1,0.018566124141216278,0.6316661238670349,-164.90199279785156,75.25934600830078,16.7503719329834,1,-0.18524837493896484,30.939189910888672,643.1485595703125,0.5016106963157654,0.4416515827178955,0.4372793436050415,1,-66.46421813964844,32.65503692626953,646.1600341796875,0.6393552422523499,0.4383678138256073,0.4513740837574005,60985588647,2081786261
4,1,1,2.317474365234375,1,2.37078857421875,1,0.08972029387950897,0.6140220761299133,-140.36416625976562,78.47554779052734,17.92095375061035,1,-0.03318534046411514,0.6636455059051514,-182.7487335205078,69.43008422851562,14.628701210021973,1,-0.3114362359046936,30.834644317626953,643.1597900390625,0.5018749237060547,0.441869854927063,0.43728941679000854,1,-66.52192687988281,32.599212646484375,646.6582641601562,0.6393550634384155,0.438551127910614,0.45245400071144104,60985596980,2081794594
4,1,1,2.3230133056640625,1,2.3881988525390625,1,0.0885324478149414,0.6286161541938782,-140.77381896972656,75.81529235839844,16.952743530273438,1,-0.020769042894244194,0.6923637390136719,-178.4669189453125,64.19527435302734,12.72335433959961,1,-0.36253660917282104,30.822725296020508,643.18212890625,0.501981794834137,0.441897451877594,0.437336266040802,1,-66.5159683227539,32.55085754394531,646.16259765625,0.6394622325897217,0.43858352303504944,0.4513760805130005,60985605314,2081802928
4,1,1,2.323699951171875,1,2.416107177734375,1,0.10306994616985321,0.6102561950683594,-135.760498046875,79.1619873046875,18.170841217041016,1,-0.01438058726489544,0.6846863031387329,-176.26380920410156,65.59471130371094,13.232775688171387,1,-0.36892127990722656,30.82544708251953,643.2275390625,0.5019950866699219,0.44189777970314026,0.437435120344162,1,-66.56304931640625,32.53599166870117,646.1406860351562,0.6395651698112488,0.4386111795902252,0.451337069272995,60985613647,2081811261
4,1,1,2.3227691650390625,1,2.3973846435546875,1,0.09506388753652573,0.6026706695556641,-138.52142333984375,80.54471588134766,18.674070358276367,1,-0.016909072175621986,0.686037540435791,-177.13577270507812,65.3484115600586,13.143051147460938,1,-0.37450098991394043,30.830535888671875,643.2391357421875,0.5020067095756531,0.4418887495994568,0.4374609887599945,1,-66.59889221191406,32.548309326171875,646.2985229492188,0.6396013498306274,0.4386071264743805,0.45168736577033997,60985621980,2081819594
4,1,1,2.3296051025390625,1,2.3942108154296875,1,0.09299921244382858,0.5977473855018616,-139.23342895507812,81.44213104248047,19.000717163085938,1,-0.02139822393655777,0.6869215369224548,-178.68386840820312,65.187255859375,13.084512710571289,1,-0.3826238811016083,30.827823638916016,643.2501831054688,0.5020236968994141,0.4418957829475403,0.43748462200164795,1,-66.60823822021484,32.528255462646484,646.18017578125,0.6396493315696716,0.4386324882507324,0.45143115520477295,60985630314,2081827927
4,1,1,2.3211822509765625,1,2.3882293701171875,1,0.08596929162740707,0.6104152798652649,-141.65773010253906,79.13299560546875,18.160289764404297,1,-0.011829933151602745,0.6819990873336792,-175.38421630859375,66.08453369140625,13.411054611206055,1,-0.38635560870170593,30.830150604248047,643.2501220703125,0.5020315051078796,0.4418909549713135,0.43748486042022705,1,-66.63102722167969,32.525230407714844,646.1624145507812,0.6397008895874023,0.43863627314567566,0.45139744877815247,60985638650,2081836263
4,1,1,2.3304901123046875,1,2.41448974609375,1,0.08360671997070312,0.6113518476486206,-142.4724578857422,78.9622573852539,18.09815788269043,1,-0.017042893916368484,0.7009512782096863,-177.1819305419922,62.62989044189453,12.15366268157959,1,-0.38884735107421875,30.83108139038086,643.2501831054688,0.5020367503166199,0.44188904762268066,0.43748512864112854,1,-66.63996887207031,32.518592834472656,646.1134643554688,0.639731228351593,0.43864330649375916,0.4512927532196045,60985646983,2081844596
4,1,1,2.32464599609375,1,2.442718505859375,1,0.0938834622502327,0.5968648791313171,-138.92849731445312,81.60299682617188,19.059274673461914,1,0.0050935144536197186,0.6981741189956665,-169.54808044433594,63.136131286621094,12.337860107421875,1,-0.38899025321006775,30.82911491394043,643.2730102539062,0.502036988735199,0.44189611077308655,0.437534362077713,1,-66.65406799316406,32.50772476196289,646.1695556640625,0.6397469639778137,0.43867337703704834,0.45141535997390747,60985655317,2081852930
4,1,1,2.34637451171875,1,2.3790283203125,1,0.08689216524362564,0.6069188714027405,-141.3394775390625,79.77032470703125,18.392288208007812,1,-0.017696931958198547,0.7004734873771667,-177.40748596191406,62.71699142456055,12.18536376953125,1,-0.389636754989624,30.828218460083008,643.2613525390625,0.5020383596420288,0.4418964385986328,0.43750903010368347,1,-66.66079711914062,32.509971618652344,646.179931640625,0.6397583484649658,0.43867015838623047,0.45143961906433105,60985663650,2081861263
4,1,1,2.2956085205078125,1,2.43243408203125,1,0.08958659321069717,0.6039056181907654,-140.4102783203125,80.319580078125,18.592205047607422,1,-0.0005626754718832672,0.6893649101257324,-171.49864196777344,64.74191284179688,12.922320365905762,1,-0.38599419593811035,30.827245712280273,643.3072509765625,0.5020306706428528,0.4419044852256775,0.43760839104652405,1,-66.66088104248047,32.501102447509766,646.2045288085938,0.6397526264190674,0.4386918246746063,0.45149150490760803,60985671983,2081869596
4,1,1,2.290557861328125,1,2.3571014404296875,1,0.10563819110393524,0.6253868937492371,-134.8748321533203,76.40394592285156,17.166988372802734,1,-0.0258979219943285,0.6817673444747925,-180.23561096191406,66.12677764892578,13.426407814025879,1,-0.3847375512123108,30.824705123901367,643.2843017578125,0.5020281076431274,0.44190675020217896,0.43755826354026794,1,-66.6561508178711,32.4931526184082,646.1572875976562,0.6397542357444763,0.438701868057251,0.45138734579086304,60985680317,2081877930
4,1,1,2.345733642578125,1,2.3954925537109375,1,0.10405854880809784,0.6291751861572266,-135.41957092285156,75.7134017944336,16.91560935974121,1,-0.02170264720916748,0.7053840160369873,-178.7888641357422,61.821895599365234,11.859563827514648,1,-0.37975171208381653,30.82238006591797,643.2843627929688,0.502017617225647,0.44191160798072815,0.437558114528656,1,-66.65969848632812,32.48731994628906,646.1798706054688,0.6397562026977539,0.43871697783470154,0.45143604278564453,60985688650,2081886263
4,1,1,2.30950927734375,1,2.4056854248046875,1,0.0889519676566124,0.6355799436569214,-140.629150390625,74.54592895507812,16.490732192993164,1,-0.010358629748225212,0.697120189666748,-174.8768310546875,63.3282585144043,12.407821655273438,1,-0.3726317882537842,30.816417694091797,643.2271118164062,0.5020028948783875,0.44191646575927734,0.43743300437927246,1,-66.6534423828125,32.479942321777344,646.1581420898438,0.6397484540939331,0.43872931599617004,0.4513866901397705,60985696983,2081894596
4,1,1,2.27764892578125,1,2.419586181640625,1,0.09866822510957718,0.6170164346694946,-137.2784423828125,77.92974090576172,17.722293853759766,1,0.006329144351184368,0.6862075924873352,-169.12197875976562,65.31742095947266,13.131793975830078,1,-0.3637062609195709,30.812801361083984,643.204345703125,0.5019842982292175,0.4419209659099579,0.43738311529159546,1,-66.64551544189453,32.47444152832031,646.124267578125,0.6397402882575989,0.43873611092567444,0.45131105184555054,60985705317,2081902930
4,1,1,2.311279296875,1,2.3967742919921875,1,0.08520346134901047,0.6295369267463684,-141.92181396484375,75.64745330810547,16.891651153564453,1,-0.02009330689907074,0.6816247701644897,-178.23388671875,66.15278625488281,13.435847282409668,1,-0.349336713552475,30.79737091064453,643.147216796875,0.5019543170928955,0.44194555282592773,0.4372570514678955,1,-66.63348388671875,32.44829559326172,646.0800170898438,0.6397261023521423,0.4387842118740082,0.45120930671691895,60985713650,2081911263
4,1,1,2.339385986328125,1,2.40997314453125,1,0.09117335081100464,0.6391128897666931,-139.86309814453125,73.90194702148438,16.256330490112305,1,-0.005188473500311375,0.7038084268569946,-173.0938720703125,62.10905456542969,11.964153289794922,1,-0.3365917205810547,30.79303741455078,643.078857421875,0.5019277334213257,0.44194555282592773,0.43710818886756897,1,-66.62164306640625,32.46546173095703,646.034912109375,0.6397124528884888,0.4387425482273102,0.45111164450645447,60985721983,2081919596
4,1,1,2.321685791015625,1,2.398956298828125,1,0.0755443125963211,0.6179913878440857,-145.25282287597656,77.75199127197266,17.65766143798828,1,-0.016369294375181198,0.7082570195198059,-176.9496307373047,61.298194885253906,11.668968200683594,1,-0.31591796875,30.776649475097656,642.9771118164062,0.5018846392631531,0.4419662356376648,0.43688514828681946,1,-66.60881805419922,32.458011627197266,646.00244140625,0.6396936774253845,0.43875357508659363,0.451037734746933,60985730317,2081927930
4,1,1,2.307708740234375,1,2.4081573486328125,1,0.08085522800683975,0.6197969317436218,-143.4213409423828,77.42288208007812,17.537874221801758,1,-0.009998559951782227,0.6863943934440613,-174.75265502929688,65.28337860107422,13.119377136230469,1,-0.2910259962081909,30.7623233795166,642.95458984375,0.5018326044082642,0.4419930577278137,0.4368341863155365,1,-66.60075378417969,32.453956604003906,646.0165405273438,0.6396735906600952,0.43876391649246216,0.45106586813926697,60985738650,2081936263
4,1,1,2.2958984375,1,2.3836822509765625,1,0.07820390909910202,0.6403549313545227,-144.3356475830078,73.67554473876953,16.173908233642578,1,-0.010292437858879566,0.7047319412231445,-174.85400390625,61.94076919555664,11.902796745300293,1,-0.27262067794799805,30.761831283569336,642.93212890625,0.501794159412384,0.4419911205768585,0.43678537011146545,1,-66.58229064941406,32.46336364746094,645.995849609375,0.6396402716636658,0.43874165415763855,0.451018363237381,60985746983,2081944596
4,1,1,2.3024444580078125,1,2.4552001953125,1,0.08339156955480576,0.6490606665611267,-142.54666137695312,72.088623046875,15.596362113952637,1,0.0037889110390096903,0.7092557549476624,-169.99798583984375,61.116146087646484,11.602680206298828,1,-0.2524435222148895,30.753925323486328,642.8978881835938,0.5017518997192383,0.4420031011104584,0.436710000038147,1,-66.56217193603516,32.45989227294922,645.9641723632812,0.639606237411499,0.43874454498291016,0.45094525814056396,60985755317,2081952930
4,1,1,2.3484344482421875,1,2.371246337890625,1,0.06917941570281982,0.6762672066688538,-147.44778442382812,67.12935638427734,13.791324615478516,1,-0.018167775124311447,0.7123791575431824,-177.56983947753906,60.546791076660156,11.395452499389648,1,-0.2568846344947815,30.749595642089844,642.8638916015625,0.501761257648468,0.4420076310634613,0.43663570284843445,1,-66.54736328125,32.458221435546875,645.9321899414062,0.6395832300186157,0.4387436807155609,0.45087265968322754,60985763650,2081961263
4,1,1,2.3189849853515625,1,2.440521240234375,1,0.06369443982839584,0.6449309587478638,-149.33929443359375,72.84140014648438,15.870314598083496,1,-0.005603312514722347,0.7005656361579895,-173.23695373535156,62.70018005371094,12.179293632507324,1,-0.31308403611183167,30.722091674804688,643.0350341796875,0.5018787980079651,0.4420871436595917,0.4370032250881195,1,-66.57998657226562,32.45266342163086,646.232421875,0.6395784616470337,0.4387960135936737,0.451526939868927,60985771987,2081969600
4,1,1,2.341583251953125,1,2.43896484375,1,0.04514523968100548,0.6430834531784058,-155.73606872558594,73.17819213867188,15.99288272857666,1,-0.02864893525838852,0.7128589153289795,-181.18431091308594,60.45935821533203,11.363601684570312,1,-0.3446293771266937,30.69580078125,643.080810546875,0.5019447207450867,0.44214773178100586,0.437098890542984,1,-66.62384796142578,32.45798873901367,646.6597290039062,0.6395663022994995,0.4388429820537567,0.45245957374572754,60985780320,2081977933
4,1,1,2.341064453125,1,2.4457855224609375,1,0.05724066495895386,0.6679055094718933,-151.56491088867188,68.65354919433594,14.34610652923584,1,-0.01638118177652359,0.703679621219635,-176.9537353515625,62.13259506225586,11.972612380981445,1,-0.33066901564598083,30.701860427856445,643.080810546875,0.5019155740737915,0.44213515520095825,0.4370996952056885,1,-66.60171508789062,32.45841598510742,646.6165161132812,0.6395308971405029,0.4388362467288971,0.45236140489578247,60985788654,2081986267
4,1,1,2.3538055419921875,1,2.4698638916015625,1,0.04433707520365715,0.6635692715644836,-156.0147705078125,69.4439697265625,14.63377857208252,1,-0.017693430185317993,0.6998571753501892,-177.40626525878906,62.82933807373047,12.226207733154297,1,-0.3061913847923279,30.6921329498291,643.0007934570312,0.5018644332885742,0.44214487075805664,0.4369248151779175,1,-66.55828857421875,32.45408630371094,646.4144287109375,0.6394897103309631,0.4388178586959839,0.4519151747226715,60985796987,2081994600
4,1,1,2.320159912109375,1,2.4467315673828125,1,0.05263909325003624,0.6600390672683716,-153.15179443359375,70.08747100830078,14.86795711517334,1,-0.022251874208450317,0.7060452103614807,-178.97824096679688,61.70135498046875,11.815726280212402,1,-0.2883327007293701,30.705951690673828,643.0352783203125,0.5018269419670105,0.4421207308769226,0.437001496553421,1,-66.54078674316406,32.464111328125,646.381103515625,0.6394613981246948,0.4387925863265991,0.451840877532959,60985805320,2082002933
4,1,1,2.3519287109375,1,2.476959228515625,1,0.05896935239434242,0.6664193868637085,-150.96876525878906,68.92442321777344,14.444708824157715,1,-0.016945576295256615,0.7039808630943298,-177.1483612060547,62.07767105102539,11.952649116516113,1,-0.27660292387008667,30.703256607055664,643.0467529296875,0.5018024444580078,0.44212785363197327,0.4370260536670685,1,-66.55630493164062,32.49464797973633,647.0299072265625,0.6393373012542725,0.43881767988204956,0.4532487988471985,60985813654,2082011267
4,1,1,2.333343505859375,1,2.494903564453125,1,0.04722731560468674,0.6523942351341248,-155.01806640625,71.48098754882812,15.375163078308105,1,0.008945629000663757,0.712786853313446,-168.2196807861328,60.472496032714844,11.368453025817871,1,-0.2605496644973755,30.70581817626953,643.0013427734375,0.5017688870429993,0.4421166181564331,0.436927855014801,1,-66.5125732421875,32.47064971923828,646.3281860351562,0.6394156813621521,0.43877193331718445,0.45172131061553955,60985821987,2082019600
4,1,1,2.33978271484375,1,2.5159454345703125,1,0.04992154613137245,0.6397582292556763,-154.0889434814453,73.78430938720703,16.213512420654297,1,0.0004888311959803104,0.7109360694885254,-171.1360321044922,60.809852600097656,11.491220474243164,1,-0.24504540860652924,30.694799423217773,643.0358276367188,0.5017364621162415,0.4421440362930298,0.43700110912323,1,-66.51930236816406,32.485565185546875,646.7880249023438,0.6393189430236816,0.43880364298820496,0.4527173936367035,60985830320,2082027933
4,1,1,2.333465576171875,1,2.4485626220703125,1,0.05703884735703468,0.6408515572547913,-151.634521484375,73.58499908447266,16.141000747680664,1,-0.02517510950565338,0.7002527117729187,-179.98635864257812,62.757225036621094,12.200021743774414,1,-0.23258396983146667,30.672740936279297,643.0357666015625,0.5017103552818298,0.44218990206718445,0.4369979202747345,1,-66.51068115234375,32.47564697265625,646.6844482421875,0.6393259763717651,0.4388100504875183,0.45249050855636597,60985838654,2082036267
4,1,1,2.3295135498046875,1,2.442962646484375,1,0.05227170139551163,0.634315013885498,-153.2784881591797,74.7764892578125,16.574663162231445,1,-0.029793523252010345,0.702369749546051,-181.5790252685547,62.37135314941406,12.059526443481445,1,-0.22580349445343018,30.67790985107422,643.093017578125,0.5016961097717285,0.4421866536140442,0.4371229112148285,1,-66.50508117675781,32.47927474975586,646.6371459960938,0.639325737953186,0.43879613280296326,0.45238766074180603,60985846987,2082044600
4,1,1,2.35198974609375,1,2.395477294921875,1,0.04973882809281349,0.6405647993087769,-154.15196228027344,73.63726806640625,16.160036087036133,1,-0.041732363402843475,0.7091304063796997,-185.6962127685547,61.13895797729492,11.611028671264648,1,-0.22022122144699097,30.656993865966797,643.0814208984375,0.5016844868659973,0.44222861528396606,0.4370947778224945,1,-66.48773193359375,32.457786560058594,646.499755859375,0.6393229365348816,0.4388219714164734,0.45208436250686646,60985855320,2082052933
4,1,1,2.35174560546875,1,2.3955230712890625,1,0.051154725253582,0.6353567838668823,-153.66368103027344,74.58661651611328,16.505508422851562,1,-0.022903284057974815,0.6917324662208557,-179.20291137695312,64.310302734375,12.765283584594727,1,-0.21825088560581207,30.641864776611328,643.0926513671875,0.5016803741455078,0.4422615170478821,0.43711718916893005,1,-66.48689270019531,32.44422912597656,646.4523315429688,0.6393327116966248,0.4388435184955597,0.45197978615760803,60985863654,2082061267
4,1,1,2.33551025390625,1,2.4373016357421875,1,0.04892050847411156,0.6150968670845032,-154.43417358398438,78.2796401977539,17.84962272644043,1,-0.003557890420779586,0.7025622725486755,-172.5315704345703,62.33625030517578,12.046749114990234,1,-0.21712829172611237,30.632694244384766,643.0926513671875,0.5016780495643616,0.4422805607318878,0.437115877866745,1,-66.47773742675781,32.428165435791016,646.13720703125,0.6393896341323853,0.43883389234542847,0.45129552483558655,60985871988,2082069600
4,1,1,2.3192291259765625,1,2.4081573486328125,1,0.0465322770178318,0.641279935836792,-155.25775146484375,73.50692749023438,16.112545013427734,1,-0.04192402958869934,0.6880908608436584,-185.76229858398438,64.97412109375,13.006884574890137,1,-0.21726536750793457,30.62403106689453,643.115234375,0.5016783475875854,0.44230151176452637,0.43716365098953247,1,-66.48124694824219,32.414791107177734,646.135498046875,0.6393974423408508,0.43886131048202515,0.4512907564640045,60985880321,2082077933
4,1,1,2.34246826171875,1,2.44049072265625,1,0.0381142683327198,0.6481392979621887,-158.16073608398438,72.256591796875,15.657461166381836,1,-0.0023784858640283346,0.7232314944267273,-172.12484741210938,58.568634033203125,10.67544937133789,1,-0.2240091860294342,30.6236515045166,643.12646484375,0.5016924738883972,0.44230377674102783,0.437188059091568,1,-66.49483489990234,32.415252685546875,646.25,0.6393979787826538,0.4388759136199951,0.45154085755348206,60985888655,2082086267
4,1,1,2.35235595703125,1,2.387237548828125,1,0.03984728828072548,0.6378728747367859,-157.56309509277344,74.12796783447266,16.338586807250977,1,-0.03916957229375839,0.6892383098602295,-184.81240844726562,64.76497650146484,12.930749893188477,1,-0.23454347252845764,30.62013053894043,643.1148071289062,0.5017144680023193,0.44230949878692627,0.4371621906757355,1,-66.50128936767578,32.4029541015625,646.2003173828125,0.6394233703613281,0.4388945996761322,0.4514332711696625,60985896988,2082094600
4,1,1,2.33917236328125,1,2.4359130859375,1,0.04148472100496292,0.6301690340042114,-156.9984130859375,75.53221130371094,16.849756240844727,1,-0.021025635302066803,0.6945486664772034,-178.55538940429688,63.79698944091797,12.578439712524414,1,-0.2458113580942154,30.61943817138672,643.0694580078125,0.5017381310462952,0.44230496883392334,0.43706372380256653,1,-66.522705078125,32.40431594848633,646.34033203125,0.6394339799880981,0.4389107823371887,0.45174044370651245,60985905323,2082102935
4,1,1,2.3559417724609375,1,2.3895263671875,1,0.04760633036494255,0.6621448397636414,-154.88735961914062,69.70361328125,14.728276252746582,1,-0.04041881859302521,0.695927083492279,-185.24322509765625,63.54570388793945,12.487028121948242,1,-0.26615995168685913,30.620981216430664,643.0125732421875,0.5017807483673096,0.44229426980018616,0.43694061040878296,1,-66.53086853027344,32.40204620361328,646.279296875,0.6394656896591187,0.4389071464538574,0.45161014795303345,60985913657,2082111269
4,1,1,2.3249664306640625,1,2.397003173828125,1,0.04613441228866577,0.6373105645179749,-155.39495849609375,74.23046875,16.37590217590332,1,-0.03117094747722149,0.7058703899383545,-182.05404663085938,61.73323440551758,11.827315330505371,1,-0.28222107887268066,30.625205993652344,643.03515625,0.5018143653869629,0.44228842854499817,0.43699023127555847,1,-66.53726959228516,32.3929443359375,646.1472778320312,0.6395108103752136,0.43890801072120667,0.451325386762619,60985921990,2082119602
4,1,1,2.3056793212890625,1,2.3971405029296875,1,0.058055710047483444,0.647271990776062,-151.28384399414062,72.41468048095703,15.71497917175293,1,-0.03748640418052673,0.6934245228767395,-184.2319793701172,64.00190734863281,12.652994155883789,1,-0.29885587096214294,30.640636444091797,643.0015869140625,0.5018491744995117,0.44225195050239563,0.43691951036453247,1,-66.54850769042969,32.401573181152344,646.097900390625,0.6395459175109863,0.4388834238052368,0.45122256875038147,60985930323,2082127935
4,1,1,2.3497161865234375,1,2.4729156494140625,1,0.049398165196180344,0.6645495295524597,-154.26943969726562,69.26528930664062,14.56872844696045,1,-0.0019487818935886025,0.6888403296470642,-171.97665405273438,64.83749389648438,12.957192420959473,1,-0.315036416053772,30.64309310913086,643.0010986328125,0.5018830895423889,0.4422467350959778,0.436918705701828,1,-66.56742858886719,32.39439392089844,646.0477294921875,0.6395972371101379,0.4388914108276367,0.4511173367500305,60985938657,2082136269
4,1,1,2.3639373779296875,1,2.520599365234375,1,0.049443796277046204,0.6633456349372864,-154.25369262695312,69.4847412109375,14.648579597473145,1,0.02501680888235569,0.6857786774635315,-162.6774444580078,65.39557647705078,13.160297393798828,1,-0.33379065990448,30.65029525756836,643.024169921875,0.5019222497940063,0.4422347843647003,0.4369697868824005,1,-66.58666229248047,32.39045715332031,646.0067749023438,0.6396470069885254,0.4388939440250397,0.4510325491428375,60985946990,2082144602
4,1,1,2.353851318359375,1,2.4624481201171875,1,0.0542333722114563,0.6526308059692383,-152.6019744873047,71.43785095214844,15.359456062316895,1,0.0006823114235885441,0.7024734020233154,-171.06932067871094,62.352420806884766,12.052717208862305,1,-0.34454670548439026,30.642623901367188,643.0352783203125,0.5019447207450867,0.44225212931632996,0.436992883682251,1,-66.59323120117188,32.37506866455078,645.9815063476562,0.639666736125946,0.43892234563827515,0.4509773552417755,60985955323,2082152935
4,1,1,2.364013671875,1,2.4581451416015625,1,0.07662323117256165,0.7339245080947876,-144.88075256347656,56.61946487426758,9.966032981872559,1,0.005944838747382164,0.7306960821151733,-169.25450134277344,57.20796203613281,10.180176734924316,1,-0.3097456097602844,30.594327926635742,642.909912109375,0.501872181892395,0.4423360824584961,0.436714231967926,1,-66.56910705566406,32.340660095214844,646.164794921875,0.6395726799964905,0.43901845812797546,0.451362669467926,60985963657,2082161269
4,1,1,2.35858154296875,1,2.4392547607421875,1,0.08962035179138184,0.7628253698348999,-140.39865112304688,51.35134506225586,8.048662185668945,1,0.018578844144940376,0.7698620557785034,-164.89761352539062,50.06869888305664,7.581770896911621,1,-0.260553777217865,30.564056396484375,642.7498168945312,0.5017695426940918,0.44237804412841797,0.436362624168396,1,-66.50019836425781,32.31363296508789,645.8253173828125,0.6395118832588196,0.43902844190597534,0.4506111443042755,60985971990,2082169602
4,1,1,2.35797119140625,1,2.4439239501953125,1,0.078896164894104,0.7746393084526062,-144.096923828125,49.197898864746094,7.2648091316223145,1,0.022711899131536484,0.7775117754936218,-163.47230529785156,48.67430877685547,7.074173450469971,1,-0.2568882703781128,30.553184509277344,642.7276611328125,0.5017619132995605,0.4423977732658386,0.43631312251091003,1,-66.49347686767578,32.28107833862305,645.6265869140625,0.6395460367202759,0.43906885385513306,0.45017606019973755,60985980323,2082177935
4,1,1,2.38446044921875,1,2.4933319091796875,1,0.07192418724298477,0.7696947455406189,-146.50125122070312,50.09920883178711,7.59282922744751,1,0.028560055419802666,0.7745761275291443,-161.45555114746094,49.20941162109375,7.269003868103027,1,-0.2732653319835663,30.552204132080078,642.7392578125,0.5017961859703064,0.442401260137558,0.43633806705474854,1,-66.54015350341797,32.292030334472656,645.769775390625,0.6396082043647766,0.43906551599502563,0.4504969120025635,60985988657,2082186269
4,1,1,2.3358154296875,1,2.45294189453125,1,0.07078807055950165,0.7503966093063354,-146.89303588867188,53.61691665649414,8.873174667358398,1,0.011178730055689812,0.7799369096755981,-167.4495849609375,48.23221969604492,6.913343906402588,1,-0.296407014131546,30.553653717041016,642.6930541992188,0.5018446445465088,0.44239214062690735,0.436238169670105,1,-66.57335662841797,32.296871185302734,645.8941040039062,0.6396470069885254,0.4390723407268524,0.45077329874038696,60985996990,2082194602
4,1,1,2.347442626953125,1,2.453033447265625,1,0.08988238126039505,0.7579934597015381,-140.30828857421875,52.232147216796875,8.369131088256836,1,0.012469746172428131,0.7969228625297546,-167.00436401367188,45.135982513427734,5.786378860473633,1,-0.3099111318588257,30.55606460571289,642.7385864257812,0.5018728971481323,0.44239309430122375,0.43633729219436646,1,-66.58036041259766,32.2818717956543,645.831787109375,0.6396766304969788,0.4390948712825775,0.45063820481300354,60986005323,2082202935
4,1,1,2.352691650390625,1,2.5181121826171875,1,0.08956128358840942,0.7655889987945557,-140.41900634765625,50.847591400146484,7.8652238845825195,1,0.048610664904117584,0.7813855409622192,-154.54100036621094,47.968143463134766,6.817266464233398,1,-0.324199914932251,30.565195083618164,642.7948608398438,0.5019026398658752,0.44238150119781494,0.43646055459976196,1,-66.5993881225586,32.285491943359375,645.8395385742188,0.639714241027832,0.439088374376297,0.45065972208976746,60986013657,2082211269
4,1,1,2.3324127197265625,1,2.4535369873046875,1,0.09286931902170181,0.7599588632583618,-139.27822875976562,51.873897552490234,8.238717079162598,1,0.0074865627102553844,0.7885940670967102,-168.72283935546875,46.654178619384766,6.33896017074585,1,-0.3379799723625183,30.569984436035156,642.8411865234375,0.5019314885139465,0.4423775374889374,0.43656179308891296,1,-66.61280822753906,32.27615737915039,645.8136596679688,0.6397483944892883,0.4391041696071625,0.45060545206069946,60986021990,2082219602
4,1,1,2.309356689453125,1,2.514495849609375,1,0.10726327449083328,0.755297064781189,-134.31442260742188,52.723636627197266,8.54807186126709,1,0.038115423172712326,0.791898787021637,-158.1603546142578,46.051815032958984,6.119722366333008,1,-0.3523591160774231,30.58307647705078,642.9207763671875,0.5019614100456238,0.4423607587814331,0.43673625588417053,1,-66.62691497802734,32.275230407714844,645.7756958007812,0.6397867202758789,0.4391009509563446,0.45052650570869446,60986030323,2082227935
4,1,1,2.387115478515625,1,2.4638671875,1,0.10485067218542099,0.7501260042190552,-135.14639282226562,53.66624069213867,8.891109466552734,1,0.023292362689971924,0.7646879553794861,-163.2721405029297,51.01183319091797,7.925045490264893,1,-0.35998159646987915,30.586572647094727,642.96630859375,0.501977264881134,0.4423595070838928,0.43683552742004395,1,-66.63648986816406,32.26927947998047,645.691650390625,0.6398269534111023,0.43910181522369385,0.45034632086753845,60986038657,2082236269
4,1,1,2.34991455078125,1,2.4770050048828125,1,0.11011337488889694,0.7654107809066772,-133.33152770996094,50.88009262084961,7.87705135345459,1,0.034783270210027695,0.7887923121452332,-159.3094482421875,46.61804962158203,6.3258056640625,1,-0.37147849798202515,30.589603424072266,643.011962890625,0.5020013451576233,0.4423591196537018,0.43693503737449646,1,-66.64695739746094,32.259578704833984,645.6050415039062,0.6398696303367615,0.4391101598739624,0.450160413980484,60986046990,2082244602
4,1,1,2.3453826904296875,1,2.4593505859375,1,0.10409644991159439,0.7400112748146057,-135.40650939941406,55.50996398925781,9.562180519104004,1,0.02761869691312313,0.7957413196563721,-161.78018188476562,45.35138702392578,5.864743232727051,1,-0.38453245162963867,30.595361709594727,643.0343017578125,0.5020285844802856,0.4423500895500183,0.4369843900203705,1,-66.66588592529297,32.270606994628906,645.556396484375,0.6399206519126892,0.43908068537712097,0.450061172246933,60986055323,2082252935
4,1,1,2.3555450439453125,1,2.48809814453125,1,0.09911056607961655,0.7363893389701843,-137.12591552734375,56.170162200927734,9.802519798278809,1,0.02380754053592682,0.7851570844650269,-163.094482421875,47.28068161010742,6.567041397094727,1,-0.39491650462150574,30.59231185913086,642.9661865234375,0.5020503997802734,0.4423474669456482,0.4368361830711365,1,-66.6798095703125,32.26272201538086,645.4833984375,0.6399672031402588,0.43908700346946716,0.44990551471710205,60986063657,2082261269
4,1,1,2.3401641845703125,1,2.46954345703125,1,0.10059328377246857,0.7357167601585388,-136.6145782470703,56.29280090332031,9.847078323364258,1,0.026980509981513023,0.7956076264381409,-162.00025939941406,45.37574768066406,5.873631477355957,1,-0.40509316325187683,30.58905792236328,642.897216796875,0.5020719170570374,0.44234514236450195,0.43668609857559204,1,-66.69667053222656,32.266448974609375,645.4783325195312,0.6400033831596375,0.43907859921455383,0.449898898601532,60986071990,2082269602
4,1,1,2.310455322265625,1,2.441864013671875,1,0.09516310691833496,0.7321596741676331,-138.48719787597656,56.94115447998047,10.08316707611084,1,0.015560285188257694,0.7841700315475464,-165.93858337402344,47.46061706542969,6.632499694824219,1,-0.4175550043582916,30.585956573486328,642.80615234375,0.5020980834960938,0.44233962893486023,0.43648815155029297,1,-66.7080078125,32.27092742919922,645.4295654296875,0.6400387287139893,0.4390626847743988,0.4497968554496765,60986080323,2082277935
4,1,1,2.363189697265625,1,2.4655303955078125,1,0.09178244322538376,0.737482488155365,-139.6530303955078,55.97090148925781,9.730027198791504,1,0.02658398263156414,0.7926455736160278,-162.1370086669922,45.915679931640625,6.070115089416504,1,-0.42634353041648865,30.582904815673828,642.738037109375,0.5021166801452637,0.4423370063304901,0.43633994460105896,1,-66.72321319580078,32.270957946777344,645.461181640625,0.6400626301765442,0.43906688690185547,0.449868381023407,60986088657,2082286269
4,1,1,2.3474884033203125,1,2.4874725341796875,1,0.10139959305524826,0.7483329772949219,-136.33651733398438,53.99304962158203,9.010132789611816,1,0.02535034529864788,0.7786105871200562,-162.56243896484375,48.4739990234375,7.001376152038574,1,-0.43908774852752686,30.583648681640625,642.6121826171875,0.5021435618400574,0.44231894612312317,0.4360668659210205,1,-66.73005676269531,32.2841796875,645.4483642578125,0.6400798559188843,0.4390377700328827,0.449844092130661,60986096990,2082294602
4,1,1,2.3413238525390625,1,2.49853515625,1,0.08610561490058899,0.7226400375366211,-141.61070251464844,58.676448822021484,10.71469783782959,1,0.03075629472732544,0.7801746726036072,-160.69815063476562,48.18888473510742,6.897567272186279,1,-0.45018208026885986,30.579668045043945,642.566162109375,0.5021669268608093,0.44232112169265747,0.4359665513038635,1,-66.74118041992188,32.28477478027344,645.4696044921875,0.6400977969169617,0.4390393793582916,0.44989240169525146,60986105323,2082302935
4,1,1,2.3377227783203125,1,2.4868621826171875,1,0.08846201002597809,0.7170941829681396,-140.79811096191406,59.68733215332031,11.082635879516602,1,0.030676748603582382,0.7896627187728882,-160.72560119628906,46.45940399169922,6.26801872253418,1,-0.45808470249176025,30.58110809326172,642.5323486328125,0.5021835565567017,0.44231367111206055,0.4358934462070465,1,-66.74612426757812,32.28858947753906,645.4682006835938,0.6401084065437317,0.43903130292892456,0.449891060590744,60986113657,2082311269
4,1,1,2.3286895751953125,1,2.4224853515625,1,0.08888635039329529,0.7157935500144958,-140.65176391601562,59.9244270324707,11.168915748596191,1,0.004681804683059454,0.7769154906272888,-169.69009399414062,48.78298568725586,7.113752365112305,1,-0.464080274105072,30.577470779418945,642.5092163085938,0.5021961331367493,0.4423181712627411,0.43584275245666504,1,-66.75350952148438,32.286800384521484,645.4909057617188,0.6401181817054749,0.43903806805610657,0.449941486120224,60986121990,2082319602
4,1,1,2.3499603271484375,1,2.427001953125,1,0.08391867578029633,0.7306451797485352,-142.36488342285156,57.21724319458008,10.183582305908203,1,0.013421912677586079,0.786102831363678,-166.67601013183594,47.10830307006836,6.504281044006348,1,-0.4672046899795532,30.573341369628906,642.4755859375,0.5022027492523193,0.44232237339019775,0.435769259929657,1,-66.754638671875,32.281951904296875,645.466796875,0.6401264071464539,0.4390448331832886,0.4498889446258545,60986130323,2082327935
4,1,1,2.3549041748046875,1,2.4422607421875,1,0.09542174637317657,0.7346672415733337,-138.39801025390625,56.48406982421875,9.91678524017334,1,0.013506591320037842,0.7774046063423157,-166.6468048095703,48.693817138671875,7.081354141235352,1,-0.4726937413215637,30.571685791015625,642.4639892578125,0.502214252948761,0.44232428073883057,0.4357437789440155,1,-66.75896453857422,32.284523010253906,645.4774169921875,0.6401327848434448,0.4390409290790558,0.44991323351860046,60986138657,2082336269
4,1,1,2.3571319580078125,1,2.4687652587890625,1,0.08128036558628082,0.7472727298736572,-143.27471923828125,54.186336517333984,9.080429077148438,1,0.027222340926527977,0.7853936553001404,-161.9168701171875,47.23759460449219,6.551260471343994,1,-0.4713502824306488,30.561201095581055,642.4183959960938,0.5022115707397461,0.44234007596969604,0.4356434643268585,1,-66.76261901855469,32.27265167236328,645.4771728515625,0.6401404738426208,0.43906545639038086,0.449911892414093,60986146990,2082344602
4,1,1,2.358245849609375,1,2.4756011962890625,1,0.0808563232421875,0.7465828657150269,-143.4209442138672,54.31207275390625,9.126224517822266,1,0.02030591480433941,0.7713485956192017,-164.30201721191406,49.797733306884766,7.483098983764648,1,-0.4714180827140808,30.559799194335938,642.4182739257812,0.5022117495536804,0.44234296679496765,0.4356430768966675,1,-66.76201629638672,32.274810791015625,645.46484375,0.6401422023773193,0.4390592873096466,0.44988536834716797,60986155323,2082352935
4,1,1,2.3402862548828125,1,2.4637298583984375,1,0.08401279896497726,0.7415233850479126,-142.33242797851562,55.23432540893555,9.46187686920166,1,0.030739478766918182,0.7831043601036072,-160.70396423339844,47.65488815307617,6.703117370605469,1,-0.4722282886505127,30.553096771240234,642.3612670898438,0.5022135376930237,0.4423494338989258,0.435518354177475,1,-66.76324462890625,32.27214431762695,645.488525390625,0.6401390433311462,0.439068078994751,0.4499364495277405,60986163664,2082361276
4,1,1,2.3625946044921875,1,2.4622955322265625,1,0.09093876928091049,0.7699267268180847,-139.94398498535156,50.05692672729492,7.577456951141357,1,0.012689067982137203,0.7890174984931946,-166.92874145507812,46.5770149230957,6.310877799987793,1,-0.46853652596473694,30.553043365478516,642.4072265625,0.5022057294845581,0.44235557317733765,0.435618132352829,1,-66.75596618652344,32.26915740966797,645.44287109375,0.6401349902153015,0.439068078994751,0.449835866689682,60986171997,2082369609
4,1,1,2.3539276123046875,1,2.46588134765625,1,0.0931098684668541,0.7541503310203552,-139.1952667236328,52.932640075683594,8.6241455078125,1,0.01914740726351738,0.7901821136474609,-164.7015380859375,46.36469650268555,6.233623027801514,1,-0.4654773771762848,30.55644989013672,642.4414672851562,0.5021992921829224,0.4423529803752899,0.4356929659843445,1,-66.7518310546875,32.27203369140625,645.4320068359375,0.640129029750824,0.43906065821647644,0.4498118460178375,60986180330,2082377942
4,1,1,2.3654937744140625,1,2.4703369140625,1,0.08669131994247437,0.7434490919113159,-141.40872192382812,54.883323669433594,9.334150314331055,1,0.033809490501880646,0.7743657827377319,-159.645263671875,49.24775695800781,7.282933235168457,1,-0.4600145220756531,30.557035446166992,642.475341796875,0.5021877288818359,0.44235625863075256,0.43576645851135254,1,-66.75408172607422,32.2765007019043,645.478759765625,0.6401223540306091,0.43905773758888245,0.449913889169693,60986188664,2082386276
4,1,1,2.3379058837890625,1,2.4766998291015625,1,0.08913812041282654,0.7475717067718506,-140.56494140625,54.13185501098633,9.060550689697266,1,0.03337789699435234,0.7677375674247742,-159.7941131591797,50.45597457885742,7.722628116607666,1,-0.454017698764801,30.563472747802734,642.5208740234375,0.5021750926971436,0.442348837852478,0.435866117477417,1,-66.7485580444336,32.28767395019531,645.468505859375,0.640113353729248,0.4390332102775574,0.44989213347435,60986196997,2082394609
4,1,1,2.3437042236328125,1,2.5074615478515625,1,0.10118895769119263,0.7513619661331177,-136.4091796875,53.44095230102539,8.809137344360352,1,0.0352722704410553,0.7633939981460571,-159.1408233642578,51.24769973754883,8.010910034179688,1,-0.4496224522590637,30.569290161132812,642.600830078125,0.502165675163269,0.4423472583293915,0.43604034185409546,1,-66.74714660644531,32.29360580444336,645.4921264648438,0.6401047110557556,0.4390241503715515,0.44994375109672546,60986205330,2082402942
4,1,1,2.3371124267578125,1,2.5216522216796875,1,0.0972893238067627,0.7480376362800598,-137.7539520263672,54.046878814697266,9.029725074768066,1,0.04516160115599632,0.7684412002563477,-155.73043823242188,50.32767868041992,7.676054000854492,1,-0.4459070563316345,30.57632064819336,642.6239013671875,0.5021578669548035,0.44233566522598267,0.43609142303466797,1,-66.74421691894531,32.30784225463867,645.538330078125,0.640087366104126,0.4390009641647339,0.450044721364975,60986213664,2082411276
4,1,1,2.341033935546875,1,2.449005126953125,1,0.09352491796016693,0.7174257636070251,-139.05213928222656,59.62690353393555,11.06063461303711,1,0.009236129932105541,0.749413013458252,-168.11949157714844,53.79619216918945,8.938451766967773,1,-0.44642502069473267,30.582130432128906,642.6347045898438,0.5021588802337646,0.44232499599456787,0.436115562915802,1,-66.74537658691406,32.31428909301758,645.562744140625,0.6400838494300842,0.4389909505844116,0.45009857416152954,60986221997,2082419609
4,1,1,2.339263916015625,1,2.476226806640625,1,0.08379063755273819,0.7349168062210083,-142.4090576171875,56.4385986328125,9.900226593017578,1,0.03686685860157013,0.7576925158500671,-158.59091186523438,52.2869758605957,8.389159202575684,1,-0.45193809270858765,30.585487365722656,642.646240234375,0.5021704435348511,0.44231951236724854,0.43614116311073303,1,-66.75436401367188,32.32489013671875,645.6199340820312,0.6400884985923767,0.4389767348766327,0.4502255618572235,60986230330,2082427942
4,1,0,nan,1,2.4696807861328125,0,nan,nan,nan,nan,nan,1,0.03338082507252693,0.7533305287361145,-159.79310607910156,53.08210372924805,8.678533554077148,0,nan,nan,nan,nan,nan,nan,1,-66.76860046386719,32.339115142822266,645.7111206054688,0.6400958895683289,0.43895959854125977,0.450427383184433,60986238664,2082436276
4,1,1,2.3265380859375,1,2.482940673828125,1,0.09471113234758377,0.7235519886016846,-138.64306640625,58.510189056396484,10.654207229614258,1,0.0401216484606266,0.7543122172355652,-157.46847534179688,52.90315628051758,8.61340618133545,1,-0.48441949486732483,30.604522705078125,642.726318359375,0.5022382140159607,0.44229045510292053,0.436317503452301,1,-66.77732849121094,32.3394660949707,645.7093505859375,0.640114426612854,0.43895864486694336,0.4504256546497345,60986246997,2082444609
4,1,1,2.34393310546875,1,2.45245361328125,1,0.09069029241800308,0.7282776236534119,-140.02967834472656,57.6487922668457,10.340729713439941,1,0.03290193900465965,0.7658502459526062,-159.958251953125,50.79999923706055,7.847909927368164,1,-0.5039509534835815,30.610305786132812,642.7490234375,0.5022790431976318,0.4422813951969147,0.43636754155158997,1,-66.79100036621094,32.33927536010742,645.6827392578125,0.6401492357254028,0.4389553964138031,0.450371116399765,60986255330,2082452942
4,1,1,2.3514251708984375,1,2.4582977294921875,1,0.09402266889810562,0.7513073086738586,-138.88047790527344,53.45090103149414,8.812764167785645,1,0.04188896343111992,0.7447674870491028,-156.85902404785156,54.64300537109375,9.246634483337402,1,-0.5207664370536804,30.62588882446289,642.806396484375,0.5023141503334045,0.44225651025772095,0.43649426102638245,1,-66.82009887695312,32.34705352783203,645.7705078125,0.6401882767677307,0.43895119428634644,0.45056816935539246,60986263663,2082461275
4,1,1,2.336883544921875,1,2.5137481689453125,1,0.0968342125415802,0.7338765859603882,-137.91091918945312,56.62820816040039,9.969202995300293,1,0.06400810182094574,0.747950553894043,-149.23114013671875,54.062782287597656,9.035469055175781,1,-0.538104772567749,30.617145538330078,642.7833862304688,0.5023505091667175,0.4422716200351715,0.43644315004348755,1,-66.84371948242188,32.34626770019531,645.8247680664062,0.6402240991592407,0.43896010518074036,0.450690358877182,60986271997,2082469609
4,1,1,2.360595703125,1,2.4464569091796875,1,0.09046746790409088,0.752892792224884,-140.10650634765625,53.161903381347656,8.707513809204102,1,0.029532842338085175,0.7596278786659241,-161.1200714111328,51.934207916259766,8.260727882385254,1,-0.5571597814559937,30.622865676879883,642.851806640625,0.5023902654647827,0.4422686696052551,0.4365924298763275,1,-66.86192321777344,32.34584426879883,645.8207397460938,0.6402628421783447,0.4389604330062866,0.4506855905056,60986280331,2082477942
4,1,1,2.3285980224609375,1,2.447021484375,1,0.09904876351356506,0.7229536175727844,-137.147216796875,58.61927032470703,10.693891525268555,1,0.026098275557160378,0.754385232925415,-162.30450439453125,52.889854431152344,8.608521461486816,1,-0.57286536693573,30.629289627075195,642.9093017578125,0.5024229288101196,0.4422628879547119,0.43671807646751404,1,-66.88389587402344,32.34699249267578,645.84033203125,0.6403036713600159,0.4389606714248657,0.4507328271865845,60986288664,2082486275
4,1,1,2.3214569091796875,1,2.465850830078125,1,0.09582305699586868,0.7204961776733398,-138.25961303710938,59.067195892333984,10.8569974899292,1,0.028801577165722847,0.744581401348114,-161.3722686767578,54.676918029785156,9.258949279785156,1,-0.5865950584411621,30.622852325439453,642.9547729492188,0.5024515986442566,0.44228217005729675,0.43681588768959045,1,-66.89833068847656,32.341033935546875,645.8134155273438,0.6403400897979736,0.4389692544937134,0.4506770968437195,60986296999,2082494610
4,1,1,2.331878662109375,1,2.4509429931640625,1,0.09809323400259018,0.7383862733840942,-137.4767303466797,55.8061408996582,9.670088768005371,1,0.03216540068387985,0.7624985575675964,-160.2122344970703,51.41094970703125,8.070243835449219,1,-0.5996477603912354,30.615060806274414,642.98876953125,0.502478837966919,0.44230279326438904,0.43688857555389404,1,-66.90917205810547,32.32726287841797,645.7411499023438,0.6403802037239075,0.43898794054985046,0.45052170753479004,60986305332,2082502943
4,1,1,2.342315673828125,1,2.45697021484375,1,0.09666526317596436,0.7526763081550598,-137.96917724609375,53.20135498046875,8.721944808959961,1,0.03390112146735191,0.816725492477417,-159.61366271972656,41.526344299316406,4.472568511962891,1,-0.620235800743103,30.6020565032959,643.0335693359375,0.502521812915802,0.4423356354236603,0.43698397278785706,1,-66.91458892822266,32.30519104003906,645.728759765625,0.6403945684432983,0.4390319883823395,0.4504929184913635,60986313665,2082511276
4,1,1,2.330780029296875,1,2.4514007568359375,1,0.07857251167297363,0.771143913269043,-144.20855712890625,49.83503723144531,7.496739864349365,1,0.017409659922122955,0.7827479839324951,-165.3008270263672,47.71980667114258,6.7268548011779785,1,-0.6482821702957153,30.592864990234375,642.9074096679688,0.5025809407234192,0.44233807921409607,0.43670907616615295,1,-66.93603515625,32.29799270629883,645.7593994140625,0.6404316425323486,0.43905097246170044,0.45056286454200745,60986321999,2082519610
4,1,1,2.332000732421875,1,2.42877197265625,1,0.06418997049331665,0.7562412023544312,-149.1684112548828,52.55154800415039,8.485397338867188,1,-0.005442448891699314,0.79034024477005,-173.1814727783203,46.335872650146484,6.223133087158203,1,-0.6891085505485535,30.57843780517578,642.6907958984375,0.5026670098304749,0.44233956933021545,0.43623724579811096,1,-66.96353149414062,32.29412078857422,645.8126220703125,0.6404756903648376,0.4390661418437958,0.45068320631980896,60986330332,2082527943
4,1,1,2.336883544921875,1,2.4656219482421875,1,0.08184926956892014,0.7898175716400146,-143.0785369873047,46.431156158447266,6.257826328277588,1,0.003964324947446585,0.7957597970962524,-169.93748474121094,45.34800338745117,5.863546848297119,1,-0.7086774706840515,30.578678131103516,642.7364501953125,0.5027078986167908,0.4423450231552124,0.43633633852005005,1,-66.97396850585938,32.28868103027344,645.7987060546875,0.6405007243156433,0.4390754699707031,0.45065465569496155,60986338665,2082536276
4,1,1,2.351043701171875,1,2.40777587890625,1,0.06823267787694931,0.7912575006484985,-147.77427673339844,46.16870880126953,6.162238121032715,1,-0.005443580448627472,0.7873982787132263,-173.18186950683594,46.872188568115234,6.418267250061035,1,-0.7171802520751953,30.57439422607422,642.6683349609375,0.5027258992195129,0.44234499335289,0.4361880123615265,1,-66.99327850341797,32.2890625,645.8640747070312,0.6405249834060669,0.4390835464000702,0.4508000910282135,60986346999,2082544610
4,1,1,2.3384246826171875,1,2.4793701171875,1,0.06874721497297287,0.7863649725914001,-147.59683227539062,47.06052780151367,6.4868292808532715,1,0.007905290462076664,0.8064475059509277,-168.57843017578125,43.399837493896484,5.154430866241455,1,-0.7257061004638672,30.565744400024414,642.6223754882812,0.5027438998222351,0.4423569142818451,0.43608716130256653,1,-67.00521087646484,32.27303695678711,645.8741455078125,0.6405472755432129,0.43911805748939514,0.45082226395606995,60986355332,2082552943
4,1,1,2.3393096923828125,1,2.4512176513671875,1,0.07199212908744812,0.8004589676856995,-146.47781372070312,44.49142074584961,5.551790714263916,1,0.013249771669507027,0.8062341809272766,-166.73536682128906,43.43871307373047,5.168657302856445,1,-0.7405123710632324,30.5728759765625,642.6910400390625,0.5027746558189392,0.4423510730266571,0.43623724579811096,1,-67.01347351074219,32.271480560302734,645.814697265625,0.6405789256095886,0.43911316990852356,0.45069554448127747,60986363665,2082561276
4,1,1,2.3366241455078125,1,2.4668426513671875,1,0.08316029608249664,0.8028756976127625,-142.62640380859375,44.05092239379883,5.391420841217041,1,0.0052737342193722725,0.8089247345924377,-169.48593139648438,42.948265075683594,4.990129470825195,1,-0.7514966726303101,30.57390594482422,642.7366943359375,0.5027976036071777,0.4423549175262451,0.43633633852005005,1,-67.02494812011719,32.26053237915039,645.7996826171875,0.6406064033508301,0.43913379311561584,0.45066410303115845,60986371999,2082569610
4,1,1,2.33642578125,1,2.4665069580078125,1,0.08564769476652145,0.8011862635612488,-141.7686309814453,44.358863830566406,5.503541946411133,1,0.03070729412138462,0.7979972958564758,-160.71505737304688,44.94020462036133,5.715018272399902,1,-0.7614143490791321,30.574241638183594,642.7593383789062,0.50281822681427,0.4423571228981018,0.4363855719566345,1,-67.02935028076172,32.24195861816406,645.70458984375,0.6406385898590088,0.4391593337059021,0.450457364320755,60986380332,2082577943
4,1,1,2.33380126953125,1,2.39324951171875,1,0.07878092676401138,0.7913334369659424,-144.13665771484375,46.154823303222656,6.157252311706543,1,-0.010636205784976482,0.7889298796653748,-174.97256469726562,46.59299087524414,6.316673755645752,1,-0.7714087963104248,30.577884674072266,642.8047485351562,0.5028390288352966,0.44235551357269287,0.43648457527160645,1,-67.03773498535156,32.23827362060547,645.7030029296875,0.6406564712524414,0.43916672468185425,0.4504552483558655,60986388665,2082586276
4,1,1,2.31329345703125,1,2.4298248291015625,1,0.09100821614265442,0.8100410103797913,-139.9200439453125,42.74481201171875,4.916031360626221,1,0.01297690812498331,0.7727128267288208,-166.8294677734375,49.549068450927734,7.392577648162842,1,-0.7745248079299927,30.578006744384766,642.838623046875,0.5028454065322876,0.4423597455024719,0.43655818700790405,1,-67.04833984375,32.231101989746094,645.7479248046875,0.6406675577163696,0.439187616109848,0.45055341720581055,60986396999,2082594610
4,1,1,2.3433685302734375,1,2.43951416015625,1,0.08154069632291794,0.7946023344993591,-143.1849365234375,45.558982849121094,5.940364360809326,1,0.013577543199062347,0.7849902510643005,-166.62232971191406,47.31108474731445,6.578075885772705,1,-0.7764342427253723,30.578105926513672,642.85009765625,0.5028494000434875,0.4423610270023346,0.436583012342453,1,-67.05048370361328,32.22267150878906,645.738037109375,0.6406744718551636,0.43920373916625977,0.45053139328956604,60986405332,2082602943
4,1,1,2.3063201904296875,1,2.4214630126953125,1,0.08468437194824219,0.8012651801109314,-142.100830078125,44.344478607177734,5.498289585113525,1,0.007832232862710953,0.7849411964416504,-168.6036376953125,47.32004928588867,6.581332206726074,1,-0.7790189385414124,30.57738494873047,642.8731689453125,0.5028547644615173,0.44236552715301514,0.43663302063941956,1,-67.04978942871094,32.21226501464844,645.72412109375,0.6406764388084412,0.43922337889671326,0.45049983263015747,60986413665,2082611276
4,1,1,2.3335113525390625,1,2.4508819580078125,1,0.08686511218547821,0.80441814661026,-141.3488006591797,43.76973342895508,5.289116382598877,1,0.006945840083062649,0.7779361605644226,-168.90931701660156,48.59694290161133,7.046055316925049,1,-0.7771366238594055,30.57320785522461,642.8388671875,0.5028509497642517,0.4423697292804718,0.43655794858932495,1,-67.05036926269531,32.208038330078125,645.7357177734375,0.640674889087677,0.4392336905002594,0.45052435994148254,60986421999,2082619610
4,1,0,nan,1,2.4167327880859375,0,nan,nan,nan,nan,nan,1,0.010628880932927132,0.7953090667724609,-167.63919067382812,45.430179595947266,5.893430709838867,0,nan,nan,nan,nan,nan,nan,1,-67.04502868652344,32.20050811767578,645.70166015625,0.6406720876693726,0.43924468755722046,0.450448602437973,60986430336,2082627947
4,1,1,2.2930755615234375,1,2.477386474609375,1,0.09153047204017639,0.8032325506210327,-139.73992919921875,43.98585891723633,5.367792129516602,1,0.029652349650859833,0.7925172448158264,-161.078857421875,45.939064025878906,6.078673839569092,1,-0.7665347456932068,30.563220977783203,642.781494140625,0.5028288960456848,0.44238296151161194,0.4364321529865265,1,-67.04484558105469,32.198753356933594,645.748779296875,0.640660285949707,0.4392547011375427,0.45054998993873596,60986438669,2082636280
4,1,1,2.3353271484375,1,2.4203338623046875,1,0.07093894481658936,0.8128912448883057,-146.8410186767578,42.225242614746094,4.726990222930908,1,0.003062272211536765,0.7811546325683594,-170.24856567382812,48.01024627685547,6.832584857940674,1,-0.7608342170715332,30.559663772583008,642.7249755859375,0.5028171539306641,0.44238296151161194,0.43630900979042053,1,-67.02980041503906,32.20069885253906,645.7166748046875,0.6406368017196655,0.4392463266849518,0.450477659702301,60986447003,2082644614
4,1,1,2.3323974609375,1,2.4130706787109375,1,0.08346410095691681,0.8099973797798157,-142.5216522216797,42.752716064453125,4.919006824493408,1,0.0003785128646995872,0.7676936984062195,-171.17408752441406,50.46395492553711,7.725614547729492,1,-0.7496792078018188,30.552026748657227,642.702392578125,0.5027939081192017,0.4423958659172058,0.436259001493454,1,-67.03431701660156,32.20177459716797,645.8096923828125,0.6406235694885254,0.4392567574977875,0.4506794810295105,60986455336,2082652947
4,1,1,2.3029632568359375,1,2.439697265625,1,0.09326555579900742,0.7866197824478149,-139.14157104492188,47.01408386230469,6.469951629638672,1,0.009255369193851948,0.7910414934158325,-168.1128692626953,46.208038330078125,6.176640510559082,1,-0.7439311742782593,30.551441192626953,642.599609375,0.5027822256088257,0.44238361716270447,0.43603581190109253,1,-67.02690124511719,32.21635818481445,645.8348388671875,0.6406020522117615,0.43922996520996094,0.45073413848876953,60986463669,2082661280
4,1,1,2.3069915771484375,1,2.4743499755859375,1,0.07152341306209564,0.7825853824615479,-146.6394500732422,47.749473571777344,6.737605094909668,1,0.020930372178554535,0.7734276056289673,-164.08668518066406,49.41875457763672,7.3451995849609375,1,-0.7297509908676147,30.55339813232422,642.611083984375,0.502752423286438,0.4423810839653015,0.4360610246658325,1,-67.02522277832031,32.22685623168945,645.905029296875,0.640581488609314,0.4392177164554596,0.45088672637939453,60986472003,2082669614
4,1,1,2.3180084228515625,1,2.4030303955078125,1,0.06821694225072861,0.7988994717597961,-147.77969360351562,44.77570343017578,5.655240535736084,1,5.7050328905461356e-05,0.789219081401825,-171.28494262695312,46.54027557373047,6.297488689422607,1,-0.7181136608123779,30.554170608520508,642.5543212890625,0.5027282238006592,0.44237205386161804,0.43593791127204895,1,-67.00855255126953,32.24015808105469,645.862548828125,0.6405572295188904,0.4391845166683197,0.4507933259010315,60986480336,2082677947
4,1,1,2.3124847412109375,1,2.3995819091796875,1,0.08679792284965515,0.7732029557228088,-141.37196350097656,49.459712982177734,7.360101699829102,1,-0.004682013764977455,0.7802324295043945,-172.9192352294922,48.178382873535156,6.893720626831055,1,-0.7067497968673706,30.561573028564453,642.588134765625,0.5027043223381042,0.44236111640930176,0.4360122084617615,1,-67.00155639648438,32.27251052856445,645.9567260742188,0.6405196785926819,0.43913033604621887,0.4509996473789215,60986488669,2082686280
4,1,1,2.2901153564453125,1,2.45947265625,1,0.08384562283754349,0.7529242038726807,-142.3900909423828,53.15616226196289,8.705475807189941,1,0.017538810148835182,0.8025873899459839,-165.2562713623047,44.10345458984375,5.410523891448975,1,-0.7018898725509644,30.57267189025879,642.6337280273438,0.5026939511299133,0.4423440396785736,0.43611279129981995,1,-66.99456024169922,32.286277770996094,645.9479370117188,0.6405072212219238,0.4391006529331207,0.45098093152046204,60986497003,2082694614
4,1,1,2.33465576171875,1,2.4737548828125,1,0.05575266107916832,0.7791864275932312,-152.07806396484375,48.36902618408203,6.963140964508057,1,0.008592701517045498,0.7725236415863037,-168.3413848876953,49.583534240722656,7.4051899909973145,1,-0.7617161273956299,30.59107208251953,642.7825927734375,0.502818763256073,0.44232526421546936,0.4364383816719055,1,-67.0409927368164,32.32547378540039,646.3507080078125,0.6405054926872253,0.43907415866851807,0.45186594128608704,60986505336,2082702947
4,1,1,2.3331146240234375,1,2.3801727294921875,1,0.05524400249123573,0.7662659287452698,-152.25347900390625,50.724205017089844,7.820315361022949,1,-0.05636860430240631,0.7765710353851318,-190.7435760498047,48.84577178955078,7.136657238006592,1,-0.8067439794540405,30.61361312866211,643.0216674804688,0.5029122233390808,0.442309707403183,0.43696025013923645,1,-67.19883728027344,32.50627136230469,649.46826171875,0.6400777101516724,0.4391224682331085,0.45865413546562195,60986513669,2082711280
4,1,1,2.3494415283203125,1,2.4068145751953125,1,0.053951043635606766,0.7752637267112732,-152.69935607910156,49.08407211303711,7.223382949829102,1,-0.021466456353664398,0.757379949092865,-178.70741271972656,52.343955993652344,8.409912109375,1,-0.814873218536377,30.627906799316406,642.965087890625,0.5029293894767761,0.4422725737094879,0.4368394911289215,1,-67.2099609375,32.53071975708008,649.4185791015625,0.6401124596595764,0.4390653967857361,0.45855289697647095,60986522003,2082719614
4,1,1,2.317840576171875,1,2.4058837890625,1,0.06496311724185944,0.7575988173484802,-148.90179443359375,52.304054260253906,8.395403861999512,1,-0.015625493600964546,0.7611165046691895,-176.69313049316406,51.66284942626953,8.161938667297363,1,-0.8032095432281494,30.645795822143555,642.9534301757812,0.5029049515724182,0.4422338902950287,0.43681666254997253,1,-67.1971206665039,32.54521942138672,649.4093017578125,0.6400881409645081,0.4390343427658081,0.45853206515312195,60986530336,2082727947
4,1,1,2.339111328125,1,2.46759033203125,1,0.06871878355741501,0.7876481413841248,-147.6066436767578,46.82661056518555,6.401705741882324,1,-0.016663027927279472,0.7423014640808105,-177.05091857910156,55.092498779296875,9.410262107849121,1,-0.7882944345474243,30.6510009765625,642.9769287109375,0.5028736591339111,0.44222620129585266,0.436868280172348,1,-67.19011688232422,32.55720901489258,649.5162963867188,0.6400479078292847,0.4390241205692291,0.458763062953949,60986538669,2082736280
4,1,1,2.32305908203125,1,2.3743896484375,1,0.058366335928440094,0.7710501551628113,-151.1767120361328,49.852134704589844,7.502918720245361,1,-0.040344834327697754,0.7274200320243835,-185.21768188476562,57.80513000488281,10.397533416748047,1,-0.7750212550163269,30.64865493774414,642.9422607421875,0.5028460025787354,0.4422265291213989,0.43679264187812805,1,-67.18877410888672,32.56459045410156,649.5401000976562,0.6400394439697266,0.4390121400356293,0.45881518721580505,60986547003,2082744614
4,1,1,2.289947509765625,1,2.4429473876953125,1,0.06195605546236038,0.7708045244216919,-149.9387969970703,49.89692306518555,7.519207954406738,1,-0.0051948255859315395,0.7640016674995422,-173.0960693359375,51.136966705322266,7.970485210418701,1,-0.7630571126937866,30.642803192138672,642.8619384765625,0.5028212070465088,0.44222819805145264,0.4366176426410675,1,-67.18562316894531,32.565250396728516,649.5767822265625,0.6400241255760193,0.4390157461166382,0.458893746137619,60986555337,2082752948
4,1,1,2.3375701904296875,1,2.4358673095703125,1,0.048789359629154205,0.7817012667655945,-154.47940063476562,47.910614013671875,6.796281814575195,1,-0.019816281273961067,0.7290869355201721,-178.13833618164062,57.50129318237305,10.2869234085083,1,-0.7542483806610107,30.64409828186035,642.885009765625,0.5028027296066284,0.4422285556793213,0.436667799949646,1,-67.17899322509766,32.56584548950195,649.566650390625,0.6400129199028015,0.43901318311691284,0.458870530128479,60986563670,2082761281
4,1,1,2.32159423828125,1,2.432464599609375,1,0.05083124712109566,0.7796698212623596,-153.77523803710938,48.28091049194336,6.931042671203613,1,-0.022072436287999153,0.7527493834495544,-178.9163818359375,53.18806457519531,8.717090606689453,1,-0.7454884052276611,30.644004821777344,642.83935546875,0.5027845501899719,0.4422227740287781,0.4365686774253845,1,-67.1757583618164,32.5670166015625,649.5777587890625,0.640003502368927,0.4390122890472412,0.45889389514923096,60986572004,2082769615
4,1,1,2.3064727783203125,1,2.4373779296875,1,0.05273209512233734,0.7619742155075073,-153.11973571777344,51.50650405883789,8.105088233947754,1,-0.006358309183269739,0.7719253301620483,-173.49729919433594,49.69259262084961,7.444889068603516,1,-0.7392140626907349,30.642484664916992,642.8619995117188,0.502771258354187,0.44222891330718994,0.4366176426410675,1,-67.16374206542969,32.56078338623047,649.5091552734375,0.639995276927948,0.43901586532592773,0.4587423503398895,60986580337,2082777948
4,1,1,2.3432464599609375,1,2.4697723388671875,1,0.059789806604385376,0.7710264325141907,-150.6858367919922,49.8564453125,7.504517555236816,1,0.000348621018929407,0.7690635323524475,-171.1844024658203,50.21425247192383,7.634731769561768,1,-0.7354612946510315,30.64448356628418,642.8394775390625,0.5027635097503662,0.44222185015678406,0.436568945646286,1,-67.15289306640625,32.55769729614258,649.46435546875,0.6399837136268616,0.439016193151474,0.458642840385437,60986588670,2082786281
4,1,1,2.3013458251953125,1,2.429046630859375,1,0.06160583719611168,0.7943273782730103,-150.0595703125,45.60911178588867,5.958598613739014,1,-0.01754727214574814,0.7468085885047913,-177.3558807373047,54.27091598510742,9.111245155334473,1,-0.7317031621932983,30.65264320373535,642.8164672851562,0.5027556419372559,0.44220179319381714,0.4365202486515045,1,-67.14776611328125,32.554115295410156,649.380859375,0.6399931907653809,0.4390122592449188,0.4584609270095825,60986597004,2082794615
4,1,1,2.3111419677734375,1,2.4226226806640625,1,0.07000024616718292,0.7781041860580444,-147.1647186279297,48.56629943847656,7.034957408905029,1,-0.01282249391078949,0.7649931311607361,-175.72650146484375,50.95623016357422,7.904742240905762,1,-0.7304562330245972,30.662893295288086,642.8165893554688,0.5027530789375305,0.4421805441379547,0.43652185797691345,1,-67.14949035644531,32.560882568359375,649.390869140625,0.6399943828582764,0.4389997124671936,0.458484023809433,60986605337,2082802948
4,1,1,2.322021484375,1,2.413909912109375,1,0.052339933812618256,0.7823600172996521,-153.2549591064453,47.790531158447266,6.752592086791992,1,-0.026960493996739388,0.7692988514900208,-180.60206604003906,50.17137908935547,7.619088649749756,1,-0.7323756217956543,30.673694610595703,642.8278198242188,0.5027570128440857,0.44215962290763855,0.43654772639274597,1,-67.14898681640625,32.562835693359375,649.3800048828125,0.6399959921836853,0.43899422883987427,0.45846065878868103,60986613670,2082811281
4,1,1,2.319183349609375,1,2.404754638671875,1,0.051963116973638535,0.7996867299079895,-153.38491821289062,44.63218688964844,5.602993488311768,1,-0.028428496792912483,0.7523279786109924,-181.10830688476562,53.26483917236328,8.745033264160156,1,-0.7324004173278809,30.695941925048828,642.8506469726562,0.5027569532394409,0.4421164095401764,0.4366002678871155,1,-67.15393829345703,32.574371337890625,649.3792724609375,0.6400063037872314,0.4389703571796417,0.45846185088157654,60986622004,2082819615
4,1,1,2.332427978515625,1,2.377044677734375,1,0.04178965091705322,0.7951986789703369,-156.8932647705078,45.450294494628906,5.900758743286133,1,-0.03931495547294617,0.7601748704910278,-184.86253356933594,51.834495544433594,8.224444389343262,1,-0.7347943782806396,30.702861785888672,642.8275146484375,0.5027620196342468,0.4420989453792572,0.436551034450531,1,-67.153564453125,32.579437255859375,649.3440551757812,0.6400139927864075,0.4389552175998688,0.4583863615989685,60986630337,2082827948
4,1,1,2.324127197265625,1,2.38238525390625,1,0.04698173329234123,0.8068121075630188,-155.10275268554688,43.33335494995117,5.130298137664795,1,-0.03578748553991318,0.7641338109970093,-183.64608764648438,51.11284255981445,7.961811542510986,1,-0.7409548759460449,30.70892333984375,642.8275756835938,0.5027748942375183,0.4420863389968872,0.43655210733413696,1,-67.16441345214844,32.58723831176758,649.364990234375,0.6400312185287476,0.43894192576408386,0.45843517780303955,60986638670,2082836281
4,1,0,nan,1,2.4351654052734375,0,nan,nan,nan,nan,nan,1,-0.015657803043723106,0.7642372250556946,-176.7042694091797,51.093994140625,7.9549560546875,0,nan,nan,nan,nan,nan,nan,1,-67.17549896240234,32.59593963623047,649.3634643554688,0.6400544047355652,0.43892377614974976,0.458435595035553,60986647004,2082844615
4,1,1,2.27947998046875,1,2.41845703125,1,0.05626511201262474,0.8050439953804016,-151.90135192871094,43.655635833740234,5.2476325035095215,1,-0.019383227452635765,0.7542992830276489,-177.989013671875,52.905494689941406,8.614330291748047,1,-0.7609221339225769,30.72211456298828,642.8275146484375,0.5028167366981506,0.4420589208602905,0.43655383586883545,1,-67.17996215820312,32.590980529785156,649.280029296875,0.6400837302207947,0.4389227032661438,0.458255797624588,60986655337,2082852948
4,1,1,2.284088134765625,1,2.4066619873046875,1,0.05575399845838547,0.789254903793335,-152.0775909423828,46.53373718261719,6.295071601867676,1,-0.02384987100958824,0.760896623134613,-179.5293426513672,51.702945709228516,8.176533699035645,1,-0.7785780429840088,30.710693359375,642.8505249023438,0.5028536319732666,0.4420856237411499,0.43660226464271545,1,-67.04902648925781,32.414878845214844,646.2191772460938,0.6405536532402039,0.4388713836669922,0.45159658789634705,60986663670,2082861281
4,1,1,2.2638702392578125,1,2.420867919921875,1,0.06545502692461014,0.777843177318573,-148.73214721679688,48.61387252807617,7.052218437194824,1,-0.01463086437433958,0.7652975916862488,-176.35012817382812,50.90071487426758,7.88458776473999,1,-0.7980698347091675,30.707595825195312,642.885009765625,0.5028942823410034,0.4420965611934662,0.436676561832428,1,-67.20466613769531,32.564510345458984,649.2661743164062,0.6401380896568298,0.4389752745628357,0.4582275450229645,60986672004,2082869615
4,1,1,2.2730865478515625,1,2.395538330078125,1,0.05406578257679939,0.7779932022094727,-152.6597900390625,48.586544036865234,7.042294025421143,1,-0.025348713621497154,0.747593879699707,-180.04623413085938,54.12777328491211,9.059170722961426,1,-0.816750168800354,30.691360473632812,642.8392333984375,0.5029336214065552,0.44212421774864197,0.43657517433166504,1,-67.22422790527344,32.545021057128906,649.2630615234375,0.6401791572570801,0.43901491165161133,0.458222359418869,60986680337,2082877948
4,1,1,2.3242034912109375,1,2.3868865966796875,1,0.055643290281295776,0.7795335054397583,-152.11578369140625,48.30575942993164,6.940110206604004,1,-0.047742344439029694,0.7378751039505005,-187.7687530517578,55.899356842041016,9.703880310058594,1,-0.8351843357086182,30.677173614501953,642.8161010742188,0.5029723048210144,0.4421505928039551,0.43652305006980896,1,-67.09877014160156,32.37297821044922,646.2109375,0.640658974647522,0.4389568269252777,0.4515838623046875,60986688673,2082886284
4,1,1,2.300384521484375,1,2.3647613525390625,1,0.05381390079855919,0.7824224829673767,-152.74664306640625,47.7791633605957,6.7484235763549805,1,-0.04956496134400368,0.7529978156089783,-188.3972930908203,53.142765045166016,8.700568199157715,1,-0.8572525978088379,30.657697677612305,642.8050537109375,0.5030186176300049,0.4421895742416382,0.4364964962005615,1,-67.1181411743164,32.36393737792969,646.22998046875,0.6406945586204529,0.43897804617881775,0.45162805914878845,60986697008,2082894618
4,1,1,2.3268280029296875,1,2.399810791015625,1,0.04272197186946869,0.7681547403335571,-156.57176208496094,50.37993240356445,7.694993019104004,1,-0.03055076114833355,0.7560411691665649,-181.84019470214844,52.587989807128906,8.498703956604004,1,-0.8786535263061523,30.63198471069336,642.7589721679688,0.5030635595321655,0.44223693013191223,0.43639302253723145,1,-67.29779815673828,32.52082061767578,649.5587158203125,0.6402597427368164,0.43910452723503113,0.45887333154678345,60986705341,2082902951
4,1,1,2.287017822265625,1,2.4024505615234375,1,0.05704611539840698,0.7362150549888611,-151.6320037841797,56.20195388793945,9.814033508300781,1,-0.02852816693484783,0.7721958756446838,-181.14266967773438,49.643287658691406,7.426913261413574,1,-0.8995853662490845,30.62053680419922,642.8037109375,0.5031073093414307,0.4422665536403656,0.436488538980484,1,-67.33737182617188,32.51083755493164,649.7660522460938,0.6402913331985474,0.43915292620658875,0.4593280255794525,60986713674,2082911284
4,1,1,2.297210693359375,1,2.4423828125,1,0.07490953058004379,0.7659640312194824,-145.47174072265625,50.77925109863281,7.840353965759277,1,0.005547502543777227,0.7868886590003967,-169.3915252685547,46.965065002441406,6.4520392417907715,1,-0.8469679355621338,30.61528778076172,642.9298706054688,0.5029966831207275,0.44229409098625183,0.4367614686489105,1,-67.34062194824219,32.51219940185547,650.0345458984375,0.6402333974838257,0.4391862750053406,0.4599083960056305,60986722008,2082919618
4,1,1,2.2727508544921875,1,2.382232666015625,1,0.1247628852725029,0.7209814786911011,-128.27957153320312,58.978763580322266,10.824715614318848,1,0.01242104172706604,0.7738536596298218,-167.0211639404297,49.34112548828125,7.316861629486084,1,-0.7378436326980591,30.62932014465332,642.8623046875,0.5027684569358826,0.44225627183914185,0.436616450548172,1,-67.0927734375,32.301902770996094,645.8089599609375,0.6407445669174194,0.43904927372932434,0.45070508122444153,60986730341,2082927951
4,1,1,2.2703857421875,1,2.3984375,1,0.16534093022346497,0.7088980078697205,-114.28605651855469,61.18134689331055,11.626429557800293,1,0.04715021327137947,0.7432215809822083,-155.044677734375,54.92477798461914,9.349251747131348,1,-0.6209248304367065,30.62839126586914,642.8973388671875,0.5025236010551453,0.44226306676864624,0.43669208884239197,1,-67.03913116455078,32.32121276855469,645.8314819335938,0.6406278014183044,0.4390125274658203,0.45074450969696045,60986738674,2082936284
4,1,1,2.257568359375,1,2.4250335693359375,1,0.16936908662319183,0.7271715998649597,-112.8969497680664,57.850379943847656,10.414098739624023,1,0.05832499638199806,0.7407710552215576,-151.1909942626953,55.37144470214844,9.511838912963867,1,-0.5916194915771484,30.62309455871582,642.9315185546875,0.5024621486663818,0.44227859377861023,0.4367654621601105,1,-67.03459930419922,32.33662414550781,645.9862670898438,0.6405807137489319,0.4390016198158264,0.45107966661453247,60986747008,2082944618
4,1,1,2.27667236328125,1,2.403533935546875,1,0.177489772439003,0.7182366251945496,-110.09648132324219,59.47908020019531,11.006885528564453,1,0.04263424500823021,0.7557180523872375,-156.6020050048828,52.64691162109375,8.520133972167969,1,-0.599534273147583,30.62456512451172,642.92041015625,0.5024787783622742,0.4422741234302521,0.43674156069755554,1,-67.05419158935547,32.338340759277344,645.9813232421875,0.6406225562095642,0.438997358083725,0.451073557138443,60986755341,2082952951
4,1,1,2.238800048828125,1,2.4165191650390625,1,0.1892363727092743,0.7464728355407715,-106.04562377929688,54.33213806152344,9.133496284484863,1,0.05419263616204262,0.7702274322509766,-152.61602783203125,50.00210952758789,7.557448387145996,1,-0.6058224439620972,30.62969970703125,642.9205322265625,0.5024919509887695,0.4422634243965149,0.4367426335811615,1,-67.05684661865234,32.32945251464844,645.9100952148438,0.6406452655792236,0.43900609016418457,0.4509192407131195,60986763674,2082961284
4,1,1,2.2411651611328125,1,2.452423095703125,1,0.1715090274810791,0.7154425382614136,-112.15896606445312,59.9884147644043,11.192191123962402,1,0.06810615211725235,0.7752270698547363,-147.8179168701172,49.090763092041016,7.225797653198242,1,-0.6040053367614746,30.65185546875,642.93212890625,0.5024880170822144,0.4422188997268677,0.4367707669734955,1,-67.05352783203125,32.32840347290039,645.815185546875,0.6406615376472473,0.438995361328125,0.450713574886322,60986772008,2082969618
4,1,1,2.24432373046875,1,2.42169189453125,1,0.16868683695793152,0.7231093049049377,-113.13220977783203,58.59086990356445,10.683603286743164,1,0.06257376819849014,0.7678332924842834,-149.72576904296875,50.43849182128906,7.716360569000244,1,-0.5972211360931396,30.663772583007812,642.966064453125,0.502473771572113,0.44219866394996643,0.436845988035202,1,-67.05543518066406,32.33266067504883,645.8753662109375,0.6406508088111877,0.43899473547935486,0.450844407081604,60986780341,2082977951
4,1,1,2.248565673828125,1,2.4033660888671875,1,0.1704391986131668,0.7392529249191284,-112.52791595458984,55.6482048034668,9.612524032592773,1,0.046464476734399796,0.7916191816329956,-155.28114318847656,46.102752685546875,6.138261795043945,1,-0.5916265249252319,30.66750717163086,642.9317626953125,0.5024621486663818,0.4421863853931427,0.43677207827568054,1,-67.04744720458984,32.33625030517578,645.8659057617188,0.6406366229057312,0.43898603320121765,0.45082277059555054,60986788674,2082986284
4,1,1,2.2550048828125,1,2.412445068359375,1,0.17616978287696838,0.7405560612678528,-110.55169677734375,55.41065979003906,9.52603530883789,1,0.05930733680725098,0.7766044735908508,-150.8522186279297,48.839683532714844,7.134417533874512,1,-0.5829977989196777,30.690025329589844,642.9541015625,0.5024439692497253,0.4421425461769104,0.4368235766887665,1,-67.03382873535156,32.33968734741211,645.8446655273438,0.6406134963035583,0.43897607922554016,0.45077434182167053,60986797008,2082994618
4,1,1,2.248779296875,1,2.388031005859375,1,0.16601505875587463,0.7431322932243347,-114.0535888671875,54.941043853759766,9.355157852172852,1,0.04373855143785477,0.7686890363693237,-156.22117614746094,50.28253936767578,7.659528732299805,1,-0.5686700344085693,30.70060157775879,642.9888916015625,0.502413809299469,0.44212523102760315,0.4369005262851715,1,-67.01107025146484,32.338478088378906,645.7548217773438,0.6405881643295288,0.43896639347076416,0.4505753219127655,60986805341,2083002951
4,1,1,2.2124786376953125,1,2.366607666015625,1,0.18977056443691254,0.750441312789917,-105.86140441894531,53.6087532043457,8.87018871307373,1,0.02641134150326252,0.7698208689689636,-162.196533203125,50.076202392578125,7.58447265625,1,-0.5491251945495605,30.70276641845703,642.954345703125,0.5023729801177979,0.4421161711215973,0.43682584166526794,1,-66.99449157714844,32.34050750732422,645.721923828125,0.6405617594718933,0.4389577805995941,0.45050087571144104,60986813674,2083011284
4,1,1,2.26263427734375,1,2.4213104248046875,1,0.16343607008457184,0.7507179379463196,-114.9429702758789,53.55834197998047,8.85183048248291,1,0.05969739332795143,0.771877646446228,-150.7176971435547,49.70127487182617,7.448035717010498,1,-0.5308482050895691,30.69415283203125,642.874755859375,0.5023349523544312,0.4421236515045166,0.4366520047187805,1,-66.96414184570312,32.34169387817383,645.6591186523438,0.6405140161514282,0.43894684314727783,0.4503587782382965,60986822012,2083019622
4,1,1,2.280242919921875,1,2.42962646484375,1,0.15875107049942017,0.752444863319397,-116.5586166381836,53.24355697631836,8.737295150756836,1,0.05195486173033714,0.7589242458343506,-153.3877410888672,52.06248474121094,8.307391166687012,1,-0.5134627223014832,30.700904846191406,642.920166015625,0.5022984743118286,0.4421156346797943,0.4367513954639435,1,-66.94244384765625,32.35165786743164,645.6754760742188,0.6404650807380676,0.4389285147190094,0.4503907561302185,60986830345,2083027955
4,1,1,2.2113800048828125,1,2.4588470458984375,1,0.1737542748451233,0.7563701272010803,-111.38469696044922,52.52804946899414,8.476849555969238,1,0.057031985372304916,0.7806700468063354,-151.6368865966797,48.09859085083008,6.864684581756592,1,-0.4883274734020233,30.7028751373291,642.931884765625,0.5022457838058472,0.44211313128471375,0.43677714467048645,1,-66.9207763671875,32.35894775390625,645.7273559570312,0.6404075026512146,0.4389204680919647,0.45049890875816345,60986838678,2083036288
4,1,1,2.2496337890625,1,2.4191131591796875,1,0.16648614406585693,0.7524116039276123,-113.89114379882812,53.249610900878906,8.73953914642334,1,0.06472605466842651,0.7714913487434387,-148.98355102539062,49.771705627441406,7.4736647605896,1,-0.4623638093471527,30.689586639404297,642.79541015625,0.5021917223930359,0.44212284684181213,0.4364791214466095,1,-66.90238952636719,32.361968994140625,645.7782592773438,0.6403569579124451,0.4389212131500244,0.450605183839798,60986847011,2083044621
4,1,1,2.27679443359375,1,2.4189453125,1,0.1679009646177292,0.7345951795578003,-113.40324401855469,56.49722671508789,9.92155933380127,1,0.06096310168504715,0.7663141489028931,-150.2812042236328,50.71542739868164,7.817102909088135,1,-0.43240904808044434,30.69092559814453,642.84130859375,0.5021288990974426,0.4421261250972748,0.43657878041267395,1,-66.87967681884766,32.370567321777344,645.807373046875,0.6403027772903442,0.4389074146747589,0.450664222240448,60986855345,2083052955
4,1,1,2.25238037109375,1,2.4215240478515625,1,0.16816680133342743,0.7398200631141663,-113.31155395507812,55.54481506347656,9.574872970581055,1,0.07228211313486099,0.7554024457931519,-146.3778076171875,52.70441818237305,8.541074752807617,1,-0.4018549919128418,30.685836791992188,642.8984375,0.5020648837089539,0.4421443045139313,0.43670204281806946,1,-66.85221099853516,32.37429428100586,645.800048828125,0.6402475833892822,0.4388987123966217,0.450642853975296,60986863678,2083061288
4,1,1,2.2435302734375,1,2.410919189453125,1,0.180728480219841,0.7361448407173157,-108.9796142578125,56.21475601196289,9.818705558776855,1,0.0797850489616394,0.7651004195213318,-143.79039001464844,50.9366569519043,7.89764404296875,1,-0.37698978185653687,30.685134887695312,642.9439697265625,0.5020127296447754,0.44215184450149536,0.43680062890052795,1,-66.82122802734375,32.377967834472656,645.7704467773438,0.6401905417442322,0.43888720870018005,0.45057255029678345,60986872011,2083069621
4,1,1,2.2327728271484375,1,2.367431640625,1,0.1790454387664795,0.7402377128601074,-109.56001281738281,55.46868896484375,9.547173500061035,1,0.06208835914731026,0.7719796895980835,-149.89317321777344,49.682701110839844,7.441234111785889,1,-0.35153061151504517,30.683414459228516,642.9780883789062,0.5019593834877014,0.4421599209308624,0.4368743896484375,1,-66.78910064697266,32.387081146240234,645.8238525390625,0.6401109099388123,0.438875675201416,0.45068201422691345,60986880345,2083077955
4,1,1,2.2448272705078125,1,2.443756103515625,1,0.16974303126335144,0.7500558495521545,-112.76797485351562,53.67902374267578,8.895740509033203,1,0.07491595298051834,0.7728173732757568,-145.46951293945312,49.529991149902344,7.385666847229004,1,-0.32377463579177856,30.67751693725586,642.887451171875,0.5019014477729797,0.4421602785587311,0.43667683005332947,1,-66.76310729980469,32.39616775512695,645.8531494140625,0.6400498747825623,0.43886086344718933,0.450740784406662,60986888678,2083086288
4,1,1,2.250091552734375,1,2.3946075439453125,1,0.17392772436141968,0.7431889176368713,-111.32487487792969,54.93071746826172,9.351396560668945,1,0.036077164113521576,0.7753243446350098,-158.86325073242188,49.07303237915039,7.2193450927734375,1,-0.29955434799194336,30.684480667114258,642.9215087890625,0.5018506646156311,0.442150354385376,0.4367517828941345,1,-66.73075866699219,32.39696502685547,645.7535400390625,0.6400068998336792,0.43884575366973877,0.45051878690719604,60986897011,2083094621
4,1,1,2.2660369873046875,1,2.4112548828125,1,0.1649489402770996,0.7551347613334656,-114.42124938964844,52.753238677978516,8.55878734588623,1,0.05225297808647156,0.7804098725318909,-153.2849578857422,48.14601135253906,6.881987571716309,1,-0.27366816997528076,30.684078216552734,642.8759155273438,0.501796543598175,0.4421452283859253,0.43665266036987305,1,-66.7063217163086,32.400634765625,645.7119750976562,0.6399663090705872,0.4388325810432434,0.4504241943359375,60986905345,2083102955
4,1,1,2.2521820068359375,1,2.4070892333984375,1,0.17613764107227325,0.7415748238563538,-110.56278228759766,55.22496795654297,9.458427429199219,1,0.07198021560907364,0.7781375646591187,-146.48193359375,48.56021499633789,7.0327277183532715,1,-0.24528686702251434,30.673965454101562,642.7847900390625,0.5017372369766235,0.4421543478965759,0.436453640460968,1,-66.68193054199219,32.4085807800293,645.7406005859375,0.6399087905883789,0.4388200342655182,0.4504817724227905,60986913678,2083111288
4,1,1,2.240631103515625,1,2.4119415283203125,1,0.1795520931482315,0.7467555999755859,-109.38529968261719,54.28058624267578,9.114744186401367,1,0.05509847030043602,0.7841873168945312,-152.30364990234375,47.45743942260742,6.6313862800598145,1,-0.21846416592597961,30.687984466552734,642.84228515625,0.5016810297966003,0.442132830619812,0.43658024072647095,1,-66.65718078613281,32.425392150878906,645.7330932617188,0.6398591995239258,0.43878430128097534,0.45046254992485046,60986922011,2083119621
4,1,1,2.2455596923828125,1,2.3664703369140625,1,0.15369842946529388,0.7462601065635681,-118.30104064941406,54.370906829833984,9.1476469039917,1,0.063204325735569,0.7731488943099976,-149.50831604003906,49.46957015991211,7.3636155128479,1,-0.1909649819135666,30.693225860595703,642.9105224609375,0.5016233921051025,0.4421309530735016,0.43672895431518555,1,-66.63118743896484,32.44286346435547,645.7857055664062,0.6397924423217773,0.4387553334236145,0.45057278871536255,60986930345,2083127955
4,1,1,2.2527618408203125,1,2.394927978515625,1,0.17187263071537018,0.7479118704795837,-112.03358459472656,54.06980514526367,9.038042068481445,1,0.04398540407419205,0.7749660015106201,-156.1360626220703,49.13833236694336,7.243137359619141,1,-0.162879079580307,30.706911087036133,642.9674072265625,0.5015644431114197,0.4421100616455078,0.43685436248779297,1,-66.60005950927734,32.464874267578125,645.7550048828125,0.639735221862793,0.4387056529521942,0.45050275325775146,60986938678,2083136288
4,1,1,2.208953857421875,1,2.4404754638671875,1,0.1851712018251419,0.7720071077346802,-107.44751739501953,49.67768859863281,7.439422607421875,1,0.07659181207418442,0.8141368627548218,-144.89157104492188,41.9981689453125,4.644341945648193,1,-0.13798308372497559,30.70772361755371,642.9901123046875,0.501512348651886,0.44211143255233765,0.436903715133667,1,-66.57147979736328,32.47298049926758,645.8094482421875,0.6396628022193909,0.43869638442993164,0.45061513781547546,60986947011,2083144621
4,1,1,2.2436676025390625,1,2.3616943359375,1,0.15715466439723969,0.7582722306251526,-117.10913848876953,52.18130111694336,8.350687026977539,1,0.051939114928245544,0.7865873575210571,-153.39317321777344,47.01997756958008,6.472109794616699,1,-0.10639294981956482,30.709945678710938,642.9444580078125,0.5014462471008301,0.44210085272789,0.436804860830307,1,-66.53768920898438,32.4769287109375,645.69873046875,0.6396194696426392,0.438673198223114,0.450369268655777,60986955348,2083152958
4,1,1,2.2206573486328125,1,2.3695526123046875,1,0.17445121705532074,0.7611980438232422,-111.14434814453125,51.64800262451172,8.156547546386719,1,0.04620235785841942,0.7822359800338745,-155.37152099609375,47.813167572021484,6.760762691497803,1,-0.08105190843343735,30.710132598876953,642.9107055664062,0.50139319896698,0.4420960545539856,0.43673160672187805,1,-66.49676513671875,32.4787483215332,645.5770263671875,0.6395639181137085,0.438652902841568,0.450097918510437,60986963681,2083161291
4,1,1,2.2215118408203125,1,2.367828369140625,1,0.17003901302814484,0.7402678728103638,-112.66590881347656,55.463191986083984,9.545165061950684,1,0.037664055824279785,0.7836184501647949,-158.3159942626953,47.5611457824707,6.669066905975342,1,-0.05270184576511383,30.704151153564453,642.9561767578125,0.5013338923454285,0.44211456179618835,0.436829537153244,1,-66.4794921875,32.48615264892578,645.6519775390625,0.6395099759101868,0.4386478662490845,0.45025700330734253,60986972014,2083169624
4,1,1,2.2343597412109375,1,2.3937530517578125,1,0.1865733414888382,0.7473834753036499,-106.96397399902344,54.166141510009766,9.073062896728516,1,0.06615261733531952,0.7774214148521423,-148.49159240722656,48.69076156616211,7.080230236053467,1,-0.026244031265378,30.689342498779297,642.876708984375,0.5012785792350769,0.44213494658470154,0.43665507435798645,1,-66.45954895019531,32.50377655029297,645.7730712890625,0.6394394040107727,0.4386279284954071,0.45051640272140503,60986980348,2083177958
4,1,1,2.232666015625,1,2.4203948974609375,1,0.17603087425231934,0.7381254434585571,-110.59959411621094,55.85369873046875,9.687369346618652,1,0.06392549723386765,0.783303439617157,-149.25962829589844,47.618568420410156,6.690006256103516,1,2.146512269973755e-05,30.68104362487793,642.9223022460938,0.5012235641479492,0.44215819239616394,0.4367528557777405,1,-66.43844604492188,32.51483917236328,645.8726196289062,0.6393715143203735,0.43861863017082214,0.450728178024292,60986988681,2083186291
4,1,1,2.263092041015625,1,2.40045166015625,1,0.17077596485614777,0.740039050579071,-112.41177368164062,55.504886627197266,9.560386657714844,1,0.06054171919822693,0.7972996830940247,-150.42652893066406,45.06730651855469,5.7613205909729,1,0.028782609850168228,30.663066864013672,643.0138549804688,0.5011633634567261,0.4422076344490051,0.4369489550590515,1,-66.41876220703125,32.505393981933594,645.8760986328125,0.6393299698829651,0.43863871693611145,0.45073002576828003,60986997014,2083194624
4,1,1,2.22918701171875,1,2.3904876708984375,1,0.167718306183815,0.736824631690979,-113.46621704101562,56.09084701538086,9.773568153381348,1,0.05775425210595131,0.7836026549339294,-151.3878173828125,47.56403350830078,6.670099258422852,1,0.04554753005504608,30.656705856323242,643.0484619140625,0.5011283159255981,0.4422254264354706,0.43702325224876404,1,-66.40289306640625,32.505760192871094,645.8792724609375,0.639296293258667,0.4386383891105652,0.450733482837677,60987005348,2083202958
4,1,1,2.23773193359375,1,2.3975372314453125,1,0.16710859537124634,0.716597318649292,-113.6764907836914,59.777915954589844,11.115595817565918,1,0.05120588466525078,0.7761117219924927,-153.6460418701172,48.92951965332031,7.1670708656311035,1,0.060503631830215454,30.646785736083984,643.0709228515625,0.5010970234870911,0.44224897027015686,0.4370706379413605,1,-66.36727142333984,32.48944854736328,645.7564697265625,0.6392520070075989,0.43865546584129333,0.450458288192749,60987013681,2083211291
4,1,1,2.2120819091796875,1,2.3673553466796875,1,0.19962391257286072,0.7425503134727478,-102.46343231201172,55.04712677001953,9.39376163482666,1,0.04683234915137291,0.7712039947509766,-155.15428161621094,49.82410430908203,7.492671966552734,1,0.06914778053760529,30.644508361816406,643.0938720703125,0.5010789632797241,0.44225671887397766,0.4371199905872345,1,-66.3571548461914,32.487091064453125,645.7706298828125,0.6392276883125305,0.4386623203754425,0.45048630237579346,60987022014,2083219624
4,1,1,2.237823486328125,1,2.3903961181640625,1,0.1711735874414444,0.7178837060928345,-112.27465057373047,59.54343032836914,11.030251502990723,1,0.05772515386343002,0.7883530855178833,-151.39784240722656,46.69811248779297,6.35495662689209,1,0.0772625058889389,30.642980575561523,643.0598754882812,0.5010619759559631,0.4422554671764374,0.437046080827713,1,-66.33535766601562,32.48454284667969,645.656005859375,0.6392101049423218,0.43865200877189636,0.4502337872982025,60987030348,2083227958
4,1,1,2.253265380859375,1,2.3845367431640625,1,0.1600916087627411,0.7454347014427185,-116.09632110595703,54.52136993408203,9.202406883239746,1,0.051107559353113174,0.8117826581001282,-153.67994689941406,42.42732620239258,4.800525665283203,1,0.08473396301269531,30.645545959472656,643.10546875,0.5010462999343872,0.4422561228275299,0.43714532256126404,1,-66.33001708984375,32.48393249511719,645.67041015625,0.6391955614089966,0.43865522742271423,0.45026350021362305,60987038681,2083236291
4,1,1,2.200164794921875,1,2.38873291015625,1,0.18447226285934448,0.7443782091140747,-107.68854522705078,54.713951110839844,9.272454261779785,1,0.04468834027647972,0.7899507880210876,-155.8936309814453,46.40690231323242,6.248916149139404,1,0.08717057853937149,30.65625762939453,643.10546875,0.5010412335395813,0.4422338902950287,0.43714678287506104,1,-66.3195571899414,32.491416931152344,645.637451171875,0.6391817331314087,0.43863528966903687,0.4501911997795105,60987047014,2083244624
4,1,1,2.241546630859375,1,2.36981201171875,1,0.1946062296628952,0.7412949800491333,-104.19379425048828,55.27598571777344,9.477011680603027,1,0.05610167235136032,0.7898712158203125,-151.95770263671875,46.4213981628418,6.254209518432617,1,0.09155915677547455,30.666955947875977,643.1395874023438,0.5010319948196411,0.442216157913208,0.43722230195999146,1,-66.31836700439453,32.49847412109375,645.6378784179688,0.6391791105270386,0.43862074613571167,0.450192928314209,60987055348,2083252958
4,1,1,2.243072509765625,1,2.353973388671875,1,0.16826173663139343,0.7364740371704102,-113.27881622314453,56.15474319458008,9.796860694885254,1,0.04569793492555618,0.7766077518463135,-155.5454864501953,48.83909606933594,7.1341633796691895,1,0.08965759724378586,30.68362045288086,643.128173828125,0.5010359287261963,0.4421800673007965,0.4371998608112335,1,-66.31892395019531,32.50940704345703,645.6259155273438,0.6391831040382385,0.4385964870452881,0.45016878843307495,60987063681,2083261291
4,1,1,2.2548065185546875,1,2.3573150634765625,1,0.17396633327007294,0.757090151309967,-111.31156158447266,52.396793365478516,8.429121971130371,1,0.04825127497315407,0.7905669212341309,-154.66494750976562,46.29457473754883,6.208093643188477,1,0.1433723270893097,30.68958282470703,643.08251953125,0.5009234547615051,0.44216179847717285,0.43710169196128845,1,-66.27974700927734,32.51577377319336,645.5045166015625,0.6391310095787048,0.43856680393218994,0.44989901781082153,60987072014,2083269624
4,1,1,2.21612548828125,1,2.3986053466796875,1,0.26016151905059814,0.7350044250488281,-81.58677673339844,56.422611236572266,9.894389152526855,1,0.12911105155944824,0.7569494843482971,-126.78010559082031,52.42242431640625,8.438455581665039,1,0.2946537733078003,30.719432830810547,643.1401977539062,0.5006068348884583,0.4421077370643616,0.43723103404045105,1,-66.17063903808594,32.525917053222656,645.4080810546875,0.6389278173446655,0.43853285908699036,0.4496685564517975,60987080352,2083277962
4,1,1,2.194915771484375,1,2.3632659912109375,1,0.2724345326423645,0.7409260272979736,-77.3543701171875,55.34323501586914,9.501482963562012,1,0.11908779293298721,0.7541411519050598,-130.2366485595703,52.934349060058594,8.624693870544434,1,0.38289201259613037,30.748157501220703,643.0938110351562,0.5004221200942993,0.44204217195510864,0.43713444471359253,1,-66.08493041992188,32.53057098388672,645.261474609375,0.6387851238250732,0.43850332498550415,0.449334055185318,60987088685,2083286295
4,1,1,2.2112274169921875,1,2.3602752685546875,1,0.24727900326251984,0.7483895421028137,-86.02937316894531,53.982765197753906,9.006360054016113,1,0.09214107692241669,0.7201324701309204,-139.52935791015625,59.13351058959961,10.881081581115723,1,0.37425482273101807,30.74264144897461,643.1171875,0.5004402995109558,0.4420566260814667,0.43718433380126953,1,-66.09585571289062,32.53804016113281,645.3298950195312,0.6387912631034851,0.43849724531173706,0.44948506355285645,60987097018,2083294628
4,1,1,2.21514892578125,1,2.3593597412109375,1,0.25847095251083374,0.7447245717048645,-82.16976928710938,54.65083312988281,9.249471664428711,1,0.10330192744731903,0.7480767965316772,-135.6804962158203,54.03977966308594,9.02703857421875,1,0.34463605284690857,30.73041534423828,643.071044921875,0.5005022287368774,0.4420759081840515,0.43708255887031555,1,-66.13860321044922,32.533424377441406,645.3094482421875,0.638884961605072,0.4385038912296295,0.4494496285915375,60987105352,2083302962
4,1,1,2.205596923828125,1,2.3355712890625,1,0.25254666805267334,0.7500011920928955,-84.2127914428711,53.68896484375,8.899447441101074,1,0.1072639748454094,0.7558885812759399,-134.3141632080078,52.61583709716797,8.508798599243164,1,0.3179137408733368,30.74184799194336,643.0823974609375,0.5005581378936768,0.44205358624458313,0.43710872530937195,1,-66.18487548828125,32.53446578979492,645.4765014648438,0.6389408707618713,0.4385244846343994,0.44982048869132996,60987113686,2083311295
4,1,1,2.207794189453125,1,2.378387451171875,1,0.2396683543920517,0.7461042404174805,-88.65393829345703,54.39931869506836,9.157999038696289,1,0.12286554276943207,0.759355902671814,-128.93389892578125,51.98377990722656,8.278788566589355,1,0.30534785985946655,30.74460792541504,643.1282958984375,0.5005844831466675,0.4420539140701294,0.4372086226940155,1,-66.20389556884766,32.531829833984375,645.5191650390625,0.6389700770378113,0.4385357201099396,0.44991642236709595,60987122019,2083319628
4,1,1,2.1902008056640625,1,2.376373291015625,1,0.2551506757736206,0.7549682259559631,-83.31478118896484,52.7835807800293,8.569884300231934,1,0.1429043859243393,0.7787898778915405,-122.02339935302734,48.44131088256836,6.98939323425293,1,0.2889532148838043,30.72936248779297,643.1055908203125,0.5006188154220581,0.4420824944972992,0.4371572732925415,1,-66.2303466796875,32.52799987792969,645.6077880859375,0.6390036344528198,0.43855568766593933,0.450112909078598,60987130353,2083327962
4,1,1,2.1923065185546875,1,2.3769073486328125,1,0.25687506794929504,0.7343454957008362,-82.72012329101562,56.5427360534668,9.938111305236816,1,0.11801628023386002,0.7950009107589722,-130.60617065429688,45.48632049560547,5.913929462432861,1,0.270277738571167,30.73282241821289,643.12841796875,0.500657856464386,0.44207826256752014,0.43720731139183044,1,-66.23628997802734,32.5142822265625,645.50146484375,0.6390416026115417,0.4385696053504944,0.44988271594047546,60987138686,2083336295
4,1,1,2.1914215087890625,1,2.3871612548828125,1,0.25848105549812317,0.7361730337142944,-82.16629028320312,56.20962142944336,9.816852569580078,1,0.11597361415624619,0.7935200929641724,-131.3105926513672,45.756263732910156,6.012157917022705,1,0.25152796506881714,30.72113800048828,643.1055908203125,0.500697135925293,0.44209951162338257,0.437156081199646,1,-66.25678253173828,32.49994659423828,645.49658203125,0.6390853524208069,0.43859851360321045,0.449874609708786,60987147019,2083344628
4,1,0,nan,1,2.3654022216796875,0,nan,nan,nan,nan,nan,1,0.11346080154180527,0.7900028228759766,-132.17715454101562,46.39739227294922,6.245488166809082,0,nan,nan,nan,nan,nan,nan,1,-66.26038360595703,32.47132110595703,645.3409423828125,0.6391304135322571,0.43863654136657715,0.44953545928001404,60987155353,2083352962
4,1,1,2.210601806640625,1,2.388031005859375,1,0.25800541043281555,0.733825147151947,-82.330322265625,56.63759231567383,9.972599983215332,1,0.11674650758504868,0.7951298356056213,-131.0440673828125,45.46284484863281,5.905322074890137,1,0.2189965844154358,30.697782516479492,642.9915771484375,0.5007652044296265,0.44213297963142395,0.43690556287765503,1,-66.28021240234375,32.45925521850586,645.316162109375,0.6391775608062744,0.4386581480503082,0.449484646320343,60987163686,2083361295
4,1,1,2.2143402099609375,1,2.3682098388671875,1,0.2555086612701416,0.736976146697998,-83.19133758544922,56.06321716308594,9.763589859008789,1,0.12018110603094101,0.7845701575279236,-129.859619140625,47.387664794921875,6.6059441566467285,1,0.2009112685918808,30.67922019958496,642.980224609375,0.5008030533790588,0.4421699643135071,0.43687838315963745,1,-66.29486083984375,32.43007278442383,645.27783203125,0.6392172574996948,0.43871331214904785,0.449400931596756,60987172019,2083369628
4,1,1,2.2097625732421875,1,2.386383056640625,1,0.24474464356899261,0.7358324527740479,-86.90335083007812,56.27168655395508,9.83946418762207,1,0.13732603192329407,0.7957882285118103,-123.94713592529297,45.34279251098633,5.861702919006348,1,0.18531471490859985,30.67291259765625,642.96875,0.5008357763290405,0.4421815276145935,0.43685248494148254,1,-66.3095932006836,32.417274475097656,645.3228759765625,0.639237105846405,0.43874591588974,0.44949963688850403,60987180353,2083377962
4,1,1,2.213134765625,1,2.3957366943359375,1,0.25546032190322876,0.7380226850509644,-83.2080078125,55.87245178222656,9.694111824035645,1,0.1462549865245819,0.781299889087677,-120.86793518066406,47.98379898071289,6.822932243347168,1,0.17308372259140015,30.677921295166016,642.9916381835938,0.5008613467216492,0.44217413663864136,0.4369029104709625,1,-66.330322265625,32.419090270996094,645.3883056640625,0.6392643451690674,0.4387510120868683,0.44964560866355896,60987188686,2083386295
4,1,1,2.1914215087890625,1,2.3784027099609375,1,0.25505444407463074,0.7214003205299377,-83.34797668457031,58.90239334106445,10.796985626220703,1,0.13019737601280212,0.7946351170539856,-126.40546417236328,45.55298614501953,5.9382004737854,1,0.16191035509109497,30.67011260986328,643.0595703125,0.5008847713470459,0.4421992599964142,0.43704915046691895,1,-66.33859252929688,32.40315246582031,645.4330444335938,0.6392708420753479,0.43879014253616333,0.44974178075790405,60987197019,2083394628
4,1,1,2.18231201171875,1,2.367706298828125,1,0.25110095739364624,0.7245941758155823,-84.71134948730469,58.320213317871094,10.585068702697754,1,0.12307511270046234,0.7860094904899597,-128.8616180419922,47.12532424926758,6.5104193687438965,1,0.15457241237163544,30.673694610595703,643.0596923828125,0.5009000897407532,0.44219180941581726,0.437049925327301,1,-66.34858703613281,32.40540313720703,645.4317016601562,0.6392918825149536,0.43878528475761414,0.44974127411842346,60987205352,2083402961
4,1,1,2.1691741943359375,1,2.3667755126953125,1,0.24941714107990265,0.7313625812530518,-85.29203033447266,57.08646774291992,10.136003494262695,1,0.11018228530883789,0.7851836681365967,-133.30775451660156,47.27586364746094,6.5652079582214355,1,0.14710640907287598,30.672359466552734,643.082763671875,0.5009157061576843,0.44219762086868286,0.437099814414978,1,-66.35493469238281,32.402889251708984,645.4646606445312,0.6392970681190491,0.43879494071006775,0.44981345534324646,60987213687,2083411296
4,1,1,2.1921844482421875,1,2.3654632568359375,1,0.24478678405284882,0.7444105744361877,-86.8888168334961,54.708030700683594,9.270379066467285,1,0.12209490686655045,0.7673677206039429,-129.1996612548828,50.52339553833008,7.747194290161133,1,0.14343516528606415,30.659727096557617,643.0598754882812,0.5009234547615051,0.4422208070755005,0.43704846501350403,1,-66.35929870605469,32.39012145996094,645.4766235351562,0.6393033266067505,0.43882298469543457,0.4498385190963745,60987222020,2083419629
4,1,1,2.2222137451171875,1,2.3690643310546875,1,0.24280618131160736,0.7367941737174988,-87.57183837890625,56.096397399902344,9.775628089904785,1,0.1097930520772934,0.7711081504821777,-133.44198608398438,49.84158706665039,7.499014377593994,1,0.14218389987945557,30.66248321533203,643.037109375,0.5009260177612305,0.4422121047973633,0.4369993805885315,1,-66.36274719238281,32.395477294921875,645.4989013671875,0.6393051147460938,0.4388149082660675,0.4498880207538605,60987230353,2083427962
4,1,1,2.19842529296875,1,2.346588134765625,1,0.25038307905197144,0.7315157651901245,-84.95891571044922,57.058528900146484,10.125859260559082,1,0.1099175438284874,0.7779146432876587,-133.39906311035156,48.60084915161133,7.047472953796387,1,0.14335842430591583,30.654111862182617,643.0372314453125,0.5009235739707947,0.4422295093536377,0.436998575925827,1,-66.36170196533203,32.38774108886719,645.4996337890625,0.6393027901649475,0.43883106112480164,0.44988828897476196,60987238687,2083436296
4,1,1,2.2116241455078125,1,2.3572540283203125,1,0.2537921667098999,0.7295316457748413,-83.78327941894531,57.42021560668945,10.257497787475586,1,0.10811067372560501,0.7713353633880615,-134.0221710205078,49.80012893676758,7.484010219573975,1,0.14652083814144135,30.654277801513672,643.093994140625,0.5009169578552246,0.44223663210868835,0.437121719121933,1,-66.3543930053711,32.38581848144531,645.4776000976562,0.6392929553985596,0.43883204460144043,0.44983890652656555,60987247020,2083444629
4,1,1,2.22015380859375,1,2.3369598388671875,1,0.25528132915496826,0.7303938865661621,-83.26972961425781,57.263023376464844,10.200291633605957,1,0.11197203397750854,0.776661217212677,-132.69056701660156,48.82933044433594,7.13068151473999,1,0.15204738080501556,30.646026611328125,643.1281127929688,0.500905454158783,0.44225823879241943,0.4371945559978485,1,-66.34761047363281,32.377357482910156,645.46728515625,0.6392814517021179,0.4388481676578522,0.44981396198272705,60987255354,2083452963
4,1,1,2.187835693359375,1,2.35394287109375,1,0.2499198168516159,0.7155720591545105,-85.1186752319336,59.96480178833008,11.183612823486328,1,0.1078106239438057,0.77535080909729,-134.12564086914062,49.06817626953125,7.217638969421387,1,0.16121654212474823,30.639389038085938,643.116455078125,0.5008862614631653,0.44227054715156555,0.4371684193611145,1,-66.33723449707031,32.37532043457031,645.457763671875,0.6392621397972107,0.43885111808776855,0.44979074597358704,60987263687,2083461296
4,1,1,2.2143096923828125,1,2.3289642333984375,1,0.24902348220348358,0.7222155928611755,-85.42777252197266,58.75379943847656,10.742819786071777,1,0.1072501391172409,0.7820737957954407,-134.31893920898438,47.84272384643555,6.771570205688477,1,0.17301346361637115,30.63607406616211,643.1279296875,0.500861644744873,0.4422789216041565,0.43719282746315,1,-66.32611083984375,32.377479553222656,645.4595947265625,0.6392386555671692,0.4388469159603119,0.44979262351989746,60987272020,2083469629
4,1,1,2.156402587890625,1,2.3494720458984375,1,0.2498341202735901,0.7048510313034058,-85.14822387695312,61.919063568115234,11.894914627075195,1,0.1264898031949997,0.7854611873626709,-127.68405151367188,47.225242614746094,6.5468220710754395,1,0.18782465159893036,30.626800537109375,643.1509399414062,0.5008306503295898,0.4423012435436249,0.4372415244579315,1,-66.3160400390625,32.372947692871094,645.4857788085938,0.6392114758491516,0.43885985016822815,0.4498463571071625,60987280354,2083477963
4,1,1,2.1966552734375,1,2.38250732421875,1,0.24989037215709686,0.7215631008148193,-85.12882995605469,58.87272262573242,10.786162376403809,1,0.1359657645225525,0.7745564579963684,-124.41622924804688,49.21299362182617,7.270246982574463,1,0.20218300819396973,30.62656021118164,643.161865234375,0.5008005499839783,0.4423031806945801,0.43726515769958496,1,-66.30121612548828,32.381988525390625,645.4881591796875,0.6391801238059998,0.43884149193763733,0.449849396944046,60987288687,2083486296
4,1,1,2.1964111328125,1,2.361785888671875,1,0.2514631450176239,0.725246787071228,-84.5864486694336,58.201255798339844,10.541783332824707,1,0.11056692153215408,0.7525918483734131,-133.1751251220703,53.21676254272461,8.727479934692383,1,0.22086593508720398,30.62104034423828,643.1851806640625,0.5007615089416504,0.44231775403022766,0.43731504678726196,1,-66.29225158691406,32.386627197265625,645.5614013671875,0.6391438245773315,0.43884190917015076,0.45000624656677246,60987297020,2083494629
4,1,1,2.2101287841796875,1,2.352081298828125,1,0.23930968344211578,0.725516140460968,-88.77762603759766,58.152191162109375,10.523841857910156,1,0.12149125337600708,0.7759646773338318,-129.40782165527344,48.956295013427734,7.176865577697754,1,0.23588861525058746,30.616077423095703,643.2075805664062,0.5007301568984985,0.4423310458660126,0.437362939119339,1,-66.27780151367188,32.39016342163086,645.598876953125,0.6391048431396484,0.43883970379829407,0.450084388256073,60987305354,2083502963
4,1,1,2.2098388671875,1,2.3480987548828125,1,0.2819584012031555,0.7298208475112915,-74.07002258300781,57.367496490478516,10.23824691772461,1,0.12134641408920288,0.772676408290863,-129.457763671875,49.55570602416992,7.394972324371338,1,0.2510824203491211,30.61875343322754,643.2081298828125,0.5006983280181885,0.44232553243637085,0.43736451864242554,1,-66.26774597167969,32.4150390625,645.6952514648438,0.6390606760978699,0.4388013482093811,0.45029377937316895,60987313687,2083511296
4,1,1,2.19879150390625,1,2.3492431640625,1,0.2702006995677948,0.7322431802749634,-78.1247329711914,56.92595291137695,10.0775785446167,1,0.11060196906328201,0.7765049934387207,-133.16302490234375,48.85783004760742,7.141003131866455,1,0.26111897826194763,30.618175506591797,643.2310791015625,0.5006773471832275,0.4423298239707947,0.43741413950920105,1,-66.25112915039062,32.42488479614258,645.7098388671875,0.6390226483345032,0.4387829899787903,0.4503229558467865,60987322020,2083519629
4,1,1,2.2113037109375,1,2.2958984375,1,0.2570727467536926,0.7241251468658447,-82.65194702148438,58.40571975708008,10.616191864013672,1,0.11938659846782684,0.7856432795524597,-130.1336212158203,47.19207000732422,6.534732341766357,1,0.2722039818763733,30.622875213623047,643.25390625,0.5006541609764099,0.44232305884361267,0.4374644458293915,1,-66.23539733886719,32.448516845703125,645.7374267578125,0.6389833092689514,0.4387378692626953,0.45038241147994995,60987330354,2083527963
4,1,1,2.1984100341796875,1,2.3197021484375,1,0.26534920930862427,0.721336305141449,-79.79777526855469,58.914066314697266,10.801228523254395,1,0.11572371423244476,0.7828406095504761,-131.39678955078125,47.702938079833984,6.720695972442627,1,0.28530240058898926,30.630138397216797,643.2657470703125,0.5006267428398132,0.44230958819389343,0.43749111890792847,1,-66.21810150146484,32.47200012207031,645.7294921875,0.6389492154121399,0.438688188791275,0.450364887714386,60987338687,2083536296
4,1,1,2.231475830078125,1,2.3587493896484375,1,0.25639280676841736,0.7357902526855469,-82.88642883300781,56.27937316894531,9.842259407043457,1,0.10215672105550766,0.7977343797683716,-136.07542419433594,44.98808670043945,5.732517242431641,1,0.26971539855003357,30.62710189819336,643.2764892578125,0.5006594061851501,0.4423172175884247,0.43751391768455505,1,-66.22966003417969,32.475502014160156,645.7496337890625,0.6389684081077576,0.43868371844291687,0.450411319732666,60987347023,2083544632
4,1,1,2.220367431640625,1,2.356231689453125,1,0.1933806836605072,0.7494041323661804,-104.61643981933594,53.79781723022461,8.9390230178833,1,0.04138614237308502,0.8010711073875427,-157.0324249267578,44.3798713684082,5.511155128479004,1,0.13650530576705933,30.635643005371094,643.3448486328125,0.5009380578994751,0.4423082172870636,0.43766334652900696,1,-66.31208801269531,32.47496795654297,645.862060546875,0.6391122341156006,0.43869999051094055,0.450671911239624,60987355356,2083552965
4,1,1,2.2772674560546875,1,2.3726043701171875,1,0.11813651025295258,0.7885310053825378,-130.56471252441406,46.66565704345703,6.343177795410156,1,-0.004470475018024445,0.7995474934577942,-172.8462677001953,44.65757369995117,5.61227560043335,1,-0.03947170078754425,30.63714599609375,643.515869140625,0.5013061165809631,0.4423271715641022,0.4380345940589905,1,-66.45074462890625,32.48426818847656,646.3175048828125,0.6392900943756104,0.4387424886226654,0.4516865611076355,60987363690,2083561299
4,1,0,nan,1,2.386627197265625,0,nan,nan,nan,nan,nan,1,0.0015210576821118593,0.8128753900527954,-170.78005981445312,42.22813415527344,4.728000640869141,0,nan,nan,nan,nan,nan,nan,1,-66.55001068115234,32.52134323120117,646.7098388671875,0.6394011378288269,0.4387190043926239,0.4525604248046875,60987372023,2083569632
4,1,1,2.2583465576171875,1,2.4087677001953125,1,0.10156349092721939,0.7422804236412048,-136.27999877929688,55.09634780883789,9.411627769470215,1,-0.010715286247432232,0.7883651256561279,-174.9998321533203,46.6959114074707,6.3541579246521,1,-0.20802754163742065,30.65206527709961,643.5274658203125,0.50165855884552,0.44229739904403687,0.43806180357933044,1,-66.56806945800781,32.53380584716797,646.7415771484375,0.6394308805465698,0.43869754672050476,0.4526347219944,60987380356,2083577965
4,1,1,2.2659912109375,1,2.384033203125,1,0.1131797730922699,0.7357327342033386,-132.27406311035156,56.28984069824219,9.846132278442383,1,-0.016455689445137978,0.778065025806427,-176.9794464111328,48.573448181152344,7.037495136260986,1,-0.19588647782802582,30.66353416442871,643.43603515625,0.5016331672668457,0.44226163625717163,0.4378650188446045,1,-66.55906677246094,32.559234619140625,646.755126953125,0.6394088268280029,0.4386468529701233,0.4526655077934265,60987388690,2083586299
4,1,1,2.255523681640625,1,2.3837432861328125,1,0.1119404286146164,0.7357233762741089,-132.70147705078125,56.29157257080078,9.846708297729492,1,-0.01888898015022278,0.7876517176628113,-177.81857299804688,46.82598114013672,6.401439189910889,1,-0.17916955053806305,30.660751342773438,643.4017944335938,0.5015982389450073,0.4422629475593567,0.4377904534339905,1,-66.54721069335938,32.5563850402832,646.6976318359375,0.6393981575965881,0.43864497542381287,0.45253852009773254,60987397023,2083594632
4,1,1,2.2413787841796875,1,2.352325439453125,1,0.13158057630062103,0.739334762096405,-125.92847442626953,55.63328170776367,9.607049942016602,1,-0.013280739076435566,0.7876407504081726,-175.884521484375,46.827964782714844,6.402224540710449,1,-0.17096033692359924,30.64792251586914,643.4127197265625,0.5015811324119568,0.4422910213470459,0.43781232833862305,1,-66.54637145996094,32.5391845703125,646.62841796875,0.6394131779670715,0.4386710524559021,0.4523864686489105,60987405356,2083602965
4,1,1,2.26708984375,1,2.3906097412109375,1,0.11928248405456543,0.7634993195533752,-130.16952514648438,51.2285270690918,8.003808975219727,1,-0.008580358698964119,0.7917389869689941,-174.26358032226562,46.08091354370117,6.130359649658203,1,-0.16736620664596558,30.65011978149414,643.4132080078125,0.5015735626220703,0.44228655099868774,0.4378136694431305,1,-66.55550384521484,32.537689208984375,646.638671875,0.6394295692443848,0.43867552280426025,0.45241037011146545,60987413690,2083611299
4,1,1,2.2699737548828125,1,2.4110107421875,1,0.11691402643918991,0.7570266127586365,-130.98629760742188,52.40837478637695,8.43332290649414,1,0.002817625179886818,0.8065699934959412,-170.3329315185547,43.377498626708984,5.146358966827393,1,-0.16354835033416748,30.643962860107422,643.3673095703125,0.5015656352043152,0.44229331612586975,0.43771323561668396,1,-66.55902099609375,32.53250503540039,646.6144409179688,0.6394427418708801,0.4386829435825348,0.45235806703567505,60987422023,2083619632
4,1,1,2.256103515625,1,2.415618896484375,1,0.11889953166246414,0.7414383888244629,-130.3015899658203,55.24981689453125,9.46753978729248,1,0.0018448784248903394,0.8106592893600464,-170.66839599609375,42.63210678100586,4.875014781951904,1,-0.16164985299110413,30.642314910888672,643.3560791015625,0.50156170129776,0.44229528307914734,0.4376886785030365,1,-66.55854034423828,32.523834228515625,646.5799560546875,0.6394500732421875,0.4386962056159973,0.4522823095321655,60987430356,2083627965
4,1,1,2.2662506103515625,1,2.389434814453125,1,0.11015544086694717,0.734516978263855,-133.3170166015625,56.511470794677734,9.92669677734375,1,-0.0034140730276703835,0.7983198761940002,-172.48199462890625,44.88136291503906,5.693732738494873,1,-0.1628822684288025,30.634021759033203,643.3329467773438,0.5015643239021301,0.4423094391822815,0.4376373291015625,1,-66.55913543701172,32.50971221923828,646.5699462890625,0.6394537687301636,0.43872401118278503,0.452258825302124,60987438690,2083636299
4,1,1,2.246337890625,1,2.3711700439453125,1,0.11078660935163498,0.7440304160118103,-133.099365234375,54.777366638183594,9.295522689819336,1,-0.008958682417869568,0.7961466312408447,-174.39405822753906,45.27750015258789,5.8378705978393555,1,-0.1666182577610016,30.631702423095703,643.3330688476562,0.5015721321105957,0.4423142373561859,0.4376373291015625,1,-66.559814453125,32.501060485839844,646.580810546875,0.6394525766372681,0.43874335289001465,0.45228126645088196,60987447023,2083644632
4,1,1,2.221954345703125,1,2.3847503662109375,1,0.11233396828174591,0.7364524602890015,-132.5657501220703,56.15868377685547,9.79828929901123,1,-0.0024794775526970625,0.7954959273338318,-172.15968322753906,45.39611053466797,5.881024360656738,1,-0.1684480756521225,30.626461029052734,643.3213500976562,0.5015760064125061,0.44232356548309326,0.4376111924648285,1,-66.57020568847656,32.485748291015625,646.6119995117188,0.6394667029380798,0.43877923488616943,0.45234864950180054,60987455356,2083652965
4,1,1,2.2523956298828125,1,2.3877105712890625,1,0.12359359860420227,0.7480809688568115,-128.68280029296875,54.03900909423828,9.026819229125977,1,-0.005744279827922583,0.7710821628570557,-173.28555297851562,49.84629440307617,7.500775337219238,1,-0.17219358682632446,30.62430191040039,643.3214721679688,0.5015838146209717,0.4423280954360962,0.4376111924648285,1,-66.57565307617188,32.47376251220703,646.6461181640625,0.6394697427749634,0.4388086199760437,0.45242175459861755,60987463690,2083661299
4,1,1,2.2653656005859375,1,2.3580322265625,1,0.11349976807832718,0.7668958306312561,-132.16372680664062,50.6093864440918,7.7785539627075195,1,-0.003426111303269863,0.799372136592865,-172.48611450195312,44.68954086303711,5.623866081237793,1,-0.1771581470966339,30.624902725219727,643.3212280273438,0.5015941858291626,0.44232678413391113,0.4376106560230255,1,-66.58985900878906,32.47541809082031,646.6786499023438,0.6394913792610168,0.4388096034526825,0.45249539613723755,60987472025,2083669634
4,1,1,2.2646484375,1,2.38922119140625,1,0.10984890908002853,0.7249958515167236,-133.4227294921875,58.247013092041016,10.558370590209961,1,-0.01161171868443489,0.7888320088386536,-175.30894470214844,46.61082458496094,6.3231706619262695,1,-0.18212971091270447,30.623641967773438,643.3209838867188,0.5016046762466431,0.44232937693595886,0.437610000371933,1,-66.60171508789062,32.471923828125,646.7702026367188,0.6394938826560974,0.438829243183136,0.4526951014995575,60987480358,2083677967
4,1,1,2.2480316162109375,1,2.3918914794921875,1,0.12498698383569717,0.725187361240387,-128.20230102539062,58.212074279785156,10.545723915100098,1,-0.007842897437512875,0.8000008463859558,-174.00927734375,44.57493209838867,5.582146644592285,1,-0.18710455298423767,30.62407112121582,643.2981567382812,0.5016149878501892,0.44232550263404846,0.437560498714447,1,-66.60299682617188,32.468666076660156,646.7464599609375,0.6395022869110107,0.43883275985717773,0.45264363288879395,60987488692,2083686301
4,1,1,2.2519073486328125,1,2.3685760498046875,1,0.10473724454641342,0.7358950972557068,-135.18551635742188,56.26026916503906,9.8352632522583,1,-0.0008411158341914415,0.7936047315597534,-171.59466552734375,45.74080276489258,6.006570816040039,1,-0.19208937883377075,30.629663467407227,643.2981567382812,0.5016254782676697,0.44231387972831726,0.4375613033771515,1,-66.60714721679688,32.47144317626953,646.6981811523438,0.6395224928855896,0.43882042169570923,0.452540785074234,60987497025,2083694634
4,1,1,2.25604248046875,1,2.3887176513671875,1,0.10680831968784332,0.7381123900413513,-134.47128295898438,55.85607147216797,9.688194274902344,1,-0.006610127631574869,0.7961363196372986,-173.5841522216797,45.27938461303711,5.8385419845581055,1,-0.19648881256580353,30.630290985107422,643.3326416015625,0.5016345977783203,0.44231703877449036,0.437636137008667,1,-66.6178207397461,32.472320556640625,646.742431640625,0.6395338773727417,0.4388246536254883,0.4526387155056,60987505358,2083702967
4,1,1,2.255401611328125,1,2.3983917236328125,1,0.09642819315195084,0.7402810454368591,-138.05093383789062,55.460819244384766,9.544235229492188,1,0.009717972949147224,0.7985583543777466,-167.95330810546875,44.837860107421875,5.677890777587891,1,-0.19897238910198212,30.632253646850586,643.3095703125,0.5016398429870605,0.4423099458217621,0.43758636713027954,1,-66.6260986328125,32.48438262939453,646.895263671875,0.6395142078399658,0.4388204514980316,0.45297202467918396,60987513692,2083711301
4,1,1,2.2588043212890625,1,2.392486572265625,1,0.09837742894887924,0.7524200677871704,-137.3787384033203,53.248046875,8.73894214630127,1,-0.007828068919479847,0.7864992022514343,-174.004150390625,47.03604507446289,6.477935314178467,1,-0.2008190155029297,30.63410186767578,643.3438110351562,0.501643717288971,0.4423106014728546,0.43766093254089355,1,-66.66270446777344,32.403961181640625,645.8666381835938,0.639838457107544,0.43884679675102234,0.45074886083602905,60987522025,2083719634
4,1,1,2.2268829345703125,1,2.364166259765625,1,0.11725259572267532,0.7411783933639526,-130.86953735351562,55.29722595214844,9.48474407196045,1,0.0030352415051311255,0.7891610264778137,-170.2578887939453,46.55082702636719,6.301325798034668,1,-0.198909729719162,30.632579803466797,643.309814453125,0.501639723777771,0.44230929017066956,0.4375869035720825,1,-66.86064910888672,32.81548309326172,652.09033203125,0.6387547850608826,0.4388415813446045,0.46428221464157104,60987530359,2083727967
4,1,1,2.2356414794921875,1,2.42620849609375,1,0.12264145165681839,0.7522251009941101,-129.0111541748047,53.28359603881836,8.751869201660156,1,0.0263858363032341,0.7879310846328735,-162.20535278320312,46.77504348754883,6.38298225402832,1,-0.1726914644241333,30.62798309326172,643.2640380859375,0.5015849471092224,0.44231292605400085,0.43748700618743896,1,-66.56578063964844,32.46027755737305,646.3416748046875,0.6395227313041687,0.4387951195240021,0.45176073908805847,60987538693,2083736301
4,1,1,2.2350921630859375,1,2.3676605224609375,1,0.17208020389080048,0.7467656135559082,-111.96199798583984,54.278770446777344,9.114099502563477,1,0.017649078741669655,0.7695231437683105,-165.21826171875,50.130496978759766,7.604161739349365,1,-0.12867452204227448,30.636539459228516,643.2990112304688,0.5014927387237549,0.44229981303215027,0.43756407499313354,1,-66.53252410888672,32.46463394165039,646.2772216796875,0.63946932554245,0.43877744674682617,0.4516149163246155,60987547026,2083744634
4,1,1,2.23980712890625,1,2.3563079833984375,1,0.17382898926734924,0.7594075202941895,-111.35892486572266,51.974395751953125,8.275336265563965,1,0.01289712730795145,0.7840666770935059,-166.85696411132812,47.479469299316406,6.639349460601807,1,-0.07944954186677933,30.637901306152344,643.3331298828125,0.501389741897583,0.44230157136917114,0.4376382529735565,1,-66.48948669433594,32.45749282836914,646.0733642578125,0.6394292116165161,0.4387645125389099,0.45116445422172546,60987555359,2083752967
4,1,1,2.2255096435546875,1,2.3686370849609375,1,0.16871298849582672,0.7560567855834961,-113.12320709228516,52.585147857666016,8.497648239135742,1,0.020146504044532776,0.7680677175521851,-164.3570098876953,50.39573669433594,7.700840950012207,1,-0.06509549915790558,30.632492065429688,643.3901977539062,0.501359760761261,0.442320317029953,0.43776124715805054,1,-66.47805786132812,32.442771911621094,646.039306640625,0.6394138336181641,0.43879038095474243,0.4510864317417145,60987563693,2083761301
4,1,1,2.2651824951171875,1,2.400360107421875,1,0.12032072991132736,0.7561945915222168,-129.8114776611328,52.560001373291016,8.488578796386719,1,0.03127281367778778,0.7672609686851501,-160.52005004882812,50.54280471801758,7.754366397857666,1,-0.06384508311748505,30.627037048339844,643.3899536132812,0.5013571381568909,0.44233158230781555,0.43776005506515503,1,-66.48031616210938,32.438323974609375,646.1116943359375,0.6394011378288269,0.4388093948364258,0.45124247670173645,60987572026,2083769634
4,1,1,2.224395751953125,1,2.356658935546875,1,0.13871227204799652,0.7419994473457336,-123.46908569335938,55.14755630493164,9.43026351928711,1,0.022070376202464104,0.7761874198913574,-163.69354248046875,48.91570281982422,7.16209602355957,1,-0.053757719695568085,30.62053871154785,643.4125366210938,0.5013360381126404,0.44234806299209595,0.437808096408844,1,-66.47234344482422,32.41451644897461,646.1480712890625,0.6393759250640869,0.4388636350631714,0.45131585001945496,60987580359,2083777967
4,1,1,2.2412261962890625,1,2.4201812744140625,1,0.14719873666763306,0.7736114263534546,-120.54248046875,49.3852424621582,7.333011150360107,1,0.04410573095083237,0.7919766306877136,-156.09454345703125,46.037620544433594,6.114529609680176,1,-0.03880460187792778,30.61654281616211,643.413330078125,0.5013047456741333,0.44235649704933167,0.4378092885017395,1,-66.4647216796875,32.40306854248047,646.1376342773438,0.6393626928329468,0.4388859272003174,0.45128995180130005,60987588693,2083786301
4,1,1,2.2308349609375,1,2.381378173828125,1,0.14587856829166412,0.7768702507019043,-120.99776458740234,48.79122543334961,7.116809844970703,1,0.023997129872441292,0.7633912563323975,-163.02911376953125,51.248199462890625,8.011063575744629,1,-0.023797838017344475,30.610416412353516,643.39013671875,0.5012733936309814,0.44236618280410767,0.437758207321167,1,-66.45721435546875,32.39531707763672,646.1741943359375,0.6393383741378784,0.4389069080352783,0.451366126537323,60987597026,2083794634
4,1,1,2.2322998046875,1,2.3714599609375,1,0.14127956330776215,0.7747086882591248,-122.583740234375,49.18523025512695,7.260207176208496,1,0.022078722715377808,0.7883422374725342,-163.690673828125,46.70010757446289,6.355630397796631,1,-0.015733562409877777,30.606170654296875,643.4017333984375,0.5012565851211548,0.4423765540122986,0.43778276443481445,1,-66.44212341308594,32.382843017578125,646.1796875,0.6393058896064758,0.43893346190452576,0.451372891664505,60987605360,2083802968
4,1,1,2.224578857421875,1,2.36029052734375,1,0.13663746416568756,0.7954451441764832,-124.18458557128906,45.405372619628906,5.884421348571777,1,0.02242993749678135,0.7702969312667847,-163.56954956054688,49.98943328857422,7.5528883934021,1,-0.002095237374305725,30.606956481933594,643.4019165039062,0.5012280344963074,0.44237497448921204,0.43778327107429504,1,-66.41983032226562,32.375030517578125,646.1244506835938,0.639272928237915,0.43894219398498535,0.45124778151512146,60987613694,2083811302
4,1,1,2.26300048828125,1,2.3688507080078125,1,0.1447809636592865,0.7881056666374207,-121.37627410888672,46.743228912353516,6.371357440948486,1,0.03168260306119919,0.7767979502677917,-160.37872314453125,48.80440139770508,7.121600151062012,1,0.009183447808027267,30.61406898498535,643.470458984375,0.5012043714523315,0.4423691928386688,0.43793293833732605,1,-66.39678955078125,32.37331771850586,646.0577392578125,0.6392412185668945,0.4389367401599884,0.45109835267066956,60987622027,2083819635
4,1,1,2.2383270263671875,1,2.3930206298828125,1,0.13914351165294647,0.7735722064971924,-123.32035827636719,49.39238357543945,7.335630893707275,1,0.03586619719862938,0.7728857398033142,-158.93600463867188,49.51754379272461,7.381128311157227,1,0.022164059802889824,30.614913940429688,643.459228515625,0.5011772513389587,0.44236600399017334,0.43790867924690247,1,-66.37991333007812,32.37196731567383,646.048828125,0.6392083764076233,0.43893834948539734,0.4510752856731415,60987630360,2083827968
4,1,1,2.24322509765625,1,2.3978424072265625,1,0.148583322763443,0.7790193557739258,-120.06500244140625,48.39949417114258,6.974193572998047,1,0.04566379636526108,0.7796247005462646,-155.5572509765625,48.28915023803711,6.934033393859863,1,0.030228635296225548,30.61778450012207,643.4701538085938,0.5011603832244873,0.4423614740371704,0.43793269991874695,1,-66.35848236083984,32.37602233886719,645.969970703125,0.6391829252243042,0.4389192461967468,0.45090094208717346,60987638694,2083836302
4,1,1,2.2064361572265625,1,2.3516387939453125,1,0.1784614622592926,0.7875508069992065,-109.76139068603516,46.84434509277344,6.4081854820251465,1,0.01215275377035141,0.7895724177360535,-167.1136932373047,46.47584533691406,6.27407169342041,1,0.03992374986410141,30.612707138061523,643.42431640625,0.5011401772499084,0.4423660337924957,0.43783265352249146,1,-66.34156036376953,32.365379333496094,645.96240234375,0.6391497850418091,0.4389403164386749,0.45087942481040955,60987647027,2083844635
4,1,1,2.2543792724609375,1,2.402679443359375,1,0.1532282680273056,0.7894183993339539,-118.46317291259766,46.503936767578125,6.284276485443115,1,0.04377466440200806,0.7928192615509033,-156.20870971679688,45.884029388427734,6.058591365814209,1,0.049680136144161224,30.614280700683594,643.424560546875,0.5011196732521057,0.44236284494400024,0.437833309173584,1,-66.33142852783203,32.379173278808594,646.0469970703125,0.6391083002090454,0.43892329931259155,0.45106175541877747,60987655360,2083852968
4,1,1,2.23016357421875,1,2.356414794921875,1,0.16552945971488953,0.7658414244651794,-114.22106170654297,50.80158615112305,7.848523139953613,1,0.021068669855594635,0.7993147373199463,-164.0389862060547,44.70000076293945,5.6276936531066895,1,0.05767202004790306,30.615571975708008,643.4131469726562,0.5011030435562134,0.4423586428165436,0.4378087520599365,1,-66.32218933105469,32.38987731933594,646.060791015625,0.6390858888626099,0.4389030337333679,0.451090931892395,60987663694,2083861302
4,1,1,2.2442779541015625,1,2.418731689453125,1,0.1615542471408844,0.770465075969696,-115.59193420410156,49.95879364013672,7.54172420501709,1,0.04608956351876259,0.7871038913726807,-155.41041564941406,46.92582321166992,6.4378533363342285,1,0.06888293474912643,30.6138973236084,643.4359130859375,0.5010794997215271,0.4423651695251465,0.43785786628723145,1,-66.31324005126953,32.39652633666992,646.1337280273438,0.639049768447876,0.4388992190361023,0.45124736428260803,60987672027,2083869635
4,1,1,2.2501678466796875,1,2.3650970458984375,1,0.16232524812221527,0.7676287889480591,-115.32603454589844,50.47577667236328,7.729920387268066,1,0.022302523255348206,0.7747185230255127,-163.61349487304688,49.1834716796875,7.259531497955322,1,0.08390333503484726,30.618967056274414,643.4817504882812,0.5010481476783752,0.44236066937446594,0.4379580318927765,1,-66.30279541015625,32.4128532409668,646.1709594726562,0.6390190720558167,0.43887051939964294,0.45132777094841003,60987680360,2083877968
4,1,1,2.2415924072265625,1,2.3579559326171875,1,0.1521235704421997,0.7513696551322937,-118.84413146972656,53.43952178955078,8.808638572692871,1,0.02362760715186596,0.7723011374473572,-163.15652465820312,49.62408447265625,7.419942378997803,1,0.10016283392906189,30.618545532226562,643.5048217773438,0.5010141134262085,0.4423646032810211,0.43800804018974304,1,-66.28385925292969,32.41590118408203,646.1627807617188,0.6389817595481873,0.4388631582260132,0.45130643248558044,60987688694,2083886302
4,1,1,2.2232208251953125,1,2.36676025390625,1,0.16500908136367798,0.7631556987762451,-114.4005126953125,51.291133880615234,8.0267333984375,1,0.026565631851553917,0.779029905796051,-162.14334106445312,48.3975715637207,6.973529815673828,1,0.11642184853553772,30.619647979736328,643.505126953125,0.5009800791740417,0.44236239790916443,0.4380088448524475,1,-66.2718505859375,32.42792510986328,646.1655883789062,0.6389561891555786,0.4388386905193329,0.4513115882873535,60987697027,2083894635
4,1,1,2.23333740234375,1,2.3990936279296875,1,0.1431286782026291,0.7682375907897949,-121.94605255126953,50.364810943603516,7.689518928527832,1,0.031227121129631996,0.7807592153549194,-160.53579711914062,48.08235549926758,6.858727931976318,1,0.13345777988433838,30.621105194091797,643.4937744140625,0.5009444355964661,0.4423579275608063,0.43798455595970154,1,-66.25965881347656,32.4395866394043,646.1671752929688,0.6389304399490356,0.43881478905677795,0.45131397247314453,60987705360,2083902968
4,1,1,2.26458740234375,1,2.3692169189453125,1,0.13647325336933136,0.7862827181816101,-124.24121856689453,47.07550048828125,6.4923319816589355,1,0.027858318760991096,0.784549355506897,-161.6975555419922,47.391483306884766,6.607259273529053,1,0.15168602764606476,30.615863800048828,643.4822387695312,0.5009064078330994,0.442367285490036,0.437958687543869,1,-66.25003051757812,32.44023895263672,646.1937255859375,0.6389041543006897,0.4388171136379242,0.4513693153858185,60987713694,2083911302
4,1,1,2.2469024658203125,1,2.4150238037109375,1,0.13012957572937012,0.7602524757385254,-126.4288558959961,51.82035446166992,8.219278335571289,1,0.04245801642537117,0.7846384048461914,-156.66278076171875,47.375247955322266,6.601425647735596,1,0.16734281182289124,30.616180419921875,643.4478759765625,0.5008736252784729,0.4423621892929077,0.43788424134254456,1,-66.2421875,32.44464111328125,646.1824951171875,0.6388905644416809,0.4388064444065094,0.451343834400177,60987722027,2083919635
4,1,0,nan,1,2.416961669921875,0,nan,nan,nan,nan,nan,1,0.04640161991119385,0.7835193276405334,-155.3028106689453,47.579219818115234,6.67565393447876,0,nan,nan,nan,nan,nan,nan,1,-66.23849487304688,32.44125747680664,646.2072143554688,0.6388769745826721,0.4388168454170227,0.45139598846435547,60987730360,2083927968
4,1,1,2.23822021484375,1,2.404296875,1,0.1359594613313675,0.7780822515487671,-124.41839599609375,48.5703010559082,7.036400318145752,1,0.05078904330730438,0.7830738425254822,-153.78977966308594,47.660423278808594,6.705201148986816,1,0.17926199734210968,30.607009887695312,643.39111328125,0.500848650932312,0.44237378239631653,0.43775978684425354,1,-66.23382568359375,32.43028259277344,646.1611328125,0.6388784050941467,0.4388332664966583,0.4512939453125,60987738699,2083936307
4,1,1,2.2503814697265625,1,2.4136810302734375,1,0.12358074635267258,0.773452877998352,-128.687255859375,49.414154052734375,7.343510627746582,1,0.05237320065498352,0.7851033806800842,-153.2434844970703,47.29048156738281,6.570536136627197,1,0.17610634863376617,30.60765266418457,643.379150390625,0.5008552670478821,0.4423708915710449,0.437733918428421,1,-66.23278045654297,32.42613220214844,646.0908203125,0.638893187046051,0.4388323128223419,0.451141357421875,60987747032,2083944640
4,1,1,2.2239532470703125,1,2.4044342041015625,1,0.1479511260986328,0.7773377895355225,-120.28302764892578,48.70601272583008,7.085738658905029,1,0.0421857126057148,0.7941989302635193,-156.75668334960938,45.63250732421875,5.967126369476318,1,0.20104414224624634,30.61615753173828,643.447509765625,0.5008031725883484,0.4423622488975525,0.4378834664821625,1,-66.23027038574219,32.437660217285156,646.221435546875,0.6388565897941589,0.43882620334625244,0.45142436027526855,60987755365,2083952973
4,1,1,2.223114013671875,1,2.35302734375,1,0.19328691065311432,0.7247288227081299,-104.64877319335938,58.29568099975586,10.576128959655762,1,0.05648570880293846,0.7670003175735474,-151.82525634765625,50.5903434753418,7.771606922149658,1,0.2603447437286377,30.619651794433594,643.4022216796875,0.500679075717926,0.4423491656780243,0.437785804271698,1,-66.16650390625,32.453208923339844,645.9159545898438,0.6387975811958313,0.4387526214122772,0.45075324177742004,60987763699,2083961307
4,1,1,2.2230072021484375,1,2.3520050048828125,1,0.22355365753173828,0.7056305408477783,-94.2111587524414,61.776939392089844,11.84323787689209,1,0.05978352949023247,0.7634214758872986,-150.68800354003906,51.242698669433594,8.009034156799316,1,0.28025996685028076,30.626667022705078,643.4026489257812,0.500637412071228,0.44233471155166626,0.43778765201568604,1,-66.13813781738281,32.47980499267578,645.8984375,0.6387428641319275,0.4386952519416809,0.45071303844451904,60987772032,2083969640
4,1,1,2.2433013916015625,1,2.39044189453125,1,0.20692069828510284,0.7256507873535156,-99.94709777832031,58.127620697021484,10.514945983886719,1,0.06535438448190689,0.780266284942627,-148.76687622070312,48.172203063964844,6.891417980194092,1,0.282209575176239,30.631399154663086,643.3914794921875,0.5006332993507385,0.44232338666915894,0.437764048576355,1,-66.14664459228516,32.50680160522461,645.8483276367188,0.6387724280357361,0.4386325180530548,0.45061060786247253,60987780365,2083977973
4,1,1,2.21832275390625,1,2.4393463134765625,1,0.20718668401241302,0.6945399045944214,-99.8553695678711,63.79855728149414,12.579030990600586,1,0.08646570146083832,0.7690054178237915,-141.4865264892578,50.2248649597168,7.6385626792907715,1,0.26474660634994507,30.63079071044922,643.32275390625,0.5006697773933411,0.44231563806533813,0.43761491775512695,1,-66.16655731201172,32.512271881103516,645.9031982421875,0.6388005018234253,0.4386287033557892,0.45073413848876953,60987788699,2083986307
4,1,1,2.169464111328125,1,2.3733673095703125,1,0.2164982408285141,0.6974009275436401,-96.64424896240234,63.27708053588867,12.389184951782227,1,0.07330355048179626,0.7760460376739502,-146.02557373046875,48.94146728515625,7.171433448791504,1,0.2530441880226135,30.632591247558594,643.242919921875,0.500694215297699,0.4423014223575592,0.437441885471344,1,-66.2013931274414,32.523109436035156,646.0965576171875,0.638826310634613,0.4386325478553772,0.451160728931427,60987797032,2083994640
4,1,1,2.208221435546875,1,2.382659912109375,1,0.19372674822807312,0.7019414901733398,-104.4970932006836,62.44938659667969,12.087966918945312,1,0.06683766841888428,0.793443500995636,-148.25534057617188,45.77022933959961,6.017214775085449,1,0.24176427721977234,30.6533260345459,643.2661743164062,0.50071781873703,0.44226136803627014,0.43749523162841797,1,-66.21766662597656,32.52995681762695,646.093994140625,0.6388605833053589,0.438618004322052,0.45115965604782104,60987805365,2084002973
4,1,1,2.19732666015625,1,2.3914642333984375,1,0.2143782526254654,0.7206825017929077,-97.37532806396484,59.03322982788086,10.844634056091309,1,0.08238087594509125,0.7913081049919128,-142.89520263671875,46.159481048583984,6.158874988555908,1,0.2299032360315323,30.662694931030273,643.2546997070312,0.5007426142692566,0.4422404170036316,0.4374715983867645,1,-66.23466491699219,32.53155517578125,646.1370239257812,0.6388855576515198,0.43862053751945496,0.45125651359558105,60987813698,2084011306
4,1,1,2.2412567138671875,1,2.38201904296875,1,0.19016487896442413,0.7139385938644409,-105.72541809082031,60.262535095214844,11.291991233825684,1,0.062444087117910385,0.797753095626831,-149.7705078125,44.984683990478516,5.731306076049805,1,0.2086775302886963,30.682144165039062,643.2772216796875,0.5007869601249695,0.44220295548439026,0.43752309679985046,1,-66.25476837158203,32.54492950439453,646.2046508789062,0.6389108896255493,0.4386020600795746,0.451408714056015,60987822032,2084019640
4,1,1,2.1836700439453125,1,2.364990234375,1,0.201368510723114,0.7123879790306091,-101.86181640625,60.54520797729492,11.394874572753906,1,0.06094396859407425,0.7878897786140442,-150.28782653808594,46.78253936767578,6.3857421875,1,0.1899140328168869,30.692447662353516,643.2313842773438,0.5008261799812317,0.4421754777431488,0.43742504715919495,1,-66.26663208007812,32.54925537109375,646.1419067382812,0.638950526714325,0.4385845363140106,0.451276570558548,60987830365,2084027973
4,1,1,2.2038421630859375,1,2.4263458251953125,1,0.20018379390239716,0.7118306159973145,-102.27035522460938,60.646766662597656,11.431906700134277,1,0.08281636238098145,0.7927447557449341,-142.74502563476562,45.897613525390625,6.063534736633301,1,0.17440159618854523,30.695388793945312,643.2655029296875,0.5008586645126343,0.44217386841773987,0.437499463558197,1,-66.27117919921875,32.53954315185547,646.0466918945312,0.6389828324317932,0.4385915994644165,0.451070636510849,60987838700,2084036307
4,1,1,2.195068359375,1,2.3820037841796875,1,0.20981423556804657,0.7244969010353088,-98.94925689697266,58.33795166015625,10.591503143310547,1,0.07049393653869629,0.8093529939651489,-146.99447631835938,42.87020492553711,4.961709022521973,1,0.15895423293113708,30.691862106323242,643.3226318359375,0.5008909702301025,0.44218865036964417,0.43762287497520447,1,-66.2729263305664,32.51668167114258,645.8936767578125,0.6390233039855957,0.4386180341243744,0.4507375955581665,60987847033,2084044640
4,1,1,2.24462890625,1,2.4139404296875,1,0.1943087875843048,0.7249029874801636,-104.29637908935547,58.263946533203125,10.564560890197754,1,0.07379788160324097,0.7963730692863464,-145.85508728027344,45.2362174987793,5.822842121124268,1,0.1508282721042633,30.680723190307617,643.31103515625,0.5009080171585083,0.44221022725105286,0.4375962018966675,1,-66.28189086914062,32.497169494628906,645.87939453125,0.6390454173088074,0.43865641951560974,0.450705885887146,60987855366,2084052973
4,1,1,2.2199249267578125,1,2.45208740234375,1,0.20393286645412445,0.7179649472236633,-100.97746276855469,59.52859878540039,11.024869918823242,1,0.09699837118387222,0.7947240471839905,-137.8542938232422,45.53681945800781,5.932224273681641,1,0.1389087438583374,30.667938232421875,643.3225708007812,0.5009329319000244,0.4422382712364197,0.43761953711509705,1,-66.28598022460938,32.47538757324219,645.785400390625,0.6390765905380249,0.438688725233078,0.45050087571144104,60987863700,2084061307
4,1,1,2.239715576171875,1,2.4268951416015625,1,0.202222540974617,0.7302404046058655,-101.5672836303711,57.291019439697266,10.210485458374023,1,0.0909804105758667,0.7879963517189026,-139.92962646484375,46.76313781738281,6.378628253936768,1,0.12409510463476181,30.6524600982666,643.276611328125,0.5009639263153076,0.4422643184661865,0.4375176429748535,1,-66.3037109375,32.46048355102539,645.8529052734375,0.6390972137451172,0.4387287199497223,0.45064830780029297,60987872036,2084069643
4,1,1,2.2279205322265625,1,2.37213134765625,1,0.20610405504703522,0.7313639521598816,-100.22872924804688,57.08623504638672,10.135878562927246,1,0.08203815668821335,0.7692915797233582,-143.01339721679688,50.17268371582031,7.619602680206299,1,0.10902044177055359,30.639362335205078,643.253662109375,0.5009955167770386,0.44228848814964294,0.437466025352478,1,-66.32089233398438,32.44961929321289,645.9320068359375,0.6391138434410095,0.4387619197368622,0.45082131028175354,60987880369,2084077976
4,1,1,2.2155914306640625,1,2.3824920654296875,1,0.2021787166595459,0.7200640439987183,-101.5823974609375,59.1459846496582,10.88560962677002,1,0.07987913489341736,0.7801223397254944,-143.75794982910156,48.19844055175781,6.901002407073975,1,0.09912556409835815,30.638952255249023,643.276611328125,0.5010161995887756,0.44229233264923096,0.4375157952308655,1,-66.32957458496094,32.452796936035156,645.9305419921875,0.6391320824623108,0.4387551248073578,0.45082053542137146,60987888703,2084086310
4,1,1,2.2177734375,1,2.400421142578125,1,0.21126051247119904,0.7265975475311279,-98.45050811767578,57.95504379272461,10.452126502990723,1,0.08277812600135803,0.7855734825134277,-142.75820922851562,47.204795837402344,6.539340972900391,1,0.0904056578874588,30.63300132751465,643.2537231445312,0.5010344386100769,0.4423016309738159,0.43746525049209595,1,-66.342041015625,32.45537567138672,645.9860229492188,0.6391447186470032,0.4387573301792145,0.45094338059425354,60987897036,2084094643
4,1,1,2.1854705810546875,1,2.36566162109375,1,0.2264198362827301,0.700301468372345,-93.22274017333984,62.748355865478516,12.196762084960938,1,0.06590522825717926,0.760343074798584,-148.576904296875,51.8038215637207,8.213300704956055,1,0.11977564543485641,30.720285415649414,643.310302734375,0.5009728670120239,0.44212794303894043,0.4376000463962555,1,-66.31336975097656,32.52873229980469,645.83935546875,0.6391202211380005,0.43858563899993896,0.45063090324401855,60987905369,2084102976
4,1,1,2.2271270751953125,1,2.393463134765625,1,0.2384306639432907,0.5642586350440979,-89.08074188232422,87.5465087890625,21.22256851196289,1,0.08939673006534576,0.6221534013748169,-140.47576904296875,76.99331665039062,17.381582260131836,1,0.15073660016059875,30.85901641845703,643.354736328125,0.500907838344574,0.4418458640575409,0.437715619802475,1,-66.28215026855469,32.64498519897461,645.9619140625,0.6390254497528076,0.43836188316345215,0.45090505480766296,60987913702,2084111309
4,1,1,2.1920013427734375,1,2.3334808349609375,1,0.2593716084957123,0.41079556941986084,-81.85918426513672,115.52010345458984,31.404098510742188,1,0.07181388139724731,0.4541963040828705,-146.53929138183594,107.60893249511719,28.524658203125,1,0.15920142829418182,31.088077545166016,643.616943359375,0.500889778137207,0.4414052367210388,0.43831613659858704,1,-66.22867584228516,32.880577087402344,646.00634765625,0.638903021812439,0.43788063526153564,0.45102301239967346,60987922036,2084119643
4,1,1,2.1047515869140625,1,2.3417816162109375,1,0.26206737756729126,0.22737228870391846,-80.92952728271484,148.95486450195312,43.573387145996094,1,0.07676971703767776,0.3412697911262512,-144.83023071289062,128.1934051513672,36.016780853271484,1,0.14606666564941406,31.310073852539062,643.5697021484375,0.5009167790412903,0.4409383237361908,0.438244491815567,1,-66.1903305053711,33.09644317626953,646.1903686523438,0.6387784481048584,0.4374595582485199,0.45144280791282654,60987930369,2084127976
4,1,1,2.0997772216796875,1,2.317962646484375,1,0.26134249567985535,0.1480373591184616,-81.17951965332031,163.41619873046875,48.836944580078125,1,0.07692073285579681,0.24264132976531982,-144.77816772460938,146.171630859375,42.560325622558594,1,0.1671442687511444,31.457748413085938,643.1553344726562,0.5008722543716431,0.4405765235424042,0.437366247177124,1,-66.14627075195312,33.244544982910156,646.0778198242188,0.6387134790420532,0.43713775277137756,0.45121169090270996,60987938702,2084136309
4,1,1,2.1500091552734375,1,2.2869415283203125,1,0.2836819291114807,0.16559678316116333,-73.47565460205078,160.21543884277344,47.67189025878906,1,0.1052895039319992,0.18501462042331696,-134.99505615234375,156.67591857910156,46.383628845214844,1,0.08486330509185791,31.622894287109375,643.5709838867188,0.5010440945625305,0.44028928875923157,0.438291072845459,1,-66.161865234375,33.358028411865234,646.2298583984375,0.6387089490890503,0.4369240999221802,0.45155957341194153,60987947036,2084144643
4,1,1,2.1214752197265625,1,2.31768798828125,1,0.28335458040237427,0.11112814396619797,-73.58854675292969,170.1441192626953,51.285606384277344,1,0.10801421105861664,0.1951897144317627,-134.05543518066406,154.82118225097656,45.70852279663086,1,0.1424194574356079,31.676820755004883,643.9786376953125,0.500923752784729,0.4402322471141815,0.4391831159591675,1,-66.18008422851562,33.364402770996094,646.107666015625,0.6387758851051331,0.43689388036727905,0.45130085945129395,60987955369,2084152976
4,1,1,2.1282501220703125,1,2.373382568359375,1,0.2814475893974304,0.1321234405040741,-74.24617767333984,166.31703186035156,49.89268112182617,1,0.09327536821365356,0.21734529733657837,-139.13819885253906,150.78262329101562,44.23863983154297,1,0.1840991973876953,31.657133102416992,643.6814575195312,0.5008365511894226,0.4402332305908203,0.43853560090065,1,-66.17733764648438,33.336273193359375,646.0023193359375,0.6387955546379089,0.4369374215602875,0.45106878876686096,60987963702,2084161309
4,1,1,2.132659912109375,1,2.2967071533203125,1,0.285143107175827,0.10999556630849838,-72.97176361083984,170.3505401611328,51.36079406738281,1,0.09184223413467407,0.1857767105102539,-139.63241577148438,156.5369873046875,46.33306121826172,1,0.2066279947757721,31.639652252197266,643.6129150390625,0.50078946352005,0.4402603507041931,0.438384473323822,1,-66.19650268554688,33.31942367553711,646.151611328125,0.6387996077537537,0.4369930028915405,0.45139265060424805,60987972036,2084169643
4,1,1,2.088165283203125,1,2.29302978515625,1,0.28077828884124756,0.05887482687830925,-74.47699737548828,179.66896057128906,54.75236129760742,1,0.09280158579349518,0.18595604598522186,-139.30157470703125,156.50433349609375,46.32108688354492,1,0.22282864153385162,31.630910873413086,643.636474609375,0.5007556676864624,0.4402817189693451,0.438434362411499,1,-66.197021484375,33.291534423828125,646.1290283203125,0.6388062238693237,0.43704754114151,0.451339989900589,60987980370,2084177976
4,1,1,2.1302337646484375,1,2.338104248046875,1,0.28202855587005615,0.0955815240740776,-74.04583740234375,172.9779815673828,52.31705856323242,1,0.0925307646393776,0.21024711430072784,-139.3949737548828,152.0764923095703,44.70955276489258,1,0.23507289588451385,31.625232696533203,643.613525390625,0.500730037689209,0.4402904212474823,0.4383838176727295,1,-66.20610046386719,33.280460357666016,646.162109375,0.6388171315193176,0.43707501888275146,0.45141178369522095,60987988703,2084186309
4,1,1,2.1443328857421875,1,2.2934112548828125,1,0.2788754403591156,0.0944264754652977,-75.13319396972656,173.18853759765625,52.39369583129883,1,0.09626494348049164,0.19101916253566742,-138.10723876953125,155.58139038085938,45.98526382446289,1,0.24790282547473907,31.597942352294922,643.6026000976562,0.5007032752037048,0.4403455853462219,0.4383562207221985,1,-66.21248626708984,33.26395797729492,646.1605224609375,0.638830840587616,0.4371089041233063,0.45140740275382996,60987997039,2084194645
4,1,1,2.1800079345703125,1,2.3072509765625,1,0.2825382947921753,0.12000983953475952,-73.87004852294922,168.52513122558594,50.696353912353516,1,0.10457420349121094,0.19456171989440918,-135.24176025390625,154.9356689453125,45.75019073486328,1,0.25648757815361023,31.57744598388672,643.602783203125,0.5006853342056274,0.44038817286491394,0.43835383653640747,1,-66.2106704711914,33.24872970581055,646.1494140625,0.63882976770401,0.4371388852596283,0.4513808488845825,60988005372,2084202978
4,1,1,2.1487274169921875,1,2.32861328125,1,0.2787066400051117,0.09935765713453293,-75.19140625,172.28964233398438,52.06657028198242,1,0.09206105023622513,0.18282262980937958,-139.5569610595703,157.07546997070312,46.529048919677734,1,0.26961958408355713,31.55846405029297,643.614501953125,0.5006579160690308,0.44042912125587463,0.4383765161037445,1,-66.204345703125,33.229957580566406,646.0922241210938,0.6388304829597473,0.43716979026794434,0.45125335454940796,60988013705,2084211311
4,1,1,2.088165283203125,1,2.3227081298828125,1,0.28086355328559875,0.051140978932380676,-74.44759368896484,181.07870483398438,55.26548385620117,1,0.11100361496210098,0.2004271149635315,-133.02452087402344,153.86651611328125,45.36106491088867,1,0.2820247411727905,31.540157318115234,643.6367797851562,0.500632107257843,0.4404701590538025,0.43842244148254395,1,-66.19682312011719,33.21288299560547,646.0932006835938,0.6388147473335266,0.4372052550315857,0.451251357793808,60988022039,2084219645
4,1,1,2.209503173828125,1,2.3423309326171875,1,0.2800627052783966,0.10957838594913483,-74.72376251220703,170.42660522460938,51.38844680786133,1,0.10797746479511261,0.21134768426418304,-134.068115234375,151.87588500976562,44.63648223876953,1,0.2912881672382355,31.531349182128906,643.67138671875,0.500612735748291,0.44049307703971863,0.4384962022304535,1,-66.19819641113281,33.207000732421875,646.1524658203125,0.6388033628463745,0.4372256100177765,0.45137858390808105,60988030372,2084227978
4,1,1,2.0971832275390625,1,2.31732177734375,1,0.28211238980293274,0.04347757622599602,-74.01692962646484,182.47560119628906,55.77391815185547,1,0.10389819741249084,0.20296551287174225,-135.474853515625,153.40377807617188,45.19268798828125,1,0.3035740852355957,31.530715942382812,643.717041015625,0.5005871057510376,0.44050052762031555,0.438595175743103,1,-66.18018341064453,33.19938659667969,646.0616455078125,0.6387878060340881,0.43722885847091675,0.45117756724357605,60988038705,2084236311
4,1,1,2.1123046875,1,2.307891845703125,1,0.2829461097717285,0.053764279931783676,-73.72940826416016,180.60052490234375,55.09144973754883,1,0.12089516967535019,0.20067796111106873,-129.61338806152344,153.8207550048828,45.344482421875,1,0.3222760558128357,31.523849487304688,643.716796875,0.5005480051040649,0.44051477313041687,0.43859371542930603,1,-66.17630004882812,33.19866180419922,646.0860595703125,0.6387739777565002,0.43723374605178833,0.4512293338775635,60988047030,2084244636
4,1,1,2.2220458984375,1,2.3016204833984375,1,0.27772462368011475,0.1283877044916153,-75.53006744384766,166.9980010986328,50.14053726196289,1,0.11064068973064423,0.18866918981075287,-133.14967346191406,156.00979614257812,46.141075134277344,1,0.34658652544021606,31.518390655517578,643.6827392578125,0.5004972219467163,0.4405215382575989,0.43851903080940247,1,-66.16897583007812,33.203468322753906,646.0882568359375,0.6387582421302795,0.4372241199016571,0.4512331783771515,60988055372,2084252978
4,1,1,2.0855255126953125,1,2.3214874267578125,1,0.2763405740261078,0.055357784032821655,-76.00736236572266,180.31005859375,54.98570251464844,1,0.10928940773010254,0.20263007283210754,-133.6156768798828,153.46495056152344,45.214881896972656,1,0.3749712109565735,31.51608657836914,643.6712646484375,0.50043785572052,0.4405248463153839,0.4384938180446625,1,-66.14128875732422,33.20325469970703,645.9754638671875,0.6387278437614441,0.43720901012420654,0.4509837329387665,60988063705,2084261311
4,1,1,2.1134185791015625,1,2.3397979736328125,1,0.2723459005355835,0.06273096054792404,-77.38492584228516,178.966064453125,54.49653244018555,1,0.10244952887296677,0.209324911236763,-135.97445678710938,152.24459838867188,44.7707405090332,1,0.40380698442459106,31.508731842041016,643.5571899414062,0.5003774166107178,0.4405249357223511,0.43824541568756104,1,-66.11905670166016,33.204994201660156,645.955322265625,0.6386866569519043,0.43720269203186035,0.45093557238578796,60988072030,2084269636
4,1,1,2.11077880859375,1,2.2990570068359375,1,0.2692941129207611,0.05767030268907547,-78.4373550415039,179.88853454589844,54.83228302001953,1,0.09889853745698929,0.18442624807357788,-137.1990203857422,156.78318786621094,46.42262268066406,1,0.4301232695579529,31.498401641845703,643.488525390625,0.5003222823143005,0.4405372440814972,0.4380950927734375,1,-66.09194946289062,33.19588851928711,645.9265747070312,0.6386373043060303,0.4372175931930542,0.45086631178855896,60988080372,2084277978
4,1,1,2.1391143798828125,1,2.344818115234375,1,0.28680354356765747,0.068763367831707,-72.39915466308594,177.86643981933594,54.096351623535156,1,0.10469454526901245,0.21119002997875214,-135.20025634765625,151.90460205078125,44.64701461791992,1,0.45068615674972534,31.506242752075195,643.5452880859375,0.5002793669700623,0.4405285716056824,0.438219279050827,1,-66.07070922851562,33.20990753173828,645.9428100585938,0.6385893225669861,0.43719086050987244,0.45089879631996155,60988088705,2084286311
4,1,1,2.275665283203125,1,2.3583984375,1,0.28591054677963257,0.1626560539007187,-72.70711517333984,160.7515106201172,47.866981506347656,1,0.11347376555204391,0.22088278830051422,-132.1726837158203,150.13778686523438,44.00394058227539,1,0.47155898809432983,31.502748489379883,643.5682373046875,0.5002357959747314,0.4405389726161957,0.43826863169670105,1,-66.04783630371094,33.204200744628906,645.925048828125,0.6385461688041687,0.4372002184391022,0.450854629278183,60988097030,2084294636
4,1,1,2.12060546875,1,2.3517608642578125,1,0.29481467604637146,0.04424959793686867,-69.63648223876953,182.33486938476562,55.722713470458984,1,0.1115853488445282,0.18767666816711426,-132.82391357421875,156.190673828125,46.207008361816406,1,0.48989981412887573,31.506803512573242,643.5686645507812,0.5001974105834961,0.44053059816360474,0.43827009201049805,1,-66.03501892089844,33.22026443481445,646.0697021484375,0.6384848952293396,0.4371871054172516,0.4511663019657135,60988105364,2084302970
4,1,1,2.235687255859375,1,2.2824554443359375,1,0.2931394577026367,0.16266696155071259,-70.21419525146484,160.74952697753906,47.86622619628906,1,0.12237352132797241,0.19744740426540375,-129.10357666015625,154.40965270996094,45.5587272644043,1,0.5137977600097656,31.503725051879883,643.6028442382812,0.5001474618911743,0.4405416250228882,0.43834388256073,1,-66.03144836425781,33.221343994140625,646.2332763671875,0.6384384036064148,0.43720749020576477,0.451518714427948,60988113697,2084311303
4,1,1,2.136260986328125,1,2.3123626708984375,1,0.2802843153476715,0.09307704120874405,-74.6473388671875,173.43450927734375,52.48323059082031,1,0.11605555564165115,0.22049444913864136,-131.2823486328125,150.2085723876953,44.02971267700195,1,0.5552413463592529,31.496706008911133,643.6027221679688,0.5000608563423157,0.44055628776550293,0.438342809677124,1,-66.00505065917969,33.21897506713867,646.33154296875,0.6383602023124695,0.4372260868549347,0.451724648475647,60988122039,2084319645
4,1,1,2.1343536376953125,1,2.300628662109375,1,0.27858594059944153,0.08792462944984436,-75.23302459716797,174.37368774414062,52.825077056884766,1,0.12636515498161316,0.206246480345726,-127.72702026367188,152.8057403564453,44.97496032714844,1,0.59654700756073,31.509319305419922,643.682861328125,0.49997463822364807,0.44054093956947327,0.43851834535598755,1,-65.9653091430664,33.2303466796875,646.3287353515625,0.6382785439491272,0.43720224499702454,0.45171162486076355,60988130368,2084327974
1,2,1,2.218536376953125,1,2.2916107177734375,1,0.27802038192749023,0.1602015197277069,-75.42807006835938,161.19891357421875,48.02982711791992,1,0.10750669986009598,0.20121560990810394,-134.23045349121094,153.72274780273438,45.30877685546875,1,0.631557047367096,31.492549896240234,643.717041015625,0.49990159273147583,0.4405803084373474,0.438590407371521,1,-65.90872192382812,33.18711853027344,646.1624145507812,0.6382011771202087,0.43726876378059387,0.451334148645401,60988138710,2084336316
1,2,1,2.073577880859375,1,2.305267333984375,1,0.2863036096096039,0.01967240497469902,-72.57156372070312,186.8148651123047,57.353271484375,1,0.10968812555074692,0.2061542570590973,-133.47817993164062,152.8225555419922,44.98108673095703,1,0.6553177237510681,31.52496337890625,643.7400512695312,0.49985188245773315,0.44051623344421387,0.43864479660987854,1,-65.88113403320312,33.234169006347656,646.098876953125,0.6381589770317078,0.43716269731521606,0.4511977434158325,60988147044,2084344650
1,2,1,2.1421966552734375,1,2.3357696533203125,1,0.28110271692276,0.11374976485967636,-74.36511993408203,169.66624450683594,51.1116943359375,1,0.11907318234443665,0.22103385627269745,-130.24169921875,150.11026000976562,43.99387741088867,1,0.701740026473999,31.40473175048828,643.67138671875,0.499754935503006,0.44075655937194824,0.4384792149066925,1,-65.85169219970703,33.09083938598633,646.2100219726562,0.6380720138549805,0.4374745488166809,0.4514104425907135,60988155368,2084352974
1,2,1,2.185211181640625,1,2.3075408935546875,1,0.28536006808280945,0.13781753182411194,-72.8969497680664,165.2790985107422,49.514923095703125,1,0.11570493876934052,0.22493118047714233,-131.4032745361328,149.39987182617188,43.735313415527344,1,0.7322884798049927,31.627351760864258,643.7036743164062,0.4996907114982605,0.4402990937232971,0.4385804533958435,1,-65.81035614013672,33.316070556640625,646.1123046875,0.638008713722229,0.436995267868042,0.45122310519218445,60988163710,2084361316
1,2,1,2.1683502197265625,1,2.3603973388671875,1,0.28803572058677673,0.13224807381629944,-71.9742431640625,166.29432678222656,49.884395599365234,1,0.1355697512626648,0.2314809411764145,-124.55278778076172,148.20596313476562,43.30073928833008,1,0.7786275148391724,31.372421264648438,643.718017578125,0.4995943307876587,0.44082996249198914,0.43857595324516296,1,-65.76399230957031,33.078460693359375,646.2056884765625,0.6378913521766663,0.4374997317790985,0.45138031244277954,60988172044,2084369650
1,2,1,2.1135406494140625,1,2.3540496826171875,1,0.2832755446434021,0.0667567327618599,-73.61579895019531,178.2322235107422,54.22945022583008,1,0.11518344283103943,0.2182403802871704,-131.5830841064453,150.6194610595703,44.17921447753906,1,0.8325256109237671,31.528255462646484,643.86669921875,0.499481737613678,0.44052669405937195,0.4389205276966095,1,-65.70462036132812,33.2440185546875,646.1348266601562,0.6377845406532288,0.4371476471424103,0.45123836398124695,60988180377,2084377983
1,2,1,2.1309967041015625,1,2.335052490234375,1,0.2873714566230774,0.07733391225337982,-72.20331573486328,176.30419921875,53.52771759033203,1,0.11080116033554077,0.18834099173545837,-133.09434509277344,156.06961059570312,46.16287612915039,1,0.8920063972473145,31.50467300415039,643.6600952148438,0.4993569254875183,0.4405480623245239,0.43846914172172546,1,-65.65394592285156,33.231231689453125,646.0625610351562,0.6376966834068298,0.43716418743133545,0.4510694444179535,60988188710,2084386316
1,2,1,2.15057373046875,1,2.312164306640625,1,0.2864091396331787,0.10492125898599625,-72.53517150878906,171.27552795410156,51.6973762512207,1,0.13381914794445038,0.21264876425266266,-125.156494140625,151.6387176513672,44.55018615722656,1,0.9369542598724365,31.478919982910156,643.6370849609375,0.49926289916038513,0.4405985176563263,0.4384157955646515,1,-65.60279083251953,33.18647766113281,645.943359375,0.6376191973686218,0.4372403621673584,0.45079463720321655,60988197044,2084394650
1,2,1,2.08905029296875,1,2.3321075439453125,1,0.2925037443637848,0.049589116126298904,-70.43341827392578,181.36158752441406,55.36843490600586,1,0.12716752290725708,0.2507286071777344,-127.45033264160156,144.6974334716797,42.0238037109375,1,0.9966025948524475,31.551830291748047,643.7628784179688,0.4991385042667389,0.4404642581939697,0.43869906663894653,1,-65.5396728515625,33.30128479003906,645.967529296875,0.6374821066856384,0.43700629472732544,0.450849711894989,60988205377,2084402983
1,2,1,2.1288604736328125,1,2.293670654296875,1,0.27912241220474243,0.08089391142129898,-75.04803466796875,175.6552734375,53.29152297973633,1,0.12980340421199799,0.22761601209640503,-126.54132843017578,148.9104461669922,43.55717468261719,1,1.0718607902526855,31.498779296875,643.7286376953125,0.49898117780685425,0.44056984782218933,0.43861761689186096,1,-65.46946716308594,33.23779296875,645.9465942382812,0.6373418569564819,0.43713492155075073,0.4507801830768585,60988213710,2084411316
1,2,1,2.1625518798828125,1,2.281463623046875,1,0.29248079657554626,0.11967069655656815,-70.44132995605469,168.5869598388672,50.718833923339844,1,0.11663693934679031,0.2168523371219635,-131.08184814453125,150.87246704101562,44.27132797241211,1,1.127469539642334,31.51095962524414,643.6259765625,0.4988645315170288,0.4405309557914734,0.4383968114852905,1,-65.43603515625,33.31048583984375,646.1286010742188,0.6372290253639221,0.4370098412036896,0.451176255941391,60988222044,2084419650
1,2,1,2.1117706298828125,1,2.270172119140625,1,0.2814284563064575,0.08438585698604584,-74.2527847290039,175.01873779296875,53.059898376464844,1,0.12864147126674652,0.219260111451149,-126.94203186035156,150.43359375,44.11155319213867,1,1.1860480308532715,31.59681510925293,643.670654296875,0.4987420439720154,0.440358966588974,0.43850600719451904,1,-65.35711669921875,33.37725067138672,645.8272705078125,0.6371365189552307,0.4368300139904022,0.45051851868629456,60988230377,2084427983
1,2,1,2.1076507568359375,1,2.3075103759765625,1,0.27603673934936523,0.10629107803106308,-76.11212921142578,171.0258026123047,51.60654830932617,1,0.1276768445968628,0.24934197962284088,-127.27469635009766,144.9501953125,42.115821838378906,1,1.2530856132507324,31.50830078125,643.7855834960938,0.4986025393009186,0.4405580163002014,0.43874311447143555,1,-65.3001708984375,33.293113708496094,645.874755859375,0.6370075941085815,0.43701082468032837,0.45059654116630554,60988238710,2084436316
1,2,1,2.15838623046875,1,2.2891693115234375,1,0.2806434631347656,0.12804678082466125,-74.52349090576172,167.06015014648438,50.163116455078125,1,0.12246134877204895,0.2066512554883957,-129.0732879638672,152.73196411132812,44.94813537597656,1,1.307766079902649,31.63886070251465,643.68212890625,0.49848753213882446,0.4402734637260437,0.4385373294353485,1,-65.25440216064453,33.42443084716797,645.9191284179688,0.6369016170501709,0.43674537539482117,0.450701504945755,60988247044,2084444650
1,2,1,2.1259765625,1,2.310638427734375,1,0.2859892249107361,0.08632062375545502,-72.67998504638672,174.6660919189453,52.93147277832031,1,0.13902044296264648,0.22029776871204376,-123.3628158569336,150.24447631835938,44.04267120361328,1,1.3534808158874512,31.514089584350586,643.5910034179688,0.4983918368816376,0.4405202269554138,0.43832239508628845,1,-65.22076416015625,33.38231658935547,646.0663452148438,0.6367972493171692,0.4368530213832855,0.45100587606430054,60988255377,2084452983
1,2,1,2.0962982177734375,1,2.30792236328125,1,0.2825283110141754,0.08826073259115219,-73.87349700927734,174.3124237060547,52.80280303955078,1,0.1244037002325058,0.20828266441822052,-128.4034423828125,152.4345703125,44.839874267578125,1,1.4026850461959839,31.562904357910156,643.6710205078125,0.49828922748565674,0.4404297471046448,0.4385029673576355,1,-65.13736724853516,33.39601135253906,645.7657470703125,0.6366953253746033,0.436783105134964,0.450341135263443,60988263712,2084461318
1,2,1,2.0681915283203125,1,2.2737274169921875,1,0.28845715522766113,0.08305026590824127,-71.82889556884766,175.26220703125,53.14847183227539,1,0.12962549924850464,0.19673636555671692,-126.60269165039062,154.53929138183594,45.60586166381836,1,1.4441981315612793,31.592241287231445,643.670654296875,0.498202383518219,0.4403689503669739,0.438506543636322,1,-65.09883880615234,33.417537689208984,645.8447265625,0.6365966200828552,0.4367496073246002,0.450506329536438,60988272046,2084469652
1,2,1,2.1123504638671875,1,2.27886962890625,1,0.2779581844806671,0.08651608973741531,-75.44952392578125,174.63047790527344,52.91850662231445,1,0.13767409324645996,0.21493464708328247,-123.82708740234375,151.2220458984375,44.398521423339844,1,1.4959690570831299,31.516422271728516,643.7169189453125,0.4980945885181427,0.44053247570991516,0.4385965168476105,1,-65.06997680664062,33.3868408203125,645.9085693359375,0.6365218758583069,0.4368220567703247,0.4506334364414215,60988280379,2084477985
1,2,1,2.134246826171875,1,2.3162841796875,1,0.28022047877311707,0.11033400893211365,-74.66934204101562,170.2888641357422,51.33831024169922,1,0.14724233746528625,0.2177097350358963,-120.52745056152344,150.71620178222656,44.214420318603516,1,1.5281178951263428,31.59575653076172,643.590576171875,0.4980264902114868,0.44035106897354126,0.438333660364151,1,-65.02715301513672,33.427825927734375,645.7755737304688,0.6364642381668091,0.4367188513278961,0.45034313201904297,60988288712,2084486318
1,2,1,2.1223907470703125,1,2.2836151123046875,1,0.29160264134407043,0.08490923792123795,-70.74417114257812,174.92333984375,53.025142669677734,1,0.13971546292304993,0.22150927782058716,-123.12313079833984,150.02362060546875,43.96232223510742,1,1.5540465116500854,31.510154724121094,643.5452270507812,0.4979722201824188,0.4405226707458496,0.43822339177131653,1,-65.00464630126953,33.400386810302734,645.861572265625,0.6363974213600159,0.4367876350879669,0.45051997900009155,60988297046,2084494652
1,2,1,2.133209228515625,1,2.296783447265625,1,0.28639131784439087,0.11539572477340698,-72.54131317138672,169.3662109375,51.00247573852539,1,0.1366097629070282,0.22295072674751282,-124.19413757324219,149.76083374023438,43.866756439208984,1,1.5738978385925293,31.52666664123535,643.567626953125,0.4979308247566223,0.4404914379119873,0.43827447295188904,1,-64.96626281738281,33.402976989746094,645.728759765625,0.6363491415977478,0.4367638826370239,0.45022544264793396,60988305379,2084502985
1,2,1,2.14642333984375,1,2.2911376953125,1,0.28808191418647766,0.13547852635383606,-71.95830535888672,165.70545959472656,49.67009735107422,1,0.13436459004878998,0.20475056767463684,-124.96839141845703,153.07839965820312,45.07427978515625,1,1.593475580215454,31.565013885498047,643.5792236328125,0.497889906167984,0.4404134452342987,0.43830499053001404,1,-64.95120239257812,33.423316955566406,645.8137817382812,0.6362977623939514,0.4367336332798004,0.4504086673259735,60988313712,2084511318
1,2,1,2.091644287109375,1,2.2919158935546875,1,0.27984103560447693,0.09873101860284805,-74.80020904541016,172.40386962890625,52.10816955566406,1,0.12187115848064423,0.2146759331226349,-129.2768096923828,151.2692108154297,44.41572570800781,1,1.5999764204025269,31.5188045501709,643.6362915039062,0.49787673354148865,0.44051694869995117,0.43842244148254395,1,-64.92304992675781,33.39307403564453,645.67919921875,0.6362711787223816,0.4367775619029999,0.45010775327682495,60988322046,2084519652
1,2,1,2.1519927978515625,1,2.2937164306640625,1,0.2751164436340332,0.15001371502876282,-76.42949676513672,163.05596923828125,48.705718994140625,1,0.13305342197418213,0.22023655474185944,-125.4205551147461,150.255615234375,44.046730041503906,1,1.6122167110443115,31.61083221435547,643.6246337890625,0.49785086512565613,0.4403245151042938,0.43841007351875305,1,-64.925048828125,33.45105743408203,645.7835693359375,0.6362505555152893,0.4366720914840698,0.4503417909145355,60988330379,2084527985
1,2,1,2.08209228515625,1,2.2724761962890625,1,0.2772570252418518,0.08749184757471085,-75.69131469726562,174.4525909423828,52.853755950927734,1,0.11937069147825241,0.2102987915277481,-130.13909912109375,152.06707763671875,44.706111907958984,1,1.6153087615966797,31.4945011138916,643.6016845703125,0.4978444576263428,0.44056281447410583,0.43834400177001953,1,-64.8944320678711,33.3624267578125,645.5922241210938,0.6362324357032776,0.43682897090911865,0.44990938901901245,60988338712,2084536318
1,2,1,2.107025146484375,1,2.2733612060546875,1,0.28606122732162476,0.11603739857673645,-72.65514373779297,169.24923706054688,50.9599494934082,1,0.1306297481060028,0.21779415011405945,-126.25637817382812,150.70082092285156,44.20880889892578,1,1.617750644683838,31.648120880126953,643.6124267578125,0.49783915281295776,0.4402455687522888,0.438388854265213,1,-64.91421508789062,33.48799514770508,645.7512817382812,0.6362354755401611,0.43659117817878723,0.450275182723999,60988347046,2084544652
1,2,1,2.130950927734375,1,2.2979888916015625,1,0.2820492684841156,0.14356210827827454,-74.03868865966797,164.2319793701172,49.13376998901367,1,0.11631122976541519,0.2507598102092743,-131.1941680908203,144.69175720214844,42.02170944213867,1,1.6095749139785767,31.485807418823242,643.5679931640625,0.4978562891483307,0.44057634472846985,0.438269704580307,1,-64.8918685913086,33.34645080566406,645.5562744140625,0.6362355947494507,0.4368570148944855,0.44982898235321045,60988355379,2084552985
1,2,1,2.1559600830078125,1,2.2934417724609375,1,0.28598737716674805,0.16118118166923523,-72.68061065673828,161.0203399658203,47.96482849121094,1,0.13600054383277893,0.21368393301963806,-124.40422821044922,151.45001220703125,44.481544494628906,1,1.6114575862884521,31.607105255126953,643.6126098632812,0.4978523850440979,0.4403306543827057,0.43838343024253845,1,-64.93461608886719,33.464202880859375,645.817138671875,0.6362624168395996,0.43664953112602234,0.45041823387145996,60988363713,2084561318
1,2,1,2.128662109375,1,2.2899017333984375,1,0.2872124910354614,0.12485631555318832,-72.25812530517578,167.64169311523438,50.374813079833984,1,0.13404369354248047,0.23233474791049957,-125.07905578613281,148.05032348632812,43.24413299560547,1,1.599482774734497,31.530744552612305,643.6478271484375,0.4978777766227722,0.44049376249313354,0.43844908475875854,1,-64.94353485107422,33.41737365722656,645.8157958984375,0.636281430721283,0.4367462694644928,0.45041051506996155,60988372047,2084569652
1,2,1,2.068145751953125,1,2.2676239013671875,1,0.2830377519130707,0.09620970487594604,-73.69780731201172,172.8634796142578,52.27537155151367,1,0.12563569843769073,0.21226386725902557,-127.97859191894531,151.70887756347656,44.57574462890625,1,1.5850266218185425,31.489940643310547,643.5330810546875,0.497907429933548,0.44056302309036255,0.4381943345069885,1,-64.9378662109375,33.37214660644531,645.7230224609375,0.6362916827201843,0.4368269145488739,0.45020246505737305,60988380380,2084577985
1,2,1,2.1346893310546875,1,2.2599639892578125,1,0.28758928179740906,0.1194215789437294,-72.12818145751953,168.6323699951172,50.73536682128906,1,0.13377656042575836,0.19884097576141357,-125.17117309570312,154.15560913085938,45.466312408447266,1,1.5839377641677856,31.52284049987793,643.5904541015625,0.4979099929332733,0.44050243496894836,0.438323438167572,1,-64.96061706542969,33.41387939453125,645.7892456054688,0.636323094367981,0.43674975633621216,0.4503563940525055,60988388713,2084586318
1,2,1,2.068878173828125,1,2.2801666259765625,1,0.2849770188331604,0.09692295640707016,-73.02903747558594,172.73345947265625,52.22806930541992,1,0.1350981444120407,0.2325255125761032,-124.71542358398438,148.0155487060547,43.23146438598633,1,1.5689306259155273,31.483308792114258,643.4879760742188,0.4979408383369446,0.4405707120895386,0.4380956292152405,1,-64.96083068847656,33.36869812011719,645.7994384765625,0.6363213062286377,0.43684467673301697,0.45037177205085754,60988397049,2084594654
1,2,1,2.0342864990234375,1,2.2637786865234375,1,0.28851252794265747,0.07999642193317413,-71.80979919433594,175.81886291503906,53.3510856628418,1,0.14707490801811218,0.23049823939800262,-120.58518981933594,148.38510131835938,43.36592102050781,1,1.5609796047210693,31.480327606201172,643.4536743164062,0.497957319021225,0.4405723214149475,0.43802064657211304,1,-64.97647857666016,33.37006378173828,645.86865234375,0.6363375186920166,0.436851441860199,0.45052477717399597,60988405383,2084602988
1,2,1,2.0226287841796875,1,2.2876434326171875,1,0.2877390384674072,0.07243212312459946,-72.07654571533203,177.1977081298828,53.85288619995117,1,0.1433997005224228,0.2190535068511963,-121.85260009765625,150.47125244140625,44.12526321411133,1,1.5533214807510376,31.486652374267578,643.510986328125,0.49797359108924866,0.4405668377876282,0.43814578652381897,1,-64.99737548828125,33.38713836669922,645.8881225585938,0.636376142501831,0.4368187487125397,0.45057374238967896,60988413716,2084611321
1,2,1,2.0755157470703125,1,2.2751922607421875,1,0.27894696593284607,0.13058911263942719,-75.10852813720703,166.59671020507812,49.9945068359375,1,0.15138807892799377,0.250005841255188,-119.09777069091797,144.82919311523438,42.07172775268555,1,1.5502386093139648,31.44902992248535,643.5684204101562,0.4979804456233978,0.4406525790691376,0.43826520442962646,1,-65.00621795654297,33.304595947265625,645.92138671875,0.6363869905471802,0.43699416518211365,0.45063555240631104,60988422050,2084619655
1,2,1,2.1233673095703125,1,2.2545013427734375,1,0.2820932865142822,0.14637412130832672,-74.02350616455078,163.7194061279297,48.947235107421875,1,0.1570955365896225,0.25155365467071533,-117.12952423095703,144.5470428466797,41.96904373168945,1,1.5354483127593994,31.486560821533203,643.625244140625,0.49801158905029297,0.440582275390625,0.43839362263679504,1,-65.02552032470703,33.37714385986328,645.98779296875,0.6364110112190247,0.43685322999954224,0.45079344511032104,60988430383,2084627988
1,2,1,2.1363677978515625,1,2.279693603515625,1,0.28224337100982666,0.1739119291305542,-73.97174835205078,158.6997528076172,47.12019729614258,1,0.144749715924263,0.23235677182674408,-121.38703918457031,148.04627990722656,43.24273681640625,1,1.522167444229126,31.446048736572266,643.7057495117188,0.4980398416519165,0.44067704677581787,0.4385625422000885,1,-65.01785278320312,33.286399841308594,645.8243408203125,0.6364340782165527,0.4370183050632477,0.450425922870636,60988438716,2084636321
1,2,1,2.080169677734375,1,2.26568603515625,1,0.2888384163379669,0.1469217985868454,-71.69742584228516,163.6195526123047,48.91089630126953,1,0.13135060667991638,0.24094925820827484,-126.00778198242188,146.4800262451172,42.672630310058594,1,1.5307942628860474,31.41469383239746,643.7522583007812,0.4980221390724182,0.44074830412864685,0.438659131526947,1,-65.00338745117188,33.281455993652344,645.8994140625,0.6363864541053772,0.43703898787498474,0.4505840837955475,60988447049,2084644654
1,2,1,2.1334075927734375,1,2.3080902099609375,1,0.32005244493484497,0.2206054925918579,-60.933128356933594,150.1883544921875,44.022315979003906,1,0.17106929421424866,0.2866748571395874,-112.31061553955078,138.14508056640625,39.638916015625,1,1.545250654220581,31.289031982421875,643.6492919921875,0.4979916214942932,0.44099530577659607,0.4384181797504425,1,-64.9368896484375,33.20977783203125,645.7716674804688,0.6362788677215576,0.43716973066329956,0.45028382539749146,60988455383,2084652988
1,2,1,2.10260009765625,1,2.2592620849609375,1,0.31349611282348633,0.2551880180835724,-63.19411849975586,143.8845672607422,41.72795867919922,1,0.16196715831756592,0.3325185775756836,-115.44953155517578,129.78858947753906,36.597408294677734,1,1.5291481018066406,31.24864959716797,643.69580078125,0.4980255961418152,0.44108524918556213,0.43851345777511597,1,-64.95379638671875,33.158111572265625,645.8975219726562,0.6362845301628113,0.43729403614997864,0.4505515694618225,60988463716,2084661321
1,2,1,1.946807861328125,1,2.277618408203125,1,0.3116598427295685,0.13384081423282623,-63.82735824584961,166.00401306152344,49.778724670410156,1,0.16024139523506165,0.3271024525165558,-116.044677734375,130.77584838867188,36.95676803588867,1,1.5091023445129395,31.257837295532227,643.7300415039062,0.4980676770210266,0.44107070565223694,0.438588947057724,1,-64.97257995605469,33.17450714111328,645.8231811523438,0.6363409161567688,0.4372498095035553,0.4503975212574005,60988472049,2084669654
1,2,1,2.2066497802734375,1,2.2669525146484375,1,0.3101442754268646,0.32068780064582825,-64.35000610351562,131.94515991210938,37.382293701171875,1,0.16319704055786133,0.3119300603866577,-115.025390625,133.54151916503906,37.963340759277344,1,1.4861268997192383,31.227218627929688,643.7882690429688,0.49811607599258423,0.44114187359809875,0.43871089816093445,1,-65.00958251953125,33.16114044189453,645.9569091796875,0.6363862156867981,0.4372958540916443,0.45069220662117004,60988480383,2084677988
1,2,1,2.07177734375,1,2.282958984375,1,0.30602315068244934,0.239305317401886,-65.77119445800781,146.77967834472656,42.78168869018555,1,0.16421149671077728,0.3552822172641754,-114.67556762695312,125.6391830444336,35.08717727661133,1,1.4622690677642822,31.249263763427734,643.7877197265625,0.49816590547561646,0.44109606742858887,0.43871259689331055,1,-65.04364776611328,33.1717529296875,645.9730224609375,0.6364530324935913,0.43727606534957886,0.450735867023468,60988488716,2084686321
1,2,1,2.1157989501953125,1,2.255889892578125,1,0.3160402476787567,0.28153470158576965,-62.31676483154297,139.08204650878906,39.97995376586914,1,0.15702968835830688,0.32247012853622437,-117.15223693847656,131.62025451660156,37.26405334472656,1,1.4331483840942383,31.250343322753906,643.7874755859375,0.49822673201560974,0.4410937428474426,0.43871209025382996,1,-65.06068420410156,33.15324020385742,645.8056640625,0.6365278363227844,0.4372912347316742,0.450375497341156,60988497049,2084694654
1,2,1,2.1196136474609375,1,2.2987213134765625,1,0.31491515040397644,0.29061517119407654,-62.704742431640625,137.4268341064453,39.37752914428711,1,0.16181285679340363,0.36915069818496704,-115.50274658203125,123.11122131347656,34.16703796386719,1,1.4073072671890259,31.231901168823242,643.822265625,0.49828097224235535,0.44113656878471375,0.43878477811813354,1,-65.09426879882812,33.12388610839844,645.7869873046875,0.6366021037101746,0.4373492896556854,0.450338214635849,60988505383,2084702988
1,2,1,2.1676483154296875,1,2.2916412353515625,1,0.3100492060184479,0.3004908859729767,-64.38278198242188,135.62667846679688,38.72229766845703,1,0.1634933054447174,0.364052951335907,-114.92323303222656,124.04045867919922,34.505218505859375,1,1.3751660585403442,31.261877059936523,643.7877197265625,0.4983479082584381,0.44106972217559814,0.438713937997818,1,-65.11943054199219,33.146484375,645.7347412109375,0.636666476726532,0.43729522824287415,0.45023417472839355,60988513716,2084711321
1,2,1,2.1732635498046875,1,2.3107757568359375,1,0.31671464443206787,0.29254722595214844,-62.084190368652344,137.0746612548828,39.249305725097656,1,0.16290855407714844,0.3494454324245453,-115.12487030029297,126.70311737060547,35.47439956665039,1,1.3480623960494995,31.250045776367188,643.7193603515625,0.49840426445007324,0.4410851001739502,0.43856388330459595,1,-65.16264343261719,33.13625717163086,645.92529296875,0.6367111802101135,0.43734270334243774,0.45065319538116455,60988522053,2084719658
1,2,1,1.9365692138671875,1,2.2952117919921875,1,0.31567704677581787,0.13386894762516022,-62.44200134277344,165.99887084960938,49.77687454223633,1,0.14988097548484802,0.357852578163147,-119.61750030517578,125.17066192626953,34.916603088378906,1,1.3236043453216553,31.266246795654297,643.7415771484375,0.4984554350376129,0.44105440378189087,0.438614159822464,1,-65.20787048339844,33.14717102050781,646.0465087890625,0.6367762088775635,0.4373367726802826,0.450926274061203,60988530387,2084727992
1,2,1,2.1627960205078125,1,2.2525787353515625,1,0.32012730836868286,0.29546353220939636,-60.907310485839844,136.54306030273438,39.05585479736328,1,0.16852785646915436,0.33690688014030457,-113.18704986572266,128.98867797851562,36.306297302246094,1,1.2971071004867554,31.27443504333496,643.8330078125,0.4985112249851227,0.4410495460033417,0.43881359696388245,1,-65.23853302001953,33.1389274597168,645.9813232421875,0.6368552446365356,0.4373447597026825,0.4507909417152405,60988538720,2084736325
1,2,1,2.142059326171875,1,2.3172454833984375,1,0.29901623725891113,0.30196502804756165,-68.18756103515625,135.35794067382812,38.62452697753906,1,0.17453965544700623,0.35910671949386597,-111.11385345458984,124.94202423095703,34.83346176147461,1,1.2647572755813599,31.27063751220703,643.856201171875,0.4985789656639099,0.44106048345565796,0.43886321783065796,1,-65.26629638671875,33.11406707763672,645.8587646484375,0.6369419097900391,0.4373791813850403,0.4505288898944855,60988547053,2084744658
1,2,1,2.1114044189453125,1,2.267822265625,1,0.3138016164302826,0.2597951591014862,-63.088768005371094,143.04476928710938,41.422264099121094,1,0.16143080592155457,0.3521384298801422,-115.6344985961914,126.21223449707031,35.29574966430664,1,1.230465292930603,31.2950496673584,644.0162963867188,0.49865126609802246,0.4410310685634613,0.43921375274658203,1,-65.296875,33.13516616821289,645.8054809570312,0.6370177865028381,0.4373281002044678,0.45042353868484497,60988555387,2084752992
1,2,1,2.129302978515625,1,2.2449798583984375,1,0.31562086939811707,0.2862893342971802,-62.46137237548828,138.2153778076172,39.66447830200195,1,0.1558145433664322,0.35514697432518005,-117.57129669189453,125.66383361816406,35.09614562988281,1,1.1938703060150146,31.28368377685547,643.9139404296875,0.49872732162475586,0.44104093313217163,0.43899005651474,1,-65.32435607910156,33.11592483520508,645.8095703125,0.6370739936828613,0.4373684227466583,0.45043545961380005,60988563720,2084761325
1,2,1,2.17913818359375,1,2.2664794921875,1,0.31278711557388306,0.30070406198501587,-63.43862533569336,135.58782958984375,38.7081298828125,1,0.15602728724479675,0.3565055727958679,-117.4979248046875,125.41619110107422,35.00602340698242,1,1.1615564823150635,31.289335250854492,643.8562622070312,0.4987945854663849,0.44102150201797485,0.438865602016449,1,-65.36051177978516,33.13459777832031,645.920654296875,0.6371225118637085,0.43734505772590637,0.4506857097148895,60988572053,2084769658
1,2,1,2.06744384765625,1,2.2990875244140625,1,0.31668221950531006,0.23643317818641663,-62.095367431640625,147.30325317382812,42.972206115722656,1,0.17372368276119232,0.3779755234718323,-111.39523315429688,121.5025863647461,33.58158874511719,1,1.1407365798950195,31.28408432006836,643.7646484375,0.49883776903152466,0.441020131111145,0.43866604566574097,1,-65.3988265991211,33.12973403930664,645.997314453125,0.6371837258338928,0.43736565113067627,0.4508587419986725,60988580387,2084777992
1,2,1,2.0749053955078125,1,2.29248046875,1,0.3081016540527344,0.23178806900978088,-65.05441284179688,148.1499786376953,43.280399322509766,1,0.16498394310474396,0.3408002555370331,-114.4091796875,128.2789764404297,36.047977447509766,1,1.1221765279769897,31.283039093017578,643.7530517578125,0.49887651205062866,0.4410207271575928,0.4386405646800995,1,-65.4163589477539,33.125816345214844,646.0040283203125,0.6372185945510864,0.43737465143203735,0.45087650418281555,60988588720,2084786325
1,2,1,2.073699951171875,1,2.298126220703125,1,0.3101186752319336,0.24479277431964874,-64.35883331298828,145.77943420410156,42.417640686035156,1,0.1626814305782318,0.3681231439113617,-115.20320129394531,123.29853820800781,34.23516845703125,1,1.1091370582580566,31.284915924072266,643.753173828125,0.49890372157096863,0.44101682305336,0.43864110112190247,1,-65.42826843261719,33.12861633300781,645.96630859375,0.637252151966095,0.4373635947704315,0.4507980942726135,60988597053,2084794658
1,2,1,2.11968994140625,1,2.2716217041015625,1,0.32670480012893677,0.27249738574028015,-58.639041900634766,140.72938537597656,40.57954788208008,1,0.17342032492160797,0.3483276665210724,-111.49984741210938,126.90687561035156,35.5485725402832,1,1.1160964965820312,31.275524139404297,643.7302856445312,0.4988892078399658,0.4410332441329956,0.4385901391506195,1,-65.4241943359375,33.1015625,645.9091796875,0.6372573971748352,0.43741169571876526,0.45066991448402405,60988605387,2084802992
1,2,1,2.1577301025390625,1,2.308074951171875,1,0.3448482155799866,0.31510037183761597,-52.38219451904297,132.963623046875,37.75301742553711,1,0.21191202104091644,0.4032144844532013,-98.225830078125,116.90199279785156,31.9070987701416,1,1.1746758222579956,31.27196502685547,643.9251098632812,0.4987674653530121,0.4410666525363922,0.43901246786117554,1,-65.37610626220703,33.1072998046875,645.9767456054688,0.6371416449546814,0.43740928173065186,0.450806200504303,60988613720,2084811325
1,2,1,2.1407012939453125,1,2.2993927001953125,1,0.3461083471775055,0.32907915115356445,-51.94764709472656,130.41554260253906,36.82560348510742,1,0.18954895436763763,0.36858218908309937,-105.93782806396484,123.21485137939453,34.20471954345703,1,1.2164232730865479,31.2412109375,643.833251953125,0.4986799359321594,0.4411183297634125,0.4388090670108795,1,-65.28677368164062,33.05731201171875,645.56103515625,0.6370550990104675,0.4374554455280304,0.449882447719574,60988622053,2084819658
1,2,1,2.1019744873046875,1,2.32415771484375,1,0.3475934565067291,0.3004492521286011,-51.43550109863281,135.63427734375,38.72502517700195,1,0.17975124716758728,0.36221739649772644,-109.31661224365234,124.3750228881836,34.6270751953125,1,1.2182292938232422,31.22962188720703,643.8223876953125,0.4986761212348938,0.44114091992378235,0.43878400325775146,1,-65.29147338867188,33.06147384643555,645.5838012695312,0.6370594501495361,0.43744999170303345,0.449933260679245,60988630387,2084827992
1,2,1,2.1009674072265625,1,2.29693603515625,1,0.35722148418426514,0.28532689809799194,-48.11521530151367,138.39077758789062,39.728355407714844,1,0.1786675602197647,0.35655084252357483,-109.69032287597656,125.40792846679688,35.003013610839844,1,1.2094142436981201,31.225692749023438,643.8458251953125,0.49869468808174133,0.4411521852016449,0.4388342797756195,1,-65.31161499023438,33.063838958740234,645.6729736328125,0.6370800137519836,0.4374573528766632,0.45013028383255005,60988638720,2084836325
1,2,1,2.1083526611328125,1,2.340362548828125,1,0.35123366117477417,0.30211302638053894,-50.18014144897461,135.3309783935547,38.61468505859375,1,0.19454170763492584,0.3703421652317047,-104.21605682373047,122.89403533935547,34.0880241394043,1,1.2068798542022705,31.22330093383789,643.8230590820312,0.4986999034881592,0.4411540925502777,0.43878450989723206,1,-65.30935668945312,33.049537658691406,645.650390625,0.6370807886123657,0.43748387694358826,0.450079083442688,60988647053,2084844658
1,2,1,2.1078338623046875,1,2.300506591796875,1,0.3549690544605255,0.30065715312957764,-48.89198684692383,135.59637451171875,38.71126174926758,1,0.190128892660141,0.37161362171173096,-105.73783874511719,122.66227722167969,34.00366973876953,1,1.2131073474884033,31.225605010986328,643.8226928710938,0.49868685007095337,0.4411492943763733,0.43878400325775146,1,-65.29510498046875,33.0416259765625,645.5596923828125,0.6370728015899658,0.43748772144317627,0.44987910985946655,60988655389,2084852994
1,2,1,2.12786865234375,1,2.3035125732421875,1,0.3533589839935303,0.3265707194805145,-49.44723129272461,130.872802734375,36.99199676513672,1,0.18268626928329468,0.36236631870269775,-108.3044662475586,124.34789276123047,34.617122650146484,1,1.218321681022644,31.222431182861328,643.845947265625,0.49867603182792664,0.4411589801311493,0.438834011554718,1,-65.29570007324219,33.03820037841797,645.571533203125,0.6370711922645569,0.43749645352363586,0.44990432262420654,60988663722,2084861327
1,2,1,2.152252197265625,1,2.3025054931640625,1,0.34305569529533386,0.3229580521583557,-53.00035858154297,131.53131103515625,37.23170852661133,1,0.17495939135551453,0.38626718521118164,-110.9690933227539,119.99118041992188,33.03147888183594,1,1.2213878631591797,31.224468231201172,643.8340454101562,0.4986695945262909,0.4411531686782837,0.43880853056907654,1,-65.28900909423828,33.0374755859375,645.5372314453125,0.6370654106140137,0.4374932050704956,0.44982871413230896,60988672055,2084869660
1,2,1,2.191986083984375,1,2.3067779541015625,1,0.35638248920440674,0.34288907051086426,-48.40454864501953,127.89824676513672,35.909358978271484,1,0.17586790025234222,0.3694213032722473,-110.65579986572266,123.06188201904297,34.14911651611328,1,1.2277796268463135,31.230459213256836,643.8111572265625,0.49865612387657166,0.4411376714706421,0.4387597143650055,1,-65.27718353271484,33.038909912109375,645.469482421875,0.6370569467544556,0.4374808967113495,0.4496800899505615,60988680389,2084877994
1,2,1,2.197113037109375,1,2.2867889404296875,1,0.34943369030952454,0.35963132977485657,-50.800872802734375,124.84642028808594,34.79863739013672,1,0.17213529348373413,0.3646063208580017,-111.94300842285156,123.9395751953125,34.468536376953125,1,1.2365553379058838,31.21710205078125,643.8114013671875,0.4986377954483032,0.4411654472351074,0.43875852227211,1,-65.274169921875,33.03314971923828,645.4816284179688,0.6370478272438049,0.43749454617500305,0.4497049152851105,60988688722,2084886327
1,2,1,2.093841552734375,1,2.319427490234375,1,0.3515450358390808,0.2960329055786133,-50.0727653503418,136.43927001953125,39.0180778503418,1,0.1855514943599701,0.3591117560863495,-107.31637573242188,124.94113159179688,34.83308410644531,1,1.2441109418869019,31.224111557006836,643.8116455078125,0.49862200021743774,0.4411509931087494,0.438759982585907,1,-65.26290893554688,33.04045867919922,645.4251708984375,0.6370378136634827,0.4374715983867645,0.44958165287971497,60988697055,2084894660
1,2,1,2.0950469970703125,1,2.2919464111328125,1,0.34385809302330017,0.3090323209762573,-52.72364044189453,134.06971740722656,38.155601501464844,1,0.19345244765281677,0.37461310625076294,-104.59169006347656,122.11551666259766,33.80463409423828,1,1.2548236846923828,31.227447509765625,643.8224487304688,0.49859967827796936,0.44114547967910767,0.4387838542461395,1,-65.25733947753906,33.0447998046875,645.4132080078125,0.6370291113853455,0.4374609589576721,0.44955524802207947,60988705389,2084902994
1,2,1,2.0562744140625,1,2.308990478515625,1,0.35218411684036255,0.2647741436958313,-49.85238265991211,142.13719177246094,41.091957092285156,1,0.19337214529514313,0.36150360107421875,-104.619384765625,124.50513458251953,34.6744270324707,1,1.2625941038131714,31.235210418701172,643.8685302734375,0.4985836446285248,0.44113555550575256,0.4388850927352905,1,-65.25386810302734,33.05036163330078,645.3916625976562,0.6370269656181335,0.4374465346336365,0.44950878620147705,60988713722,2084911327
1,2,1,2.0574188232421875,1,2.3017120361328125,1,0.35372018814086914,0.2698509693145752,-49.32264709472656,141.21177673339844,40.75511169433594,1,0.19163855910301208,0.3685181140899658,-105.21720886230469,123.22651672363281,34.209049224853516,1,1.2708631753921509,31.24716567993164,643.90234375,0.4985664188861847,0.44111528992652893,0.43896007537841797,1,-65.24431610107422,33.056396484375,645.3465576171875,0.6370178461074829,0.4374277591705322,0.44941020011901855,60988722055,2084919660
1,2,1,2.089111328125,1,2.2841033935546875,1,0.35968443751335144,0.2737947106361389,-47.26585006713867,140.49288940429688,40.49347686767578,1,0.18804343044757843,0.36743947863578796,-106.45701599121094,123.42314147949219,34.28059005737305,1,1.283918857574463,31.251567840576172,643.9371337890625,0.4985393285751343,0.4411107897758484,0.43903622031211853,1,-65.23934936523438,33.06623840332031,645.3705444335938,0.6370017528533936,0.43741071224212646,0.449462354183197,60988730389,2084927994
1,2,1,1.9933929443359375,1,2.2840118408203125,1,0.3540373742580414,0.23306149244308472,-49.2132682800293,147.9178466796875,43.195892333984375,1,0.1964370310306549,0.38130268454551697,-103.56244659423828,120.89612579345703,33.36083221435547,1,1.2926067113876343,31.2600154876709,643.913818359375,0.4985210597515106,0.4410901665687561,0.4389868676662445,1,-65.22940063476562,33.079410552978516,645.3480224609375,0.6369863748550415,0.437380313873291,0.449413537979126,60988738722,2084936327
1,2,1,2.14111328125,1,2.3103179931640625,1,0.3483332693576813,0.32382071018218994,-51.180362701416016,131.37405395507812,37.17450714111328,1,0.19941359758377075,0.40590065717697144,-102.53595733642578,116.41239166259766,31.72880744934082,1,1.3008111715316772,31.270978927612305,643.878662109375,0.498503714799881,0.4410627782344818,0.43891215324401855,1,-65.22929382324219,33.10242462158203,645.3731689453125,0.6369801163673401,0.4373362064361572,0.449471116065979,60988747055,2084944660
1,2,1,2.1021270751953125,1,2.2962493896484375,1,0.3620498478412628,0.29464688897132874,-46.45014190673828,136.69192504882812,39.11004638671875,1,0.178562730550766,0.3741116225719452,-109.72647094726562,122.20692443847656,33.83789825439453,1,1.3083388805389404,31.277387619018555,643.8331298828125,0.4984877407550812,0.4410434663295746,0.4388143718242645,1,-65.21800231933594,33.120208740234375,645.3635864257812,0.6369588971138,0.4372980296611786,0.4494505524635315,60988755389,2084952994
1,2,1,1.9185333251953125,1,2.284088134765625,1,0.3548295199871063,0.1483706682920456,-48.94009780883789,163.35545349121094,48.81476593017578,1,0.18555767834186554,0.3706892132759094,-107.31423950195312,122.83077239990234,34.06494903564453,1,1.3143795728683472,31.279041290283203,643.810302734375,0.498475044965744,0.44103702902793884,0.4387650191783905,1,-65.217529296875,33.133644104003906,645.410400390625,0.6369467377662659,0.4372766613960266,0.44955337047576904,60988763722,2084961327
1,2,1,2.08026123046875,1,2.2958221435546875,1,0.358005553483963,0.2706053853034973,-47.84483337402344,141.0742645263672,40.70502853393555,1,0.18741315603256226,0.3657588064670563,-106.67436218261719,123.7294692993164,34.392112731933594,1,1.3187147378921509,31.280235290527344,643.775634765625,0.49846577644348145,0.44102993607521057,0.43869006633758545,1,-65.20883178710938,33.145591735839844,645.4353637695312,0.6369227170944214,0.4372554421424866,0.44960713386535645,60988772055,2084969660
1,2,1,2.11865234375,1,2.30889892578125,1,0.3591291010379791,0.3046935498714447,-47.457374572753906,134.860595703125,38.4434700012207,1,0.18948861956596375,0.3719184398651123,-105.95863342285156,122.60670471191406,33.98344039916992,1,1.322335958480835,31.28128433227539,643.7530517578125,0.4984581172466278,0.4410247504711151,0.43864110112190247,1,-65.20793151855469,33.15596008300781,645.4692993164062,0.6369128227233887,0.4372386932373047,0.44968169927597046,60988780389,2084977994
1,2,1,2.1380767822265625,1,2.294525146484375,1,0.36976292729377747,0.2853457033634186,-43.79024887084961,138.38735961914062,39.72712707519531,1,0.19272050261497498,0.3824327886104584,-104.84410095214844,120.69011688232422,33.28586196899414,1,1.3258953094482422,31.28291893005371,643.7301025390625,0.4984505772590637,0.44101831316947937,0.4385915994644165,1,-65.19607543945312,33.15997314453125,645.4012451171875,0.6369042992591858,0.437220960855484,0.44953280687332153,60988788724,2084986329
1,2,1,2.1490936279296875,1,2.307708740234375,1,0.3667275607585907,0.30722254514694214,-44.83700180053711,134.3996124267578,38.27570724487305,1,0.18382538855075836,0.3673842251300812,-107.91162872314453,123.43321990966797,34.28422546386719,1,1.3306598663330078,31.28548240661621,643.753173828125,0.4984407424926758,0.4410160779953003,0.43864214420318604,1,-65.19514465332031,33.16807556152344,645.461669921875,0.6368880271911621,0.4372125566005707,0.4496641755104065,60988797057,2084994662
1,2,1,2.182830810546875,1,2.29827880859375,1,0.3585991859436035,0.3428496718406677,-47.6401252746582,127.90542602539062,35.911991119384766,1,0.1803685426712036,0.3579440414905548,-109.10372924804688,125.15399169921875,34.91053771972656,1,1.334152340888977,31.283985137939453,643.729736328125,0.49843332171440125,0.4410160779953003,0.4385910630226135,1,-65.19207763671875,33.167633056640625,645.4737548828125,0.6368788480758667,0.437215119600296,0.44968950748443604,60988805390,2085002995
1,2,1,2.1844635009765625,1,2.314361572265625,1,0.3491196632385254,0.3365476727485657,-50.9091682434082,129.05416870117188,36.3300666809082,1,0.1894465982913971,0.36658504605293274,-105.9731216430664,123.57887268066406,34.3372917175293,1,1.3382548093795776,31.28170394897461,643.718505859375,0.4984247386455536,0.44101932644844055,0.43856626749038696,1,-65.1877670288086,33.16651916503906,645.4873657226562,0.6368666291236877,0.4372193515300751,0.44971778988838196,60988813724,2085011329
1,2,1,2.2243804931640625,1,2.2881622314453125,1,0.35881078243255615,0.36874279379844666,-47.567142486572266,123.18557739257812,34.19409942626953,1,0.18720464408397675,0.36787524819374084,-106.74626922607422,123.34370422363281,34.251670837402344,1,1.340620517730713,31.28121566772461,643.7181396484375,0.49841973185539246,0.44102028012275696,0.43856558203697205,1,-65.18366241455078,33.164493560791016,645.4758911132812,0.6368608474731445,0.4372219741344452,0.44969189167022705,60988822057,2085019662
1,2,1,2.15679931640625,1,2.312164306640625,1,0.3596839904785156,0.3178307116031647,-47.266014099121094,132.46592712402344,37.57188034057617,1,0.18947339057922363,0.36121487617492676,-105.9638900756836,124.55778503417969,34.69355010986328,1,1.3430633544921875,31.282936096191406,643.764404296875,0.49841490387916565,0.4410229027271271,0.4386661648750305,1,-65.18376159667969,33.1624641418457,645.5343017578125,0.6368472576141357,0.4372342824935913,0.4498176872730255,60988830390,2085027995
1,2,1,2.2078704833984375,1,2.3094024658203125,1,0.36543595790863037,0.36338281631469727,-45.28242874145508,124.16259765625,34.5496940612793,1,0.1898924708366394,0.37153160572052,-105.81936645507812,122.67723083496094,34.00904846191406,1,1.345989465713501,31.278778076171875,643.7528686523438,0.4984087347984314,0.44102996587753296,0.4386405646800995,1,-65.18193054199219,33.158416748046875,645.5462036132812,0.6368407011032104,0.4372442960739136,0.4498423635959625,60988838724,2085036329
1,2,1,2.1706085205078125,1,2.316131591796875,1,0.35360032320022583,0.32944151759147644,-49.36399459838867,130.3494873046875,36.80158233642578,1,0.19206126034259796,0.3778737485408783,-105.07144165039062,121.52115631103516,33.58828353881836,1,1.3495315313339233,31.280031204223633,643.7531127929688,0.4984012544155121,0.4410274028778076,0.438641220331192,1,-65.17996978759766,33.162025451660156,645.5582275390625,0.6368337273597717,0.43723851442337036,0.44986850023269653,60988847057,2085044662
1,2,1,2.1454010009765625,1,2.3237152099609375,1,0.35449445247650146,0.32277995347976685,-49.05564880371094,131.5637664794922,37.24351119995117,1,0.18737675249576569,0.4003358483314514,-106.68692016601562,117.42670440673828,32.09806442260742,1,1.3514468669891357,31.277034759521484,643.7645263671875,0.4983973503112793,0.4410351514816284,0.43866562843322754,1,-65.17161560058594,33.151527404785156,645.53662109375,0.6368215084075928,0.4372572600841522,0.44981849193573,60988855391,2085052996
1,2,1,2.1373748779296875,1,2.2895355224609375,1,0.35627052187919617,0.3204616904258728,-48.443172454833984,131.98635864257812,37.39729690551758,1,0.18179543316364288,0.3753727972507477,-108.61165618896484,121.9770278930664,33.754215240478516,1,1.3531328439712524,31.278162002563477,643.7531127929688,0.4983937740325928,0.4410313069820404,0.4386409521102905,1,-65.17007446289062,33.1536865234375,645.5269775390625,0.6368206143379211,0.4372514486312866,0.449797660112381,60988863724,2085061329
1,2,1,2.1586151123046875,1,2.3253021240234375,1,0.3627146780490875,0.3290562927722931,-46.22087860107422,130.41970825195312,36.82712936401367,1,0.19802896678447723,0.39469027519226074,-103.01346588134766,118.4557876586914,32.47267532348633,1,1.3544421195983887,31.276145935058594,643.7532958984375,0.4983910322189331,0.44103550910949707,0.43864110112190247,1,-65.17025756835938,33.15179443359375,645.559326171875,0.6368133425712585,0.43725988268852234,0.4498671889305115,60988872057,2085069662
1,2,1,2.134979248046875,1,2.3004608154296875,1,0.35794827342033386,0.31783297657966614,-47.864585876464844,132.46551513671875,37.57173156738281,1,0.19700199365615845,0.3712964653968811,-103.36759948730469,122.7200698852539,34.024715423583984,1,1.3562341928482056,31.277973175048828,643.7647094726562,0.49838733673095703,0.4410332441329956,0.4386661648750305,1,-65.17477416992188,33.15586853027344,645.6297607421875,0.6368060111999512,0.437261164188385,0.45002081990242004,60988880391,2085077996
1,2,1,2.1786651611328125,1,2.334625244140625,1,0.36385437846183777,0.3250023424625397,-45.82783126831055,131.15866088867188,37.09608459472656,1,0.2110191285610199,0.37594518065452576,-98.53373718261719,121.87268829345703,33.716312408447266,1,1.3562177419662476,31.282705307006836,643.7877197265625,0.49838751554489136,0.4410264790058136,0.43871670961380005,1,-65.16349792480469,33.155235290527344,645.51513671875,0.6368098258972168,0.4372466206550598,0.449770987033844,60988888724,2085086329
1,2,1,2.1810150146484375,1,2.293609619140625,1,0.36471131443977356,0.3271174430847168,-45.532318115234375,130.7731170654297,36.95574951171875,1,0.19655750691890717,0.3694803714752197,-103.52088928222656,123.05111694335938,34.14514923095703,1,1.3567333221435547,31.277673721313477,643.7528686523438,0.4983862340450287,0.4410322904586792,0.43864041566848755,1,-65.16724395751953,33.15156555175781,645.5724487304688,0.6368039846420288,0.4372621476650238,0.44989490509033203,60988897057,2085094662
1,2,1,2.1263427734375,1,2.327667236328125,1,0.3465448319911957,0.305242121219635,-51.797115325927734,134.76058959960938,38.407108306884766,1,0.19691075384616852,0.3678744435310364,-103.39908599853516,123.3438491821289,34.251731872558594,1,1.3388705253601074,31.279659271240234,643.730224609375,0.4984234571456909,0.44102513790130615,0.43859148025512695,1,-65.18882751464844,33.1676025390625,645.59033203125,0.6368443965911865,0.4372313916683197,0.44994056224823,60988905391,2085102996
1,2,1,2.1338348388671875,1,2.2852935791015625,1,0.3381437063217163,0.3059687316417694,-54.694278717041016,134.62815856933594,38.35890197753906,1,0.19170069694519043,0.35708457231521606,-105.19580078125,125.31065368652344,34.96760940551758,1,1.3187308311462402,31.282697677612305,643.7532958984375,0.4984656572341919,0.4410218596458435,0.43864187598228455,1,-65.2397689819336,33.188323974609375,645.7930908203125,0.6369020938873291,0.43721649050712585,0.45039209723472595,60988913726,2085111331
1,2,1,2.167816162109375,1,2.294097900390625,1,0.3424888849258423,0.3444094657897949,-53.195831298828125,127.62110137939453,35.80852127075195,1,0.2020493894815445,0.35462236404418945,-101.62700653076172,125.75950622558594,35.1308708190918,1,1.3193168640136719,31.281166076660156,643.7877197265625,0.4984646439552307,0.4410296082496643,0.438716322183609,1,-65.23931121826172,33.182247161865234,645.840087890625,0.6368900537490845,0.4372355341911316,0.4504925310611725,60988922059,2085119664
1,2,1,2.217529296875,1,2.3216094970703125,1,0.34856218099594116,0.35394081473350525,-51.1014289855957,125.88369750976562,35.17615509033203,1,0.2088552564382553,0.3599125146865845,-99.27996826171875,124.79517364501953,34.77995300292969,1,1.325944185256958,31.285139083862305,643.7525024414062,0.4984505772590637,0.44101670384407043,0.4386405646800995,1,-65.241455078125,33.200233459472656,645.9105224609375,0.6368777751922607,0.4372081160545349,0.45064762234687805,60988930392,2085127997
1,2,1,1.8779754638671875,1,2.288299560546875,1,0.33776289224624634,0.14311565458774567,-54.82560348510742,164.31338500976562,49.16337203979492,1,0.1942465901374817,0.3860384225845337,-104.31781768798828,120.03289794921875,33.04658126831055,1,1.336615800857544,31.237056732177734,643.8223266601562,0.49842867255210876,0.4411257207393646,0.4387853145599365,1,-65.2232666015625,33.118831634521484,645.831787109375,0.6368589997291565,0.43736565113067627,0.4504620134830475,60988938726,2085136331
1,2,1,2.1338653564453125,1,2.3376617431640625,1,0.34597256779670715,0.28249865770339966,-51.99445724487305,138.90634155273438,39.915992736816406,1,0.20869368314743042,0.3604111969470978,-99.33567810058594,124.70426177978516,34.74690246582031,1,1.3397085666656494,31.31470489501953,643.7872314453125,0.49842193722724915,0.4409600496292114,0.43872004747390747,1,-65.224609375,33.23352813720703,645.9251708984375,0.6368392705917358,0.4371412992477417,0.4506804049015045,60988947059,2085144664
1,2,1,2.20947265625,1,2.3103790283203125,1,0.3429713547229767,0.3597368597984314,-53.029441833496094,124.82720184326172,34.79158020019531,1,0.19827164709568024,0.3823104500770569,-102.92977142333984,120.71240997314453,33.29397964477539,1,1.341151237487793,31.273101806640625,643.7297973632812,0.49841874837875366,0.44103869795799255,0.43858960270881653,1,-65.21018981933594,33.152061462402344,645.82275390625,0.6368338465690613,0.43729570508003235,0.4504444897174835,60988955392,2085152997
1,2,1,2.114410400390625,1,2.3237457275390625,1,0.3393023908138275,0.2999858260154724,-54.29469680786133,135.71875,38.75579833984375,1,0.191078782081604,0.3817960023880005,-105.4102554321289,120.80621337890625,33.328041076660156,1,1.355098009109497,31.277265548706055,643.7877197265625,0.4983898103237152,0.44103777408599854,0.4387160539627075,1,-65.1864013671875,33.143157958984375,645.7918701171875,0.6367918848991394,0.4373098909854889,0.4503713846206665,60988963726,2085161331
1,2,1,2.119384765625,1,2.319915771484375,1,0.3390076458454132,0.3082105219364166,-54.39635467529297,134.2195281982422,38.210121154785156,1,0.19411912560462952,0.3401355743408203,-104.36178588867188,128.40013122558594,36.09212875366211,1,1.3749817609786987,31.43158721923828,643.8211059570312,0.4983481466770172,0.44072216749191284,0.43880999088287354,1,-65.17953491210938,33.28723907470703,645.8397827148438,0.636765718460083,0.43701839447021484,0.45049411058425903,60988972059,2085169664
1,2,1,2.2397613525390625,1,2.2895355224609375,1,0.34648337960243225,0.33855390548706055,-51.81830978393555,128.68844604492188,36.197021484375,1,0.184425488114357,0.3349281847476959,-107.70468139648438,129.34938049316406,36.43752670288086,1,1.4035859107971191,31.12824249267578,643.9834594726562,0.49828967452049255,0.44137290120124817,0.4391200840473175,1,-65.14285278320312,33.00221252441406,645.8486938476562,0.6366887092590332,0.4376094937324524,0.4504643976688385,60988980392,2085177997
1,2,1,2.170135498046875,1,2.3129119873046875,1,0.3394015431404114,0.35071972012519836,-54.26050567626953,126.47085571289062,35.38984298706055,1,0.20011918246746063,0.3457376956939697,-102.29264068603516,127.37899017333984,35.720375061035156,1,1.425702452659607,31.44261932373047,643.85498046875,0.49824222922325134,0.4407038986682892,0.43888524174690247,1,-65.11738586425781,33.28700256347656,645.7710571289062,0.6366530656814575,0.4370094835758209,0.45033252239227295,60988988726,2085186331
1,2,1,2.099517822265625,1,2.31341552734375,1,0.3444407880306244,0.2978646755218506,-52.522705078125,136.10537719726562,38.896541595458984,1,0.1797497719526291,0.352110356092453,-109.3171157836914,126.2173843383789,35.29753875732422,1,1.4689648151397705,31.244915008544922,643.9019775390625,0.4981524646282196,0.4411202669143677,0.4389598071575165,1,-65.06877899169922,33.08436584472656,645.6633911132812,0.6365785002708435,0.4374140202999115,0.45006024837493896,60988997059,2085194664
1,2,1,2.1996612548828125,1,2.291900634765625,1,0.3360319137573242,0.3555772602558136,-55.422542572021484,125.58541107177734,35.06758117675781,1,0.18955205380916595,0.3553556203842163,-105.936767578125,125.62581634521484,35.0822868347168,1,1.5146828889846802,31.275806427001953,643.867431640625,0.49805667996406555,0.4410516917705536,0.4388894736766815,1,-65.03750610351562,33.133399963378906,645.786865234375,0.6364843249320984,0.4373296797275543,0.450327068567276,60989005392,2085202997
1,2,1,2.1876373291015625,1,2.327789306640625,1,0.33798325061798096,0.31171417236328125,-54.749610900878906,133.5808563232422,37.977725982666016,1,0.1942087858915329,0.34295207262039185,-104.33085632324219,127.88677215576172,35.905147552490234,1,1.5553975105285645,31.316402435302734,643.8096313476562,0.49797117710113525,0.4409599304199219,0.4387699365615845,1,-64.98658752441406,33.23115539550781,645.8673095703125,0.6363592743873596,0.4371386468410492,0.450503945350647,60989013726,2085211331
1,2,1,2.074432373046875,1,2.3420562744140625,1,0.33676332235336304,0.23649762570858002,-55.1702995300293,147.29150390625,42.96796417236328,1,0.19302187860012054,0.3607620596885681,-104.74018096923828,124.64030456542969,34.72359848022461,1,1.6143100261688232,31.15854263305664,643.9595947265625,0.4978491961956024,0.44130733609199524,0.4390736520290375,1,-64.93685150146484,33.075523376464844,645.9483642578125,0.6362377405166626,0.43747198581695557,0.45064565539360046,60989022059,2085219664
1,2,1,2.1656494140625,1,2.36370849609375,1,0.32167842984199524,0.3007618486881256,-60.37239074707031,135.57728576660156,38.70431137084961,1,0.202865868806839,0.3658750653266907,-101.3454360961914,123.70832061767578,34.38432312011719,1,1.6841673851013184,31.30651092529297,644.0269775390625,0.4977033734321594,0.44100961089134216,0.43924084305763245,1,-64.85906982421875,33.206993103027344,645.6692504882812,0.6361415982246399,0.4371614456176758,0.45004549622535706,60989030392,2085227997
1,2,1,2.1857147216796875,1,2.3243408203125,1,0.33713310956954956,0.3495221436023712,-55.04279327392578,126.68915557861328,35.46931838989258,1,0.19554121792316437,0.3797186315059662,-103.8713607788086,121.18489074707031,33.465850830078125,1,1.7451200485229492,31.255733489990234,643.85595703125,0.4975750744342804,0.44109228253364563,0.43886294960975647,1,-64.78579711914062,33.17646026611328,645.731201171875,0.635975182056427,0.43723341822624207,0.45015910267829895,60989038726,2085236331
1,2,1,2.1202545166015625,1,2.3350982666015625,1,0.33823099732398987,0.2665703296661377,-54.664180755615234,141.80979919433594,40.97275161743164,1,0.18557524681091309,0.37117138504981995,-107.30818176269531,122.74288177490234,34.0329704284668,1,1.8218214511871338,31.16343879699707,643.9251708984375,0.4974154233932495,0.44129300117492676,0.43900081515312195,1,-64.71375274658203,33.149497985839844,645.8396606445312,0.6358004212379456,0.43730437755584717,0.45037391781806946,60989047066,2085244671
1,2,1,2.153961181640625,1,2.3220367431640625,1,0.32681334018707275,0.31376323103904724,-58.60160446166992,133.2073516845703,37.84173583984375,1,0.20145978033542633,0.3630421459674835,-101.83033752441406,124.2247085571289,34.57230758666992,1,1.8949114084243774,31.30638885498047,644.0721435546875,0.4972633421421051,0.4410162568092346,0.43933993577957153,1,-64.63607788085938,33.26224136352539,645.6661987304688,0.6356795430183411,0.43704715371131897,0.44999921321868896,60989055399,2085253004
1,2,1,1.9315032958984375,1,2.307220458984375,1,0.34596705436706543,0.11209920793771744,-51.996360778808594,169.96710205078125,51.221195220947266,1,0.19600403308868408,0.3694523870944977,-103.7117691040039,123.05624389648438,34.14699172973633,1,1.9672720432281494,31.108980178833008,643.925048828125,0.49711158871650696,0.44140625,0.438993901014328,1,-64.54157257080078,33.15327072143555,645.69775390625,0.6354764699935913,0.43727725744247437,0.45003145933151245,60989063733,2085261338
1,2,1,2.2194061279296875,1,2.330810546875,1,0.3371148705482483,0.3720913827419281,-55.049076080322266,122.57518005371094,33.97197723388672,1,0.19156257808208466,0.3556137681007385,-105.24342346191406,125.57872772216797,35.06521987915039,1,2.0404558181762695,31.255094528198242,643.980712890625,0.49695879220962524,0.441110759973526,0.43913546204566956,1,-64.48181915283203,33.253265380859375,645.8031005859375,0.6353274583816528,0.43708503246307373,0.4502604603767395,60989072066,2085269671
1,2,1,2.144775390625,1,2.3499908447265625,1,0.35223621129989624,0.2878803312778473,-49.83441925048828,137.92535400390625,39.55892562866211,1,0.19359499216079712,0.35822856426239014,-104.54254913330078,125.10212707519531,34.891685485839844,1,2.1164772510528564,31.170005798339844,644.0046997070312,0.4968002736568451,0.4412905275821686,0.43917620182037354,1,-64.39772033691406,33.21646499633789,645.5957641601562,0.635201632976532,0.4371325969696045,0.44978955388069153,60989080399,2085278004
1,2,1,2.169158935546875,1,2.3271942138671875,1,0.3436700701713562,0.29295244812965393,-52.78847885131836,137.0007781982422,39.222450256347656,1,0.1898598074913025,0.35987427830696106,-105.83063507080078,124.80213928222656,34.7824821472168,1,2.1823880672454834,31.097881317138672,643.9126586914062,0.4966619908809662,0.441428005695343,0.4389669597148895,1,-64.32300567626953,33.20234680175781,645.6461181640625,0.6350349187850952,0.43716898560523987,0.44988033175468445,60989088733,2085286338
1,2,1,2.1748046875,1,2.33587646484375,1,0.3399311900138855,0.2957876920700073,-54.07785415649414,136.48399353027344,39.03430938720703,1,0.1985096037387848,0.34344109892845154,-102.84770202636719,127.797607421875,35.87276077270508,1,2.245723247528076,31.14217758178711,643.9469604492188,0.49652984738349915,0.441340833902359,0.4390479028224945,1,-64.27902221679688,33.25990676879883,645.8309326171875,0.6349002718925476,0.43707558512687683,0.45027825236320496,60989097066,2085294671
1,2,1,2.1148834228515625,1,2.352447509765625,1,0.34274527430534363,0.26140010356903076,-53.1074104309082,142.75221252441406,41.315799713134766,1,0.20253702998161316,0.35912853479385376,-101.45883178710938,124.93804168701172,34.83205032348633,1,2.2954397201538086,31.082860946655273,644.0728149414062,0.4964270293712616,0.4414805769920349,0.439313143491745,1,-64.21320343017578,33.185550689697266,645.6212158203125,0.6348130106925964,0.43720054626464844,0.44980084896087646,60989105399,2085303004
1,2,1,2.1751251220703125,1,2.311798095703125,1,0.3262470066547394,0.3076520562171936,-58.796913146972656,134.32130432128906,38.2471923828125,1,0.19819758832454681,0.3640815019607544,-102.95530700683594,124.03522491455078,34.50341033935547,1,2.342391014099121,31.096466064453125,644.0838623046875,0.49632903933525085,0.4414539635181427,0.43933939933776855,1,-64.15737915039062,33.21415328979492,645.5037841796875,0.6347243785858154,0.43712517619132996,0.44953957200050354,60989113733,2085311338
1,2,1,2.1136016845703125,1,2.3358001708984375,1,0.3388170897960663,0.3174234926700592,-54.46206283569336,132.5401611328125,37.59888458251953,1,0.2018563598394394,0.3614259958267212,-101.69356536865234,124.51929473876953,34.67953872680664,1,2.379448413848877,31.069395065307617,643.9691772460938,0.496250718832016,0.44149497151374817,0.43908703327178955,1,-64.12319946289062,33.19624328613281,645.604736328125,0.634630024433136,0.43717628717422485,0.44974762201309204,60989122066,2085319671
1,2,1,2.1418914794921875,1,2.3131256103515625,1,0.3385787606239319,0.30807042121887207,-54.544246673583984,134.2450408935547,38.219459533691406,1,0.19926869869232178,0.37172067165374756,-102.58592987060547,122.64275360107422,33.99654769897461,1,2.3996942043304443,31.022315979003906,643.9697265625,0.496208518743515,0.4415926933288574,0.4390818774700165,1,-64.09649658203125,33.17194366455078,645.6796875,0.63455730676651,0.437237024307251,0.449900358915329,60989130399,2085328004
1,2,1,2.176055908203125,1,2.3434600830078125,1,0.35752633213996887,0.3445165455341339,-48.010093688964844,127.6015853881836,35.80140686035156,1,0.20045435428619385,0.3489440679550171,-102.17704772949219,126.79452514648438,35.507659912109375,1,2.4595389366149902,31.02233123779297,643.9580078125,0.4960833787918091,0.4415912330150604,0.43905705213546753,1,-64.0631332397461,33.193172454833984,645.839111328125,0.6344509124755859,0.43721523880958557,0.45024043321609497,60989138733,2085336338
1,2,1,2.12506103515625,1,2.3439483642578125,1,0.37467435002326965,0.28972113132476807,-42.096527099609375,137.58981323242188,39.43682098388672,1,0.23939824104309082,0.3406416177749634,-88.74708557128906,128.30792236328125,36.05846405029297,1,2.494370222091675,31.081785202026367,644.0714111328125,0.49601149559020996,0.4414830207824707,0.43931156396865845,1,-64.03558349609375,33.24372100830078,645.8558349609375,0.6343896985054016,0.4371130168437958,0.450278103351593,60989147066,2085344671
1,2,1,2.20703125,1,2.332183837890625,1,0.36084461212158203,0.3148816227912903,-46.86576843261719,133.00347900390625,37.76759338378906,1,0.21875856816768646,0.33846938610076904,-95.86477661132812,128.703857421875,36.20262145996094,1,2.4948930740356445,30.92148208618164,644.09619140625,0.4960108995437622,0.44181862473487854,0.439343124628067,1,-64.00921630859375,33.132808685302734,645.6029663085938,0.6343942880630493,0.43730759620666504,0.4497106075286865,60989155399,2085353004
1,2,1,2.1659698486328125,1,2.3799591064453125,1,0.35673782229423523,0.304827481508255,-48.28201675415039,134.836181640625,38.434593200683594,1,0.2176923006772995,0.35573267936706543,-96.23248291015625,125.55708312988281,35.057281494140625,1,2.4754481315612793,31.144575119018555,644.082763671875,0.49605095386505127,0.44135433435440063,0.43934473395347595,1,-64.03912353515625,33.36054611206055,645.68994140625,0.6344351172447205,0.43684816360473633,0.449937641620636,60989163733,2085361338
1,2,1,2.168212890625,1,2.3628387451171875,1,0.35476186871528625,0.31793835759162903,-48.96343231201172,132.44631958007812,37.56472396850586,1,0.2264881581068039,0.34307894110679626,-93.19918060302734,127.86363220214844,35.896766662597656,1,2.457345485687256,31.003498077392578,644.0040893554688,0.4960883855819702,0.4416363835334778,0.43915432691574097,1,-64.0801773071289,33.185455322265625,645.8821411132812,0.6344763040542603,0.4372371435165405,0.450335830450058,60989172066,2085369671
1,2,1,2.19873046875,1,2.3585968017578125,1,0.36188915371894836,0.34236472845077515,-46.50555419921875,127.99380493164062,35.94420623779297,1,0.23566173017024994,0.35216882824897766,-90.03562927246094,126.20671081542969,35.29367446899414,1,2.422311305999756,31.093814849853516,643.9571533203125,0.4961610436439514,0.4414428174495697,0.43906474113464355,1,-64.11563873291016,33.28375244140625,645.81689453125,0.6345645785331726,0.43702462315559387,0.45021679997444153,60989180398,2085378003
1,2,1,2.10296630859375,1,2.3393402099609375,1,0.36821046471595764,0.24234797060489655,-44.32562255859375,146.22508239746094,42.57978820800781,1,0.2247387021780014,0.33946463465690613,-93.802490234375,128.5224609375,36.13655090332031,1,2.39402174949646,31.107240676879883,643.9920654296875,0.4962204396724701,0.4414195120334625,0.439142107963562,1,-64.14295959472656,33.283302307128906,645.7049560546875,0.6346473097801208,0.43700993061065674,0.449980765581131,60989188732,2085386337
1,2,1,2.2223663330078125,1,2.3702545166015625,1,0.36526915431022644,0.3389504849910736,-45.33995056152344,128.6161651611328,36.170711517333984,1,0.24425101280212402,0.3642801344394684,-87.07357788085938,123.99900817871094,34.49024200439453,1,2.3585267066955566,31.101621627807617,644.118408203125,0.49629563093185425,0.4414478540420532,0.43941518664360046,1,-64.18473815917969,33.2287483215332,645.579833984375,0.6347633600234985,0.4371053874492645,0.4497116804122925,60989197065,2085394670
1,2,1,2.224029541015625,1,2.351043701171875,1,0.3658982813358307,0.32532885670661926,-45.12299346923828,131.09915161132812,37.074405670166016,1,0.2364281415939331,0.34574994444847107,-89.7713394165039,127.37677001953125,35.71953582763672,1,2.311836004257202,31.18771743774414,643.98095703125,0.4963918626308441,0.4412510395050049,0.439128577709198,1,-64.24063110351562,33.33048629760742,645.7086791992188,0.6348488926887512,0.4369125962257385,0.45001643896102905,60989205398,2085403003
1,2,1,2.180389404296875,1,2.3409271240234375,1,0.3631502687931061,0.30075138807296753,-46.070655822753906,135.57919311523438,38.704994201660156,1,0.22229968011379242,0.33542293310165405,-94.64360046386719,129.25918579101562,36.40468215942383,1,2.2675302028656006,31.121807098388672,644.04931640625,0.4964850842952728,0.44139668345451355,0.4392673671245575,1,-64.300537109375,33.259857177734375,645.8863525390625,0.6349320411682129,0.43708333373069763,0.4504024386405945,60989213732,2085411337
1,2,1,2.210906982421875,1,2.33905029296875,1,0.3581528663635254,0.33174756169319153,-47.794029235839844,129.9291534423828,36.64851379394531,1,0.23788020014762878,0.3572952151298523,-89.27058410644531,125.2722396850586,34.95362091064453,1,2.230182647705078,31.13545799255371,643.9121704101562,0.49656203389167786,0.44135013222694397,0.43897148966789246,1,-64.33744812011719,33.25689697265625,645.7135009765625,0.6350489258766174,0.43706539273262024,0.45003676414489746,60989222065,2085419670
1,2,1,2.175262451171875,1,2.3534698486328125,1,0.36432716250419617,0.33081886172294617,-45.66480255126953,130.0984344482422,36.71018981933594,1,0.22927789390087128,0.34153205156326294,-92.23712921142578,128.1455841064453,35.999420166015625,1,2.176945447921753,31.223674774169922,643.9349365234375,0.4966732859611511,0.4411700963973999,0.43903279304504395,1,-64.37918090820312,33.29352951049805,645.54052734375,0.6351757645606995,0.4369654655456543,0.44967758655548096,60989230398,2085428003
1,2,1,2.2552642822265625,1,2.3730621337890625,1,0.3544757664203644,0.34999558329582214,-49.062095642089844,126.60284423828125,35.437896728515625,1,0.24281151592731476,0.3606882691383362,-87.56999206542969,124.65375518798828,34.72848892211914,1,2.1324644088745117,31.112041473388672,644.03955078125,0.4967672526836395,0.44141536951065063,0.439243882894516,1,-64.44802856445312,33.216217041015625,645.7391357421875,0.6352725028991699,0.4371528923511505,0.4501098692417145,60989238732,2085436337
1,2,1,2.19921875,1,2.3494873046875,1,0.3627546429634094,0.3573110103607178,-46.20708465576172,125.26937866210938,34.95254135131836,1,0.23015287518501282,0.3528311848640442,-91.93537902832031,126.08596801757812,35.24973678588867,1,2.078425407409668,31.245086669921875,643.911865234375,0.496878981590271,0.441122442483902,0.43898487091064453,1,-64.50873565673828,33.31547546386719,645.8909912109375,0.635362446308136,0.43696844577789307,0.4504649341106415,60989247065,2085444670
5,2,1,2.2173309326171875,1,2.3324737548828125,1,0.3609243929386139,0.31329044699668884,-46.838260650634766,133.2935333251953,37.873138427734375,1,0.23988045752048492,0.362175315618515,-88.58077239990234,124.38270568847656,34.62981033325195,1,2.0368967056274414,31.173992156982422,643.9353637695312,0.49696600437164307,0.44127291440963745,0.43902575969696045,1,-64.54695129394531,33.23747253417969,645.71875,0.6354823112487793,0.43710586428642273,0.4500899612903595,60989255398,2085453003
5,2,1,2.2504425048828125,1,2.352783203125,1,0.3629317283630371,0.37875959277153015,-46.14602279663086,121.35968017578125,33.529537200927734,1,0.24686463177204132,0.360989511013031,-86.17227172851562,124.5988540649414,34.70848083496094,1,1.9915810823440552,31.224637985229492,643.8323974609375,0.4970598816871643,0.4411540925502777,0.4388090670108795,1,-64.58456420898438,33.252723693847656,645.58251953125,0.6355922222137451,0.4370553493499756,0.4498061537742615,60989263732,2085461337
5,2,1,2.207733154296875,1,2.352996826171875,1,0.3612622916698456,0.35264721512794495,-46.72174072265625,126.1195068359375,35.2619743347168,1,0.237137109041214,0.3500649333000183,-89.52685546875,126.59020233154297,35.433284759521484,1,1.954390525817871,31.272499084472656,643.8660888671875,0.49713778495788574,0.44105926156044006,0.43888866901397705,1,-64.62788391113281,33.280670166015625,645.56201171875,0.6356868147850037,0.4369945228099823,0.44977521896362305,60989272065,2085469670
5,2,1,2.1909332275390625,1,2.355712890625,1,0.3669677674770355,0.33200645446777344,-44.75416946411133,129.88192749023438,36.63142776489258,1,0.2291100174188614,0.34120064973831177,-92.2950210571289,128.2060089111328,36.0213737487793,1,1.914010763168335,31.248695373535156,643.9238891601562,0.4972226023674011,0.44111621379852295,0.43901050090789795,1,-64.66554260253906,33.256717681884766,645.7072143554688,0.635731041431427,0.43706417083740234,0.45009326934814453,60989280398,2085478003
5,2,1,2.1413421630859375,1,2.3374786376953125,1,0.36118221282958984,0.29016804695129395,-46.74934768676758,137.50833129882812,39.40717697143555,1,0.23003557324409485,0.3653852641582489,-91.97583770751953,123.79759979248047,34.41681671142578,1,1.8800511360168457,31.303421020507812,644.037841796875,0.49729421734809875,0.4410178065299988,0.43926510214805603,1,-64.70863342285156,33.34595489501953,645.7093505859375,0.6358194947242737,0.4368796944618225,0.4501199424266815,60989288732,2085486337
5,2,1,2.169647216796875,1,2.3377227783203125,1,0.3697092831134796,0.3186480700969696,-43.80875015258789,132.3169403076172,37.51765823364258,1,0.23340865969657898,0.3441911041736603,-90.81261444091797,127.660888671875,35.823028564453125,1,1.8407700061798096,31.265810012817383,643.8436889648438,0.4973750710487366,0.44106993079185486,0.438838392496109,1,-64.7368392944336,33.28158187866211,645.6799926757812,0.6358851790428162,0.4370088279247284,0.450053334236145,60989297065,2085494670
5,2,1,2.18890380859375,1,2.3428497314453125,1,0.3609062731266022,0.30831682682037354,-46.84450912475586,134.20013427734375,38.203094482421875,1,0.23438581824302673,0.34454289078712463,-90.47563934326172,127.59679412841797,35.79963302612305,1,1.8140501976013184,31.320959091186523,643.855224609375,0.4974308907985687,0.4409570097923279,0.438870906829834,1,-64.76371765136719,33.39056396484375,645.5816040039062,0.6359636783599854,0.4367694854736328,0.449862539768219,60989305398,2085503003
5,2,1,2.174163818359375,1,2.351348876953125,1,0.3622172772884369,0.32880982756614685,-46.39239501953125,130.46463012695312,36.84343719482422,1,0.22990262508392334,0.34467941522598267,-92.02169799804688,127.5718994140625,35.79058074951172,1,1.785569429397583,31.278139114379883,643.751953125,0.497489869594574,0.4410320222377777,0.43864068388938904,1,-64.7794189453125,33.2966194152832,645.5198974609375,0.6360111236572266,0.43695539236068726,0.449719101190567,60989313735,2085511340
5,2,1,2.2532501220703125,1,2.3196563720703125,1,0.36143165826797485,0.3466920852661133,-46.66332244873047,127.20501708984375,35.65707015991211,1,0.2344558984041214,0.34737300872802734,-90.45147705078125,127.08089447021484,35.61191177368164,1,1.7676587104797363,31.33707618713379,643.7523193359375,0.49752721190452576,0.44090980291366577,0.4386497139930725,1,-64.80535888671875,33.39540100097656,645.4069213867188,0.6360910534858704,0.436735063791275,0.4494951367378235,60989322068,2085519673
5,2,1,2.1711273193359375,1,2.34820556640625,1,0.3594112694263458,0.30160051584243774,-47.360076904296875,135.42440795898438,38.648658752441406,1,0.254523903131485,0.3719896674156189,-83.53092956542969,122.5937271118164,33.97869110107422,1,1.7515813112258911,31.28163719177246,643.740966796875,0.4975608289241791,0.4410232603549957,0.43861719965934753,1,-64.83058166503906,33.311798095703125,645.4742431640625,0.6361279487609863,0.4369174540042877,0.4496336579322815,60989330401,2085528006
5,2,1,2.136505126953125,1,2.3372802734375,1,0.35593166947364807,0.2741841971874237,-48.560035705566406,140.42193603515625,40.467613220214844,1,0.23743516206741333,0.3711884021759033,-89.42406463623047,122.73979187011719,34.031829833984375,1,1.734511137008667,31.299015045166016,643.7864990234375,0.49759677052497864,0.4409932494163513,0.438718318939209,1,-64.849853515625,33.359375,645.4345703125,0.6361770629882812,0.4368133842945099,0.4495590925216675,60989338735,2085536340
5,2,1,2.1965789794921875,1,2.332794189453125,1,0.3588719069957733,0.32641056180000305,-47.54608154296875,130.9019775390625,37.0026741027832,1,0.2349306046962738,0.34880080819129944,-90.28776550292969,126.82063293457031,35.51715850830078,1,1.7173223495483398,31.304838180541992,643.8553466796875,0.49763309955596924,0.44099029898643494,0.43886837363243103,1,-64.86906433105469,33.35846710205078,645.50244140625,0.6362009048461914,0.4368247389793396,0.4497096836566925,60989347068,2085544673
5,2,1,2.19976806640625,1,2.3525390625,1,0.3583354651927948,0.3107949197292328,-47.731056213378906,133.7484130859375,38.038692474365234,1,0.234364315867424,0.37216487526893616,-90.48306274414062,122.561767578125,33.967079162597656,1,1.6920318603515625,31.312461853027344,643.9014892578125,0.4976862072944641,0.44098055362701416,0.43896934390068054,1,-64.89666748046875,33.370330810546875,645.5909423828125,0.6362373232841492,0.4368124008178711,0.44990816712379456,60989355401,2085553006
5,2,1,2.1155548095703125,1,2.3745574951171875,1,0.36873915791511536,0.28503215312957764,-44.14329528808594,138.4445343017578,39.74787902832031,1,0.24126258492469788,0.3706052303314209,-88.1041488647461,122.84607696533203,34.07051086425781,1,1.682410478591919,31.250293731689453,643.775390625,0.4977056682109833,0.44109272956848145,0.43868714570999146,1,-64.90314483642578,33.23981475830078,645.6844482421875,0.6362292766571045,0.4370955228805542,0.45009249448776245,60989363735,2085561340
5,2,1,2.1845550537109375,1,2.320648193359375,1,0.3610003888607025,0.3326025903224945,-46.812049865722656,129.7732696533203,36.591861724853516,1,0.22911123931407928,0.3313732445240021,-92.29460144042969,129.9973602294922,36.67336654663086,1,1.6581600904464722,31.472843170166016,643.75048828125,0.49775582551956177,0.44062772393226624,0.438664048910141,1,-64.92945861816406,33.46111297607422,645.665771484375,0.6362873911857605,0.4366348385810852,0.4500899612903595,60989372068,2085569673
5,2,1,2.2387847900390625,1,2.329681396484375,1,0.36205196380615234,0.33254843950271606,-46.44941329956055,129.78317260742188,36.59538269042969,1,0.23495884239673615,0.35873880982398987,-90.27804565429688,125.00914001464844,34.85778045654297,1,1.6588363647460938,31.100234985351562,643.9256591796875,0.49775606393814087,0.44142383337020874,0.43899205327033997,1,-64.93003845214844,33.14868927001953,645.7025146484375,0.6362811923027039,0.4372865855693817,0.45012420415878296,60989380401,2085578006
5,2,1,2.2132720947265625,1,2.3187713623046875,1,0.361390620470047,0.34451526403427124,-46.67747116088867,127.601806640625,35.80146789550781,1,0.22298908233642578,0.3340461254119873,-94.4058609008789,129.51014709472656,36.496097564697266,1,1.634833574295044,31.450536727905273,643.7855834960938,0.49780479073524475,0.4406786561012268,0.4387368857860565,1,-64.94601440429688,33.43577575683594,645.6507568359375,0.6363252997398376,0.436685174703598,0.4500574469566345,60989388735,2085586340
5,2,1,2.2089996337890625,1,2.31536865234375,1,0.3561408817768097,0.361265629529953,-48.48787307739258,124.54851531982422,34.69019317626953,1,0.24228191375732422,0.3479345440864563,-87.75263977050781,126.97854614257812,35.574607849121094,1,1.6342477798461914,31.25314712524414,643.84423828125,0.49780672788619995,0.44109585881233215,0.43883654475212097,1,-64.95626831054688,33.238311767578125,645.7437133789062,0.636325478553772,0.43710675835609436,0.450231671333313,60989397068,2085594673
5,2,1,2.1961822509765625,1,2.31939697265625,1,0.36120250821113586,0.3567083477973938,-46.74235916137695,125.37924194335938,34.992549896240234,1,0.23351702094078064,0.33901917934417725,-90.77523803710938,128.60366821289062,36.166080474853516,1,1.6301915645599365,31.267379760742188,643.8211669921875,0.4978151023387909,0.44106325507164,0.438788503408432,1,-64.95650482177734,33.2601318359375,645.7200927734375,0.6363314390182495,0.43705829977989197,0.4501838982105255,60989405401,2085603006
5,2,1,2.160369873046875,1,2.329986572265625,1,0.3625722825527191,0.30145251750946045,-46.26997375488281,135.4513702392578,38.65852355957031,1,0.23700478672981262,0.37083593010902405,-89.57247924804688,122.80401611328125,34.055274963378906,1,1.6372084617614746,31.29790496826172,643.924072265625,0.49780094623565674,0.4410136640071869,0.43901607394218445,1,-64.95425415039062,33.334747314453125,645.7789306640625,0.63631272315979,0.43691205978393555,0.450321227312088,60989413735,2085611340
5,2,1,2.17840576171875,1,2.296600341796875,1,0.3668203055858612,0.3136482536792755,-44.805030822753906,133.22830200195312,37.84941864013672,1,0.21749551594257355,0.33490023016929626,-96.30033874511719,129.35447692871094,36.43940353393555,1,1.6437087059020996,31.17955780029297,643.8336181640625,0.4977870285511017,0.4412470757961273,0.43880337476730347,1,-64.93619537353516,33.204071044921875,645.7374267578125,0.6362856030464172,0.43717679381370544,0.450208842754364,60989422068,2085619673
5,2,1,2.2148895263671875,1,2.3020172119140625,1,0.3579936623573303,0.3645249307155609,-47.84894561767578,123.95442199707031,34.47391128540039,1,0.2093246579170227,0.33642148971557617,-99.11808013916016,129.07716369628906,36.33848571777344,1,1.6507623195648193,31.279844284057617,643.8896484375,0.4977724552154541,0.4410465657711029,0.4389389753341675,1,-64.93965911865234,33.29817199707031,645.8409423828125,0.6362679600715637,0.4369964301586151,0.45044660568237305,60989430401,2085628006
5,2,1,2.212921142578125,1,2.320343017578125,1,0.3703537881374359,0.3538888990879059,-43.58649444580078,125.89318084716797,35.17955780029297,1,0.23606444895267487,0.354417085647583,-89.89675903320312,125.79691314697266,35.144500732421875,1,1.6582691669464111,31.2584285736084,643.7979736328125,0.4977562725543976,0.4410788118839264,0.438737154006958,1,-64.93183898925781,33.270042419433594,645.8074951171875,0.6362597346305847,0.4370500147342682,0.450368732213974,60989438737,2085636342
5,2,1,2.219085693359375,1,2.325164794921875,1,0.3603246510028839,0.35322850942611694,-47.04508590698242,126.0135269165039,35.22345733642578,1,0.23465602099895477,0.33676695823669434,-90.38246154785156,129.01419067382812,36.315582275390625,1,1.669013261795044,31.171030044555664,643.833984375,0.4977341294288635,0.4412648677825928,0.438803106546402,1,-64.91423797607422,33.20733642578125,645.7747802734375,0.6362311840057373,0.43717527389526367,0.4502851366996765,60989447070,2085644675
5,2,1,1.9741363525390625,1,2.3294525146484375,1,0.3556927740573883,0.16868609189987183,-48.642398834228516,159.65231323242188,47.46694564819336,1,0.21977806091308594,0.3660118281841278,-95.51319885253906,123.6833724975586,34.37532043457031,1,1.6748297214508057,31.30112075805664,644.0156860351562,0.4977228343486786,0.441019207239151,0.4392154812812805,1,-64.9111328125,33.341819763183594,645.7054443359375,0.6362404227256775,0.43688729405403137,0.45015445351600647,60989455403,2085653008
5,2,1,2.1483001708984375,1,2.338134765625,1,0.37479206919670105,0.2920985221862793,-42.05592727661133,137.15646362304688,39.279083251953125,1,0.24740728735923767,0.31685924530029297,-85.98512268066406,132.6429901123047,37.63638687133789,1,1.6803817749023438,31.22197723388672,643.8333740234375,0.49771031737327576,0.4411591589450836,0.43880894780158997,1,-64.90547180175781,33.237701416015625,645.7993774414062,0.6362070441246033,0.4371158480644226,0.4503408670425415,60989463736,2085661341
5,2,1,2.182952880859375,1,2.2976226806640625,1,0.37007901072502136,0.3401600420475006,-43.68124008178711,128.39569091796875,36.09041976928711,1,0.22779671847820282,0.317052960395813,-92.74793243408203,132.60769653320312,37.62348556518555,1,1.6842563152313232,31.250713348388672,643.8330078125,0.4977021813392639,0.44109952449798584,0.43881213665008545,1,-64.90560150146484,33.27206039428711,645.8004150390625,0.6362069249153137,0.4370448887348175,0.4503481686115265,60989472070,2085669675
5,2,1,2.180877685546875,1,2.3277587890625,1,0.3578324615955353,0.35621538758277893,-47.90452194213867,125.46910095214844,35.02522659301758,1,0.2318650335073471,0.3341080844402313,-91.34494018554688,129.49887084960938,36.491905212402344,1,1.6896382570266724,31.26215362548828,643.8782958984375,0.49769118428230286,0.44108182191848755,0.438912034034729,1,-64.9036865234375,33.29174041748047,645.812255859375,0.6362001299858093,0.43700581789016724,0.450376033782959,60989480403,2085678008
5,2,1,2.19696044921875,1,2.3639678955078125,1,0.35219520330429077,0.3453974425792694,-49.84856033325195,127.44099426269531,35.742984771728516,1,0.24699531495571136,0.35778918862342834,-86.12718963623047,125.18223571777344,34.9207878112793,1,1.6840318441390991,31.27248764038086,643.88916015625,0.4977029263973236,0.4410618245601654,0.4389369785785675,1,-64.91041564941406,33.306453704833984,645.799072265625,0.6362171173095703,0.436973512172699,0.45035120844841003,60989488736,2085686341
5,2,1,2.1880645751953125,1,2.318450927734375,1,0.35969844460487366,0.329978346824646,-47.261024475097656,130.25161743164062,36.76597595214844,1,0.22674229741096497,0.30884382128715515,-93.1115493774414,134.1040802001953,38.16816711425781,1,1.6786655187606812,31.174591064453125,643.9141845703125,0.49771448969841003,0.4412681460380554,0.4389777183532715,1,-64.9122314453125,33.218780517578125,645.8359375,0.6362125277519226,0.43716007471084595,0.45041850209236145,60989497070,2085694675
5,2,1,2.16497802734375,1,2.30511474609375,1,0.35756656527519226,0.30758723616600037,-47.9962158203125,134.33314514160156,38.251495361328125,1,0.23225584626197815,0.36133018136024475,-91.21017456054688,124.53675842285156,34.68590545654297,1,1.6693811416625977,31.310298919677734,644.0158081054688,0.4977342188358307,0.44100022315979004,0.4392169415950775,1,-64.91816711425781,33.377235412597656,645.69189453125,0.6362581253051758,0.4368121027946472,0.45013174414634705,60989505403,2085703008
5,2,1,2.2357635498046875,1,2.305389404296875,1,0.36536574363708496,0.3291749358177185,-45.306636810302734,130.3980712890625,36.81923294067383,1,0.22095263004302979,0.33951154351234436,-95.10812377929688,128.51390075683594,36.133453369140625,1,1.6582680940628052,31.129384994506836,643.91455078125,0.497757226228714,0.4413619339466095,0.438972145318985,1,-64.9202880859375,33.18999481201172,645.692626953125,0.6362631916999817,0.43719974160194397,0.450106680393219,60989513736,2085711341
5,2,1,2.15582275390625,1,2.3499755859375,1,0.36419227719306946,0.2967810034751892,-45.71132278442383,136.30291748046875,38.968441009521484,1,0.24523606896400452,0.3345746099948883,-86.73388671875,129.41380310058594,36.46104431152344,1,1.6425763368606567,31.258197784423828,643.9012451171875,0.4977896511554718,0.44109296798706055,0.438960999250412,1,-64.95986938476562,33.26578140258789,645.848388671875,0.6363082528114319,0.4370644688606262,0.450462281703949,60989522070,2085719675
5,2,1,2.2966156005859375,1,2.289337158203125,1,0.3651122450828552,0.37121281027793884,-45.39405822753906,122.73534393310547,34.03021240234375,1,0.23168036341667175,0.3074595630168915,-91.40863037109375,134.35641479492188,38.25991439819336,1,1.6270420551300049,31.18524169921875,643.9370727539062,0.49782246351242065,0.44124898314476013,0.4390285313129425,1,-64.96499633789062,33.20832061767578,645.7754516601562,0.6363363265991211,0.4371732473373413,0.4502977430820465,60989530403,2085728008
5,2,1,2.2144317626953125,1,2.350982666015625,1,0.35561567544937134,0.3345932364463806,-48.66899871826172,129.41041564941406,36.45978927612305,1,0.24783414602279663,0.3726852834224701,-85.83792114257812,122.46691131591797,33.93255615234375,1,1.61007821559906,31.154621124267578,643.9713134765625,0.4978581666946411,0.44131702184677124,0.43909844756126404,1,-64.9864273071289,33.19244384765625,645.7733764648438,0.6363813281059265,0.4372057318687439,0.450295627117157,60989538736,2085736341
5,2,1,2.1587066650390625,1,2.353912353515625,1,0.3617717921733856,0.31872689723968506,-46.54602813720703,132.30258178710938,37.51239776611328,1,0.2561906576156616,0.3724474310874939,-82.95613098144531,122.51026916503906,33.948341369628906,1,1.5876150131225586,31.22337532043457,643.8792724609375,0.4979044497013092,0.4411621689796448,0.438908189535141,1,-65.01744079589844,33.21320724487305,645.7666015625,0.6364471316337585,0.43716180324554443,0.45029059052467346,60989547070,2085744675
5,2,1,2.1787109375,1,2.2957000732421875,1,0.35833004117012024,0.2995319664478302,-47.732933044433594,135.80145263671875,38.785926818847656,1,0.22310015559196472,0.3468073010444641,-94.36754608154297,127.18403625488281,35.64936828613281,1,1.5560389757156372,31.133798599243164,643.868896484375,0.4979705512523651,0.44134652614593506,0.4388730227947235,1,-65.03895568847656,33.16490936279297,645.7041015625,0.6365066766738892,0.43725302815437317,0.4501533806324005,60989555403,2085753008
5,2,1,2.2037200927734375,1,2.2931976318359375,1,0.34243494272232056,0.34248578548431396,-53.21441650390625,127.97175598144531,35.93614196777344,1,0.2050802856683731,0.3273181617259979,-100.581787109375,130.7365264892578,36.94245910644531,1,1.4914480447769165,31.208539962768555,643.99462890625,0.49810609221458435,0.44120803475379944,0.4391559064388275,1,-65.0738525390625,33.18381118774414,645.6503295898438,0.6365917325019836,0.4372063875198364,0.45004749298095703,60989563736,2085761341
5,2,1,2.222320556640625,1,2.3302154541015625,1,0.33209288120269775,0.3484046757221222,-56.78093338012695,126.8928451538086,35.54343795776367,1,0.18630337715148926,0.3676581382751465,-107.05707550048828,123.3832778930664,34.266056060791016,1,1.421872854232788,31.25,643.8792724609375,0.4982507526874542,0.4411065876483917,0.438911110162735,1,-65.11997985839844,33.19489288330078,645.6765747070312,0.6366811394691467,0.43718698620796204,0.45011571049690247,60989572074,2085769679
5,2,1,2.2222137451171875,1,2.344818115234375,1,0.3437999188899994,0.35733312368392944,-52.743709564208984,125.26535034179688,34.95108413696289,1,0.1981043964624405,0.3533344864845276,-102.9874496459961,125.99420928955078,35.2164192199707,1,1.3924970626831055,31.214099884033203,643.8914794921875,0.4983122944831848,0.4411826431751251,0.43893247842788696,1,-65.13763427734375,33.16459655761719,645.6011962890625,0.6367356777191162,0.4372391998767853,0.44995251297950745,60989580407,2085778012
5,2,1,2.2270660400390625,1,2.316619873046875,1,0.35288843512535095,0.322602778673172,-49.6094856262207,131.59605407714844,37.255271911621094,1,0.19089947640895844,0.3384830355644226,-105.47209930419922,128.70140075683594,36.20164489746094,1,1.3615984916687012,31.288612365722656,643.8215942382812,0.49837639927864075,0.4410187602043152,0.43879103660583496,1,-65.16410064697266,33.218421936035156,645.64404296875,0.6367802023887634,0.43713366985321045,0.45005837082862854,60989588740,2085786345
5,2,1,2.1919708251953125,1,2.3319549560546875,1,0.3457060158252716,0.31628501415252686,-52.08637619018555,132.7476806640625,37.67441177368164,1,0.18595238029956818,0.34570226073265076,-107.17813110351562,127.38544464111328,35.722755432128906,1,1.347796082496643,31.271533966064453,643.7417602539062,0.4984048902988434,0.44104355573654175,0.4386153519153595,1,-65.17144775390625,33.18620300292969,645.5252685546875,0.6368237733840942,0.4371838867664337,0.44979897141456604,60989597074,2085794679
5,2,1,2.195556640625,1,2.342071533203125,1,0.34126776456832886,0.32526347041130066,-53.6169319152832,131.111083984375,37.0787467956543,1,0.1990838348865509,0.3294682204723358,-102.64967346191406,130.34461975097656,36.799781799316406,1,1.3317484855651855,31.281112670898438,643.7068481445312,0.4984382390975952,0.4410189986228943,0.438541054725647,1,-65.19379425048828,33.19749069213867,645.4727172851562,0.6368825435638428,0.4371531903743744,0.449692040681839,60989605407,2085803012
5,2,1,2.2602081298828125,1,2.327606201171875,1,0.34490299224853516,0.3385508060455322,-52.363311767578125,128.6890411376953,36.19717025756836,1,0.20130817592144012,0.32568761706352234,-101.88260650634766,131.0337677001953,37.05058288574219,1,1.322455644607544,31.289396286010742,643.775390625,0.49845796823501587,0.44101089239120483,0.438690721988678,1,-65.21051025390625,33.20310974121094,645.4818725585938,0.6369149684906006,0.4371427893638611,0.449716180562973,60989613740,2085811345
5,2,1,2.1849517822265625,1,2.327789306640625,1,0.34802693128585815,0.3180709779262543,-51.2859992980957,132.422119140625,37.555938720703125,1,0.1980661004781723,0.34799498319625854,-103.00065612792969,126.967529296875,35.57061004638672,1,1.3164169788360596,31.283649444580078,643.775390625,0.49847063422203064,0.4410228133201599,0.4386899173259735,1,-65.23017883300781,33.193199157714844,645.5595703125,0.6369374394416809,0.4371740520000458,0.449886679649353,60989622074,2085819679
5,2,1,2.1302337646484375,1,2.359619140625,1,0.3403833210468292,0.2715905010700226,-53.92192840576172,140.89468383789062,40.639686584472656,1,0.20577828586101532,0.3432636260986328,-100.34107208251953,127.82996368408203,35.88455581665039,1,1.3102703094482422,31.289833068847656,643.7529907226562,0.4984833300113678,0.44100701808929443,0.43864214420318604,1,-65.24148559570312,33.20759201049805,645.5579223632812,0.6369612216949463,0.4371439814567566,0.44988760352134705,60989630407,2085828012
5,2,1,2.2020263671875,1,2.326416015625,1,0.3331337869167328,0.3425399661064148,-56.42196273803711,127.96186828613281,35.93256378173828,1,0.19993574917316437,0.36361926794052124,-102.35589599609375,124.11951446533203,34.53395080566406,1,1.3133347034454346,31.267745971679688,643.7529296875,0.4984769821166992,0.4410528242588043,0.43863895535469055,1,-65.25358581542969,33.186439514160156,645.7196044921875,0.6369481086730957,0.43721017241477966,0.45023617148399353,60989638740,2085836345
5,2,1,2.2527618408203125,1,2.336761474609375,1,0.34436237812042236,0.341983824968338,-52.54973602294922,128.06324768066406,35.96944046020508,1,0.20139090716838837,0.34324732422828674,-101.85407257080078,127.83292388916016,35.88565444946289,1,1.31694495677948,31.284894943237305,643.741455078125,0.49846935272216797,0.44101569056510925,0.43861642479896545,1,-65.24165344238281,33.20267868041992,645.6151123046875,0.6369479894638062,0.4371621012687683,0.45001035928726196,60989647074,2085844679
5,2,1,2.138031005859375,1,2.3595733642578125,1,0.3335440158843994,0.32029032707214355,-56.280494689941406,132.017578125,37.40870666503906,1,0.20342428982257843,0.3578729033470154,-101.15286254882812,125.16696166992188,34.91525650024414,1,1.3255341053009033,31.269136428833008,643.7528686523438,0.49845147132873535,0.4410499334335327,0.4386391043663025,1,-65.23777770996094,33.18811798095703,645.6980590820312,0.6369204521179199,0.4372037947177887,0.450186550617218,60989655407,2085853012
5,2,1,2.2089385986328125,1,2.35675048828125,1,0.3346345126628876,0.3533627986907959,-55.904449462890625,125.98906707763672,35.21449661254883,1,0.20901072025299072,0.32905298471450806,-99.22635650634766,130.42030334472656,36.82736587524414,1,1.335059404373169,31.26983642578125,643.6617431640625,0.49843114614486694,0.4410364031791687,0.43844154477119446,1,-65.21903991699219,33.19350814819336,645.6435546875,0.6368944644927979,0.4371850788593292,0.450065553188324,60989663740,2085861345
2,2,1,2.225616455078125,1,2.311309814453125,1,0.3344990611076355,0.35215020179748535,-55.95114517211914,126.2101058959961,35.29494094848633,1,0.20275908708572388,0.35843417048454285,-101.38225555419922,125.06463623046875,34.878074645996094,1,1.3578581809997559,31.247783660888672,643.6961669921875,0.49838367104530334,0.4410867393016815,0.43851330876350403,1,-65.18880462646484,33.17732238769531,645.63720703125,0.6368333101272583,0.4372177720069885,0.45004311203956604,60989672074,2085869679
2,2,1,2.187164306640625,1,2.3424072265625,1,0.32173779606819153,0.3329882025718689,-60.351924896240234,129.7030029296875,36.56623840332031,1,0.20675285160541534,0.36708196997642517,-100.00498962402344,123.48828887939453,34.3043098449707,1,1.386160969734192,31.1987247467041,643.77734375,0.49832502007484436,0.4411993622779846,0.4386826157569885,1,-65.15620422363281,33.144622802734375,645.551513671875,0.6367860436439514,0.43727362155914307,0.4498463571071625,60989680407,2085878012
2,2,1,2.2083740234375,1,2.32684326171875,1,0.34237322211265564,0.3312145471572876,-53.235713958740234,130.0262908935547,36.683956146240234,1,0.19003164768218994,0.3474249243736267,-105.7713623046875,127.0714340209961,35.60846710205078,1,1.4119350910186768,31.260826110839844,643.7763671875,0.49827101826667786,0.44107046723365784,0.438689261674881,1,-65.11814880371094,33.16954803466797,645.4298706054688,0.6367357969284058,0.4372052550315857,0.44957926869392395,60989688740,2085886345
2,2,1,2.189422607421875,1,2.360870361328125,1,0.3440409302711487,0.32818496227264404,-52.66059494018555,130.5785369873047,36.88496780395508,1,0.20710435509681702,0.3409501910209656,-99.88378143310547,128.25167846679688,36.03799819946289,1,1.4332257509231567,31.289226531982422,643.90185546875,0.4982271194458008,0.44102826714515686,0.43896564841270447,1,-65.11216735839844,33.19072723388672,645.53662109375,0.6366980075836182,0.4371762275695801,0.44981130957603455,60989697074,2085894679
2,2,1,2.148223876953125,1,2.3626556396484375,1,0.3357548415660858,0.26070383191108704,-55.51808547973633,142.879150390625,41.36195373535156,1,0.21422657370567322,0.3522363305091858,-97.42765045166016,126.19441223144531,35.28923416137695,1,1.4737803936004639,31.122509002685547,643.903564453125,0.49814268946647644,0.4413743317127228,0.438946396112442,1,-65.0821762084961,33.074790954589844,645.5781860351562,0.6366264820098877,0.4374220669269562,0.44987791776657104,60989705410,2085903015
2,2,1,2.246795654296875,1,2.326690673828125,1,0.3324719965457916,0.3680031895637512,-56.65019607543945,123.32038116455078,34.24320602416992,1,0.22303882241249084,0.35460105538368225,-94.38870239257812,125.76337432861328,35.13228988647461,1,1.4999656677246094,31.47048568725586,643.831787109375,0.49808692932128906,0.44064316153526306,0.4388391971588135,1,-65.07420349121094,33.401241302490234,645.6602783203125,0.6365892291069031,0.4367577135562897,0.4501005709171295,60989713743,2085911348
2,2,1,2.20843505859375,1,2.3113555908203125,1,0.3402058482170105,0.32832273840904236,-53.98314666748047,130.55340576171875,36.87580108642578,1,0.19824959337711334,0.3027859330177307,-102.9373550415039,135.20831298828125,38.57001495361328,1,1.5437899827957153,31.065475463867188,643.7310180664062,0.497995525598526,0.4414699375629425,0.43856438994407654,1,-65.01974487304688,32.99827575683594,645.696533203125,0.636469304561615,0.4375969171524048,0.4501087963581085,60989722077,2085919682
2,2,1,2.2608642578125,1,2.339813232421875,1,0.332180380821228,0.3467217981815338,-56.750762939453125,127.19959259033203,35.655128479003906,1,0.20167773962020874,0.3428193926811218,-101.7551498413086,127.91093444824219,35.91398620605469,1,1.5768282413482666,31.392545700073242,643.7294311523438,0.4979258179664612,0.4407912790775299,0.43860673904418945,1,-64.97161865234375,33.369693756103516,645.6458740234375,0.6363798975944519,0.43682122230529785,0.45004284381866455,60989730410,2085928015
2,2,1,2.2217559814453125,1,2.3603973388671875,1,0.3413420617580414,0.3344978392124176,-53.5913200378418,129.4278106689453,36.46611785888672,1,0.21288909018039703,0.32627442479133606,-97.88887786865234,130.92678833007812,37.011688232421875,1,1.615474820137024,31.274616241455078,643.8104248046875,0.49784570932388306,0.4410467743873596,0.438766211271286,1,-64.93115234375,33.203712463378906,645.68994140625,0.6362862586975098,0.43717095255851746,0.450105220079422,60989738743,2085936348
2,2,1,2.215240478515625,1,2.38543701171875,1,0.33768486976623535,0.34956681728363037,-54.85250473022461,126.68101501464844,35.46634292602539,1,0.20692695677280426,0.34959062933921814,-99.9449462890625,126.6766586303711,35.46477127075195,1,1.668872356414795,31.243919372558594,643.7415161132812,0.49773380160331726,0.44110143184661865,0.438612699508667,1,-64.87861633300781,33.18933868408203,645.56103515625,0.6362076997756958,0.4371829628944397,0.44981372356414795,60989747077,2085944682
2,2,1,2.210601806640625,1,2.32476806640625,1,0.3394344449043274,0.3017781674861908,-54.24917221069336,135.39202880859375,38.63692092895508,1,0.21114197373390198,0.3465935289859772,-98.49137878417969,127.22296905517578,35.663665771484375,1,1.7194383144378662,31.34113311767578,643.92431640625,0.4976290166378021,0.4409242272377014,0.43902310729026794,1,-64.83821105957031,33.35683059692383,645.590087890625,0.6361162662506104,0.43684038519859314,0.44989198446273804,60989755410,2085953015
2,2,1,2.296966552734375,1,2.362823486328125,1,0.32825765013694763,0.39403459429740906,-58.10353088378906,118.57533264160156,32.51609420776367,1,0.2201521247625351,0.34577059745788574,-95.38420104980469,127.37298583984375,35.718204498291016,1,1.7775390148162842,31.22401237487793,643.7756958007812,0.49750691652297974,0.44114747643470764,0.4386846125125885,1,-64.78596496582031,33.20514678955078,645.7191772460938,0.6359782218933105,0.43717238306999207,0.45013731718063354,60989763743,2085961348
2,2,1,2.1854095458984375,1,2.3212432861328125,1,0.3324788212776184,0.296098917722702,-56.6478385925293,136.42724609375,39.013675689697266,1,0.21091774106025696,0.35159626603126526,-98.5687026977539,126.31108093261719,35.3316535949707,1,1.8223679065704346,31.300212860107422,643.8782958984375,0.497413694858551,0.4410031735897064,0.4389181435108185,1,-64.73734283447266,33.340545654296875,645.8220825195312,0.6358526349067688,0.43690651655197144,0.450368732213974,60989772077,2085969682
2,2,1,2.1881256103515625,1,2.3315277099609375,1,0.34692618250846863,0.2890044152736664,-51.66559600830078,137.72042846679688,39.48439025878906,1,0.20523078739643097,0.34484928846359253,-100.52987670898438,127.54094696044922,35.779266357421875,1,1.888439655303955,31.311120986938477,643.9007568359375,0.49727576971054077,0.4409836232662201,0.43896883726119995,1,-64.66392517089844,33.363121032714844,645.56591796875,0.6357603669166565,0.43682432174682617,0.44980335235595703,60989780410,2085978015
2,2,1,2.136566162109375,1,2.346923828125,1,0.35105419158935547,0.286693274974823,-50.242034912109375,138.1417236328125,39.63768005371094,1,0.2211601287126541,0.334438294172287,-95.03658294677734,129.43865966796875,36.47008514404297,1,1.9494760036468506,31.2357120513916,643.8328857421875,0.49714788794517517,0.4411311149597168,0.43881145119667053,1,-64.60528564453125,33.23674011230469,645.636962890625,0.6356225609779358,0.4370959401130676,0.44992583990097046,60989788743,2085986348
2,2,1,2.21868896484375,1,2.3471832275390625,1,0.3293592929840088,0.30816447734832764,-57.72361373901367,134.22792053222656,38.213157653808594,1,0.22878314554691315,0.33290770649909973,-92.40774536132812,129.7176513671875,36.571598052978516,1,2.0029358863830566,31.34942626953125,643.7059326171875,0.49703505635261536,0.4408784508705139,0.43855220079421997,1,-64.56028747558594,33.43212890625,645.739501953125,0.635504424571991,0.4367058575153351,0.45016586780548096,60989797077,2085994682
2,2,1,2.196929931640625,1,2.33001708984375,1,0.3349721431732178,0.31871020793914795,-55.788002014160156,132.3056182861328,37.51355743408203,1,0.2141084522008896,0.3405848741531372,-97.46837615966797,128.31826782226562,36.06227493286133,1,2.059934377670288,31.225601196289062,643.8551025390625,0.4969172179698944,0.4411553144454956,0.4388589560985565,1,-64.50537109375,33.313838958740234,645.878173828125,0.635358452796936,0.436970055103302,0.4504362642765045,60989805410,2086003015
2,2,1,2.151641845703125,1,2.3513641357421875,1,0.33875060081481934,0.30271539092063904,-54.4849853515625,135.22117614746094,38.57471466064453,1,0.22250190377235413,0.35634851455688477,-94.57386016845703,125.44483947753906,35.01639175415039,1,2.125324249267578,31.288219451904297,643.8888549804688,0.496780663728714,0.4410300552845001,0.4389413595199585,1,-64.42404174804688,33.38758087158203,645.519287109375,0.6352734565734863,0.43676769733428955,0.44965502619743347,60989813744,2086011348
2,2,1,2.1589813232421875,1,2.32489013671875,1,0.3392881155014038,0.33069467544555664,-54.299625396728516,130.12107849121094,36.71839141845703,1,0.2261909693479538,0.33891502022743225,-93.30167388916016,128.6226348876953,36.173057556152344,1,2.1743292808532715,31.265533447265625,643.7508544921875,0.4966772794723511,0.44105884432792664,0.43863922357559204,1,-64.38427734375,33.39772033691406,645.679931640625,0.6351532936096191,0.43676915764808655,0.44999468326568604,60989822078,2086019682
2,2,1,2.1942138671875,1,2.338592529296875,1,0.3455265760421753,0.3278108537197113,-52.14826202392578,130.646728515625,36.90973663330078,1,0.2206427901983261,0.3382795453071594,-95.2149887084961,128.7384490966797,36.21522521972656,1,2.2198660373687744,31.167530059814453,643.752197265625,0.4965822696685791,0.4412623941898346,0.43862876296043396,1,-64.3353500366211,33.348731994628906,645.6913452148438,0.6350493431091309,0.4368722438812256,0.45000186562538147,60989830411,2086028015
2,2,1,2.2172698974609375,1,2.32574462890625,1,0.34431183338165283,0.34626901149749756,-52.567176818847656,127.28214263916016,35.685150146484375,1,0.2246144711971283,0.34315091371536255,-93.84532928466797,127.85051727294922,35.89198684692383,1,2.2546091079711914,31.241634368896484,643.81982421875,0.4965100586414337,0.44111770391464233,0.438786119222641,1,-64.2978515625,33.39900207519531,645.6856689453125,0.6349726915359497,0.43676748871803284,0.44998899102211,60989838747,2086036351
2,2,1,2.196197509765625,1,2.320587158203125,1,0.32967472076416016,0.32321593165397644,-57.614845275878906,131.4842987060547,37.214599609375,1,0.21423347294330597,0.36053183674812317,-97.42525482177734,124.68226623535156,34.73887252807617,1,2.294135570526123,31.1109619140625,643.85498046875,0.4964280128479004,0.4413934648036957,0.4388445019721985,1,-64.25544738769531,33.33556365966797,645.62353515625,0.6348994970321655,0.43689021468162537,0.44983652234077454,60989847081,2086044685
2,2,1,2.25701904296875,1,2.366485595703125,1,0.3336607813835144,0.3362092971801758,-56.240230560302734,129.1158447265625,36.35253143310547,1,0.22301603853702545,0.33651286363601685,-94.39656066894531,129.06051635742188,36.33240509033203,1,2.3207449913024902,31.112638473510742,643.8326416015625,0.49637216329574585,0.4413870573043823,0.4387964606285095,1,-64.22901153564453,33.34036636352539,645.5,0.6348733901977539,0.43686315417289734,0.44956493377685547,60989855414,2086053018
2,2,1,2.216461181640625,1,2.3650360107421875,1,0.3339463770389557,0.31846722960472107,-56.14174270629883,132.3498992919922,37.52967071533203,1,0.22553874552249908,0.33324164152145386,-93.52658081054688,129.65679931640625,36.54941940307617,1,2.3498237133026123,31.08641815185547,643.8896484375,0.4963119328022003,0.44144904613494873,0.4389166831970215,1,-64.19908142089844,33.291343688964844,645.494384765625,0.6348127722740173,0.4369639456272125,0.44953930377960205,60989863747,2086061351
2,2,1,2.2922515869140625,1,2.323394775390625,1,0.34419363737106323,0.3611173927783966,-52.60792541503906,124.5755386352539,34.69999694824219,1,0.2191123515367508,0.3514226973056793,-95.74275207519531,126.34268951416016,35.34321594238281,1,2.351271629333496,31.117246627807617,643.878173828125,0.4963087737560272,0.44138363003730774,0.438896119594574,1,-64.19580078125,33.349891662597656,645.365234375,0.6348358392715454,0.436824768781662,0.4492683708667755,60989872081,2086069685
2,2,1,2.170928955078125,1,2.3154449462890625,1,0.33230721950531006,0.31848645210266113,-56.70701599121094,132.34640502929688,37.528385162353516,1,0.20659951865673065,0.2976471483707428,-100.05786895751953,136.14505004882812,38.91096496582031,1,2.356304168701172,31.050312042236328,643.80859375,0.49629783630371094,0.4415132701396942,0.4387359619140625,1,-64.1900634765625,33.21319580078125,645.484619140625,0.634796679019928,0.4371243715286255,0.449505090713501,60989880414,2086078018
2,2,1,2.1466522216796875,1,2.300628662109375,1,0.3388140797615051,0.31090468168258667,-54.463096618652344,133.72840881347656,38.031410217285156,1,0.20606793463230133,0.3213839828968048,-100.2411880493164,131.8182373046875,37.33616256713867,1,2.334472179412842,31.226999282836914,643.739501953125,0.4963425099849701,0.4411375820636749,0.438610315322876,1,-64.20285034179688,33.39971923828125,645.3876953125,0.6348450183868408,0.4367246925830841,0.4493255615234375,60989888747,2086086351
2,2,1,2.237274169921875,1,2.3049468994140625,1,0.3401408791542053,0.36062660813331604,-54.00553894042969,124.66500854492188,34.73255920410156,1,0.2162397801876068,0.32155731320381165,-96.7333755493164,131.78663635253906,37.32466506958008,1,2.3262505531311035,31.07447052001953,643.877685546875,0.4963611364364624,0.44147223234176636,0.43888893723487854,1,-64.22317504882812,33.243507385253906,645.478515625,0.6348667144775391,0.43706071376800537,0.4495033621788025,60989897081,2086094685
2,2,1,2.2460784912109375,1,2.3270416259765625,1,0.33574214577674866,0.33729860186576843,-55.52246856689453,128.9172821044922,36.2802734375,1,0.23184636235237122,0.35243651270866394,-91.35138702392578,126.15790557861328,35.275978088378906,1,2.293379545211792,31.135461807250977,643.751708984375,0.49642863869667053,0.4413289427757263,0.43862384557724,1,-64.25768280029297,33.35886001586914,645.4473876953125,0.6349450945854187,0.436817467212677,0.4494602382183075,60989905414,2086103018
2,2,1,2.2833099365234375,1,2.334381103515625,1,0.34592577815055847,0.3808165490627289,-52.01060485839844,120.98473358154297,33.39309310913086,1,0.21769826114177704,0.3392777144908905,-96.23042297363281,128.55653381347656,36.1489372253418,1,2.261349678039551,31.16130828857422,643.740234375,0.49649545550346375,0.4412737488746643,0.4386022090911865,1,-64.30409240722656,33.369537353515625,645.5435791015625,0.6350188255310059,0.43680864572525024,0.44967928528785706,60989913747,2086111351
2,2,1,2.24114990234375,1,2.329559326171875,1,0.35482531785964966,0.31861957907676697,-48.941551208496094,132.3221435546875,37.51953125,1,0.23056437075138092,0.34156060218811035,-91.7934799194336,128.14039611816406,35.99753952026367,1,2.219423294067383,31.10442543029785,643.6376953125,0.4965824484825134,0.441378116607666,0.43837159872055054,1,-64.32293701171875,33.29320526123047,645.27001953125,0.6351222395896912,0.4369286000728607,0.449081689119339,60989922081,2086119685
2,2,1,2.216949462890625,1,2.316619873046875,1,0.33447766304016113,0.33863967657089233,-55.95852279663086,128.67283630371094,36.19129180908203,1,0.2176273614168167,0.33593177795410156,-96.25486755371094,129.16644287109375,36.37093734741211,1,2.1809463500976562,31.207040786743164,643.66015625,0.49666285514831543,0.4411681592464447,0.4384342432022095,1,-64.35763549804688,33.34253692626953,645.1689453125,0.6352177262306213,0.43681231141090393,0.4488780200481415,60989930414,2086128018
2,2,1,2.198699951171875,1,2.3302154541015625,1,0.3444373905658722,0.30440109968185425,-52.52387237548828,134.9138946533203,38.4629020690918,1,0.22574210166931152,0.3383864164352417,-93.45646667480469,128.71900939941406,36.208091735839844,1,2.1326208114624023,31.142353057861328,643.7640380859375,0.49676477909088135,0.44131600856781006,0.43865036964416504,1,-64.41747283935547,33.29127502441406,645.4268798828125,0.6352818012237549,0.4369542598724365,0.44944021105766296,60989938747,2086136351
2,2,1,2.2624053955078125,1,2.348724365234375,1,0.34517234563827515,0.3366861641407013,-52.270416259765625,129.02890014648438,36.32094192504883,1,0.2107045203447342,0.3544175922870636,-98.64225006103516,125.79680633544922,35.14449691772461,1,2.0863380432128906,31.109594345092773,643.68408203125,0.4968610405921936,0.4413732588291168,0.4384719133377075,1,-64.46324157714844,33.240455627441406,645.4298706054688,0.6353762745857239,0.43705976009368896,0.44944897294044495,60989947081,2086144685
2,2,1,2.2702789306640625,1,2.29534912109375,1,0.33679667115211487,0.35040512681007385,-55.1588134765625,126.52818298339844,35.41075897216797,1,0.22301970422267914,0.3336515426635742,-94.39529418945312,129.58206176757812,36.522274017333984,1,2.03450345993042,31.161609649658203,643.6951904296875,0.4969693720340729,0.4412667155265808,0.4385029673576355,1,-64.52928924560547,33.26899337768555,645.4644775390625,0.635505199432373,0.4370053708553314,0.44954195618629456,60989955414,2086153018
2,2,1,2.0946807861328125,1,2.3125,1,0.334657222032547,0.2503025233745575,-55.896602630615234,144.77511596679688,42.05206298828125,1,0.20948004722595215,0.3289312720298767,-99.06449127197266,130.44248962402344,36.83542251586914,1,1.983906865119934,31.064971923828125,643.5931396484375,0.49707457423210144,0.44145357608795166,0.43826785683631897,1,-64.57159423828125,33.18598937988281,645.4676513671875,0.6355925798416138,0.4371775686740875,0.44954583048820496,60989963749,2086161353
2,2,1,2.252899169921875,1,2.349151611328125,1,0.3424763083457947,0.35458904504776,-53.20016098022461,125.76554107666016,35.13314437866211,1,0.23378786444664001,0.30852028727531433,-90.68184661865234,134.16305541992188,38.18958282470703,1,1.9464952945709229,31.158145904541016,643.7186279296875,0.49715349078178406,0.4412768483161926,0.43855273723602295,1,-64.59797668457031,33.23332977294922,645.3687744140625,0.6356703639030457,0.43706580996513367,0.44934481382369995,60989972083,2086169687
2,2,1,2.2682952880859375,1,2.342041015625,1,0.35338646173477173,0.3235492408275604,-49.43775177001953,131.4235382080078,37.192501068115234,1,0.20995603501796722,0.2940707206726074,-98.90034484863281,136.7969512939453,39.14823532104492,1,1.9217705726623535,31.088699340820312,643.79931640625,0.49720585346221924,0.44143155217170715,0.43871793150901794,1,-64.61831665039062,33.18178176879883,645.3763427734375,0.6357109546661377,0.4371735751628876,0.4493580758571625,60989980416,2086178020
2,2,1,2.149169921875,1,2.32818603515625,1,0.35325562953948975,0.2631668150424957,-49.48286437988281,142.43017578125,41.19858932495117,1,0.22258587181568146,0.3089264929294586,-94.5448989868164,134.08900451660156,38.16261672973633,1,1.877215027809143,31.151288986206055,643.6619873046875,0.4972979426383972,0.4412834644317627,0.43842852115631104,1,-64.6617431640625,33.219451904296875,645.4970092773438,0.6357725858688354,0.4371121823787689,0.44963327050209045,60989988749,2086186353
2,2,1,2.2543792724609375,1,2.3224334716796875,1,0.3488747477531433,0.3194790184497833,-50.99363708496094,132.1654815673828,37.46254348754883,1,0.22126249969005585,0.29914364218711853,-95.00128173828125,135.8722381591797,38.81170654296875,1,1.8502366542816162,31.122196197509766,643.7880859375,0.49735522270202637,0.4413604438304901,0.438697874546051,1,-64.70377349853516,33.1917724609375,645.5236206054688,0.63585364818573,0.43717309832572937,0.44969576597213745,60989997082,2086194686
3,2,1,2.2405548095703125,1,2.3675079345703125,1,0.34903472661972046,0.33761096000671387,-50.93845748901367,128.8603515625,36.2595329284668,1,0.23583215475082397,0.3352086544036865,-89.97686767578125,129.29824829101562,36.41895294189453,1,1.8226462602615356,31.162328720092773,643.6959228515625,0.49741220474243164,0.44126492738723755,0.43850335478782654,1,-64.74821472167969,33.205875396728516,645.5736694335938,0.6359339952468872,0.4371507465839386,0.4498153030872345,60990005416,2086203020
3,2,1,2.1701812744140625,1,2.3642425537109375,1,0.3479730486869812,0.31455567479133606,-51.304588317871094,133.0629119873047,37.7891731262207,1,0.23414188623428345,0.35018622875213623,-90.55975341796875,126.56807708740234,35.425270080566406,1,1.8005046844482422,31.265113830566406,643.580322265625,0.4974575936794281,0.44103628396987915,0.43826666474342346,1,-64.75596618652344,33.294132232666016,645.5244750976562,0.6359614133834839,0.43696117401123047,0.44972363114356995,60990013749,2086211353
3,2,1,2.26153564453125,1,2.31011962890625,1,0.3538696765899658,0.353486567735672,-49.27111053466797,125.96651458740234,35.20628356933594,1,0.23601241409778595,0.3202477991580963,-89.91470336914062,132.02536010742188,37.41149139404297,1,1.782341480255127,31.241069793701172,643.5347900390625,0.49749529361724854,0.4410800635814667,0.43816447257995605,1,-64.7697525024414,33.23486328125,645.4171752929688,0.6360154747962952,0.43706899881362915,0.4494863748550415,60990022083,2086219687
3,2,1,2.157196044921875,1,2.3293609619140625,1,0.3564363718032837,0.29664528369903564,-48.38597106933594,136.32763671875,38.97745895385742,1,0.24011839926242828,0.31192293763160706,-88.49872589111328,133.54281616210938,37.963802337646484,1,1.786382794380188,31.22089195251465,643.6273193359375,0.49748748540878296,0.4411342740058899,0.43836233019828796,1,-64.77281188964844,33.20915603637695,645.461669921875,0.6360114812850952,0.4371283948421478,0.4495793879032135,60990030416,2086228020
3,2,1,2.1996612548828125,1,2.3250885009765625,1,0.35457947850227356,0.3060407042503357,-49.026336669921875,134.6150360107422,38.35410690307617,1,0.21691147983074188,0.31716787815093994,-96.50174713134766,132.5867462158203,37.61587905883789,1,1.7784311771392822,31.402667999267578,643.6144409179688,0.49750369787216187,0.44075536727905273,0.438359797000885,1,-64.773681640625,33.39897918701172,645.34423828125,0.6360400915145874,0.43671897053718567,0.44935354590415955,60990038749,2086236353
3,2,1,2.2162933349609375,1,2.3105621337890625,1,0.3482961356639862,0.32055091857910156,-51.19316864013672,131.97007751464844,37.39144515991211,1,0.2115955352783203,0.3260265588760376,-98.33496856689453,130.9719696044922,37.02814483642578,1,1.7856394052505493,31.080358505249023,643.5704956054688,0.49748894572257996,0.44141829013824463,0.4382195472717285,1,-64.75961303710938,33.14475631713867,645.4425048828125,0.6359888315200806,0.43725910782814026,0.44952577352523804,60990047082,2086244686
3,2,1,2.1658782958984375,1,2.31292724609375,1,0.3479789197444916,0.3021605908870697,-51.30256271362305,135.3223114013672,38.611515045166016,1,0.21774496138095856,0.3263852596282959,-96.21430969238281,130.9065704345703,37.00431442260742,1,1.7883411645889282,31.442026138305664,643.5909423828125,0.4974827468395233,0.44067060947418213,0.43831440806388855,1,-64.77801513671875,33.416629791259766,645.4376831054688,0.6360269784927368,0.4366954565048218,0.44955867528915405,60990055416,2086253020
3,2,1,2.247711181640625,1,2.3134307861328125,1,0.35997533798217773,0.34514227509498596,-47.165550231933594,127.48751068115234,35.75992965698242,1,0.23688986897468567,0.31623372435569763,-89.61209869384766,132.75704956054688,37.67781066894531,1,1.8049492835998535,31.218252182006836,643.581298828125,0.4974484145641327,0.44113361835479736,0.43826228380203247,1,-64.7651596069336,33.20891571044922,645.5115966796875,0.6359838247299194,0.43713581562042236,0.44968539476394653,60990063749,2086261353
3,2,1,2.2315826416015625,1,2.332977294921875,1,0.34587863087654114,0.34198176860809326,-52.026859283447266,128.06362915039062,35.969566345214844,1,0.22249732911586761,0.33053430914878845,-94.57543182373047,130.1503143310547,36.729026794433594,1,1.819382667541504,31.265365600585938,643.6036376953125,0.49741828441619873,0.4410388767719269,0.4383174777030945,1,-64.7471694946289,33.273353576660156,645.4681396484375,0.6359564661979675,0.43699637055397034,0.449597030878067,60990072082,2086269686
3,2,1,2.2183380126953125,1,2.3148040771484375,1,0.34808406233787537,0.3368012309074402,-51.26629638671875,129.00794982910156,36.31328201293945,1,0.21472257375717163,0.3405131995677948,-97.25659942626953,128.33131408691406,36.06703186035156,1,1.8493242263793945,31.283172607421875,643.7289428710938,0.4973564147949219,0.441018670797348,0.438591867685318,1,-64.72270202636719,33.32851791381836,645.530517578125,0.6358907222747803,0.43689092993736267,0.44973450899124146,60990080416,2086278020
3,2,1,2.267364501953125,1,2.335357666015625,1,0.33783307671546936,0.37184271216392517,-54.80139923095703,122.6205062866211,33.98845291137695,1,0.22169649600982666,0.3178100883960724,-94.85160827636719,132.46969604492188,37.57320785522461,1,1.880772590637207,31.165496826171875,643.638671875,0.49729034304618835,0.44125086069107056,0.43837982416152954,1,-64.69378662109375,33.202816009521484,645.5258178710938,0.6358324289321899,0.4371505677700043,0.44969987869262695,60990088749,2086286353
3,2,1,2.18572998046875,1,2.3230438232421875,1,0.33314231038093567,0.3418009877204895,-56.419029235839844,128.09657287597656,35.981571197509766,1,0.21832676231861115,0.3519452214241028,-96.013671875,126.24745178222656,35.30858612060547,1,1.9226229190826416,31.26973533630371,643.66015625,0.4972027838230133,0.44103750586509705,0.43844127655029297,1,-64.65430450439453,33.32342529296875,645.438720703125,0.6357704401016235,0.43688881397247314,0.449521005153656,60990097085,2086294689
3,2,1,2.255950927734375,1,2.3609161376953125,1,0.34456712007522583,0.3529495596885681,-52.479129791259766,126.06438446044922,35.241905212402344,1,0.20903566479682922,0.3350534737110138,-99.2177505493164,129.32650756835938,36.42925262451172,1,1.956270456314087,31.192384719848633,643.6729736328125,0.49713265895843506,0.44119977951049805,0.43845853209495544,1,-64.61859130859375,33.246490478515625,645.4701538085938,0.6356892585754395,0.43705257773399353,0.449569970369339,60990105419,2086303023
3,2,1,2.2196807861328125,1,2.3278045654296875,1,0.3529927730560303,0.3012986481189728,-49.57353210449219,135.4794464111328,38.668670654296875,1,0.2233690470457077,0.3062184453010559,-94.27481842041016,134.5826416015625,38.34225082397461,1,1.9939240217208862,31.139142990112305,643.6158447265625,0.49705368280410767,0.44130271673202515,0.438327431678772,1,-64.5733871459961,33.2244873046875,645.3161010742188,0.6356316804885864,0.4370768368244171,0.449224591255188,60990113752,2086311356
3,2,1,2.21527099609375,1,2.311859130859375,1,0.35316991806030273,0.34383246302604675,-49.51242446899414,127.72628784179688,35.846771240234375,1,0.219182550907135,0.34985053539276123,-95.71855163574219,126.62928771972656,35.4475212097168,1,2.020063877105713,31.258811950683594,643.5797729492188,0.49699854850769043,0.441049724817276,0.43826597929000854,1,-64.53661346435547,33.369873046875,645.3802490234375,0.635539710521698,0.4367847442626953,0.44937625527381897,60990122085,2086319689
3,2,1,2.247589111328125,1,2.3338165283203125,1,0.3428041934967041,0.34853556752204895,-53.08708953857422,126.86898040771484,35.5347785949707,1,0.22727340459823608,0.341935396194458,-92.92839050292969,128.0720672607422,35.97267150878906,1,2.0711252689361572,31.113468170166016,643.7301025390625,0.49689310789108276,0.44137129187583923,0.4385722279548645,1,-64.51652526855469,33.2512321472168,645.5139770507812,0.6354671120643616,0.4370490610599518,0.44964346289634705,60990130419,2086328023
3,2,1,2.2355804443359375,1,2.3680267333984375,1,0.3453892171382904,0.3630843460559845,-52.195640563964844,124.21700286865234,34.56949996948242,1,0.2218719869852066,0.33848705887794495,-94.79108428955078,128.7006378173828,36.20143508911133,1,2.1076207160949707,31.234760284423828,643.5684204101562,0.49681541323661804,0.44109827280044556,0.43823865056037903,1,-64.46146392822266,33.37397766113281,645.4421997070312,0.6353692412376404,0.4367850422859192,0.4494946002960205,60990138752,2086336356
3,2,1,2.187896728515625,1,2.3537139892578125,1,0.3530724048614502,0.3037686049938202,-49.546058654785156,135.02920532226562,38.50481414794922,1,0.22078531980514526,0.3529737591743469,-95.16583251953125,126.05998992919922,35.24032211303711,1,2.145357608795166,31.177221298217773,643.70654296875,0.49673768877983093,0.44123607873916626,0.4385305643081665,1,-64.42994689941406,33.34828186035156,645.401123046875,0.6353135108947754,0.43683260679244995,0.44939547777175903,60990147085,2086344689
3,2,1,2.20074462890625,1,2.372589111328125,1,0.35504958033561707,0.31035155057907104,-48.86421585083008,133.82925415039062,38.06809616088867,1,0.22773130238056183,0.35982778668403625,-92.7704849243164,124.81062316894531,34.785560607910156,1,2.1760873794555664,31.16566276550293,643.683837890625,0.49667325615882874,0.4412570893764496,0.43847987055778503,1,-64.38890075683594,33.34618377685547,645.2347412109375,0.6352672576904297,0.4368138313293457,0.44902729988098145,60990155419,2086353023
3,2,1,2.262542724609375,1,2.360107421875,1,0.34424078464508057,0.3417434096336365,-52.5916633605957,128.1070556640625,35.985416412353516,1,0.2347044050693512,0.35662978887557983,-90.36577606201172,125.39356994628906,34.997718811035156,1,2.2049951553344727,31.114490509033203,643.5809936523438,0.4966121315956116,0.44134968519210815,0.43824994564056396,1,-64.35179901123047,33.32884979248047,645.18115234375,0.6352028250694275,0.4368423521518707,0.44890108704566956,60990163752,2086361356
3,2,1,2.2037811279296875,1,2.349853515625,1,0.3504100739955902,0.32909321784973145,-50.46416473388672,130.4129638671875,36.8247184753418,1,0.21865077316761017,0.33437344431877136,-95.90193939208984,129.45050048828125,36.47433090209961,1,2.217318534851074,31.217296600341797,643.580078125,0.4965861737728119,0.44113627076148987,0.43826228380203247,1,-64.34910583496094,33.39830017089844,645.335693359375,0.6351608037948608,0.436720073223114,0.44924435019493103,60990172085,2086369689
3,2,1,2.2012481689453125,1,2.30145263671875,1,0.3568636178970337,0.34406188130378723,-48.23862838745117,127.6844711303711,35.83154296875,1,0.2237599790096283,0.31550368666648865,-94.14000701904297,132.8900909423828,37.7263069152832,1,2.229188919067383,31.050765991210938,643.5809936523438,0.4965616762638092,0.44148194789886475,0.438241183757782,1,-64.33948516845703,33.22932434082031,645.396728515625,0.6351272463798523,0.4370785057544708,0.44934943318367004,60990180419,2086378023
3,2,1,2.271331787109375,1,2.331329345703125,1,0.35527968406677246,0.3633796274662018,-48.78486251831055,124.16319274902344,34.5499153137207,1,0.228017196059227,0.3358774781227112,-92.67189025878906,129.17633056640625,36.374568939208984,1,2.2253735065460205,31.25779914855957,643.533203125,0.4965689182281494,0.44104599952697754,0.43816620111465454,1,-64.33383178710938,33.438995361328125,645.3247680664062,0.6351314783096313,0.43663427233695984,0.4492233991622925,60990188752,2086386356
3,2,1,2.191070556640625,1,2.3269805908203125,1,0.36626091599464417,0.3269052803516388,-44.997928619384766,130.81178283691406,36.969844818115234,1,0.21656562387943268,0.3189876675605774,-96.62102508544922,132.25503540039062,37.49513626098633,1,2.2273244857788086,31.052093505859375,643.592041015625,0.49656563997268677,0.4414806365966797,0.438265323638916,1,-64.33198547363281,33.236183166503906,645.3154296875,0.6351306438446045,0.43705302476882935,0.44917336106300354,60990197085,2086394689
3,2,1,2.2480926513671875,1,2.318572998046875,1,0.3474462628364563,0.3426269292831421,-51.48625946044922,127.94603729248047,35.9267578125,1,0.22872494161128998,0.345651239156723,-92.42781066894531,127.39472961425781,35.726165771484375,1,2.220525026321411,31.084009170532227,643.61474609375,0.49657997488975525,0.4414174258708954,0.4383189380168915,1,-64.33928680419922,33.34318542480469,645.3136596679688,0.6351458430290222,0.43683111667633057,0.4491865038871765,60990205419,2086403023
3,2,1,2.2635650634765625,1,2.3247528076171875,1,0.3432309627532959,0.34400439262390137,-52.93991470336914,127.69493865966797,35.83537673950195,1,0.21808849275112152,0.3494614064693451,-96.09583282470703,126.7002182006836,35.47330856323242,1,2.2043018341064453,31.08103370666504,643.546142578125,0.49661341309547424,0.4414145052433014,0.43816953897476196,1,-64.36001586914062,33.33622741699219,645.251953125,0.6352033019065857,0.43683695793151855,0.44905686378479004,60990213752,2086411356
3,2,1,2.2204132080078125,1,2.329498291015625,1,0.3445488214492798,0.33437618613243103,-52.485450744628906,129.44998168945312,36.47418975830078,1,0.21376565098762512,0.3394063711166382,-97.58659362792969,128.53305053710938,36.14045333862305,1,2.1816039085388184,31.064306259155273,643.6151123046875,0.4966614246368408,0.4414583146572113,0.43831682205200195,1,-64.38601684570312,33.263648986816406,645.364013671875,0.6352313756942749,0.4370027482509613,0.44929370284080505,60990222085,2086419689
3,2,1,2.2668609619140625,1,2.37744140625,1,0.3422127068042755,0.342010498046875,-53.29106140136719,128.05838012695312,35.96767044067383,1,0.23099364340305328,0.37079212069511414,-91.64544677734375,122.81201171875,34.0581169128418,1,2.1483395099639893,31.097095489501953,643.77587890625,0.49673211574554443,0.44141146540641785,0.438669890165329,1,-64.43401336669922,33.32977294921875,645.4692993164062,0.6353060603141785,0.4368803799152374,0.44954076409339905,60990230422,2086428026
3,2,1,2.2621612548828125,1,2.329803466796875,1,0.34303683042526245,0.3507775068283081,-53.00686264038086,126.4603271484375,35.38600158691406,1,0.22008097171783447,0.3490055203437805,-95.40872955322266,126.78331756591797,35.50359344482422,1,2.1113240718841553,31.084924697875977,643.7872314453125,0.49680957198143005,0.4414381682872772,0.438692569732666,1,-64.47927856445312,33.2713508605957,645.5445556640625,0.6353825926780701,0.43701171875,0.4497043788433075,60990238755,2086436359
3,2,1,2.2276763916015625,1,2.3299560546875,1,0.33660316467285156,0.32453086972236633,-55.22553634643555,131.24461364746094,37.127384185791016,1,0.2262773960828781,0.32437604665756226,-93.27185821533203,131.27281188964844,37.13766098022461,1,2.081453800201416,31.080888748168945,643.7750244140625,0.4968719482421875,0.44144484400749207,0.4386652410030365,1,-64.51033782958984,33.24542999267578,645.4906005859375,0.635459840297699,0.43705782294273376,0.44959092140197754,60990247088,2086444692
3,2,1,2.2958984375,1,2.33953857421875,1,0.3732150197029114,0.36968427896499634,-42.59978103637695,123.01394653320312,34.13165283203125,1,0.24758268892765045,0.35647791624069214,-85.92465209960938,125.42124938964844,35.0078239440918,1,2.0823936462402344,31.114503860473633,643.6611328125,0.4968690574169159,0.4413600564002991,0.438422828912735,1,-64.51215362548828,33.31267547607422,645.4910278320312,0.6354631781578064,0.4369186460971832,0.449601948261261,60990255422,2086453026
3,2,1,2.17047119140625,1,2.3495330810546875,1,0.3879423439502716,0.29691973328590393,-37.52099609375,136.27761840820312,38.95927429199219,1,0.2508890926837921,0.3055521845817566,-84.78441619873047,134.70408630371094,38.38652038574219,1,2.0451393127441406,31.071470260620117,643.6953735351562,0.496947318315506,0.4414537847042084,0.4384908974170685,1,-64.5449447631836,33.218223571777344,645.4490966796875,0.6355414390563965,0.4371083080768585,0.44950467348098755,60990263755,2086461359
3,2,1,2.249359130859375,1,2.339935302734375,1,0.37579578161239624,0.34279412031173706,-41.709808349609375,127.9155502319336,35.915672302246094,1,0.24604833126068115,0.3476392328739166,-86.45376586914062,127.03236389160156,35.5942268371582,1,1.997528314590454,31.11048698425293,643.593017578125,0.49704602360725403,0.44135919213294983,0.43827396631240845,1,-64.5772705078125,33.266517639160156,645.232177734375,0.6356592774391174,0.4369780719280243,0.4490503668785095,60990272088,2086469692
3,2,1,2.2667999267578125,1,2.36968994140625,1,0.3788476586341858,0.33562275767326355,-40.65734100341797,129.22276306152344,36.3914794921875,1,0.23053787648677826,0.2989960312843323,-91.80261993408203,135.899169921875,38.82145309448242,1,1.9500248432159424,31.07991600036621,643.66162109375,0.4971458613872528,0.44143158197402954,0.4384181797504425,1,-64.64090728759766,33.215484619140625,645.52392578125,0.6357230544090271,0.43712419271469116,0.44968631863594055,60990280422,2086478026
3,2,1,2.28314208984375,1,2.362548828125,1,0.37968796491622925,0.34739843010902405,-40.367557525634766,127.07626342773438,35.61021041870117,1,0.22781243920326233,0.31533902883529663,-92.74249267578125,132.9201202392578,37.7371711730957,1,1.8972134590148926,31.106769561767578,643.6854248046875,0.4972563683986664,0.44137895107269287,0.43847325444221497,1,-64.68441772460938,33.20907974243164,645.39794921875,0.6358429193496704,0.43711987137794495,0.44942280650138855,60990288755,2086486359
3,2,1,2.267242431640625,1,2.3625030517578125,1,0.3772941827774048,0.3614000976085663,-41.19306564331055,124.52400970458984,34.6812629699707,1,0.24367479979991913,0.3488352298736572,-87.27228546142578,126.81436920166016,35.514854431152344,1,1.8492937088012695,31.151416778564453,643.5933227539062,0.4973558783531189,0.4412739872932434,0.438279390335083,1,-64.7499771118164,33.22907257080078,645.4451904296875,0.6359678506851196,0.4370848834514618,0.44954171776771545,60990297088,2086494692
3,2,1,2.287994384765625,1,2.3845672607421875,1,0.3749673366546631,0.352757066488266,-41.9954833984375,126.0994873046875,35.254661560058594,1,0.24308447539806366,0.3263912498950958,-87.47586822509766,130.90550231933594,37.00394821166992,1,1.8075107336044312,31.126670837402344,643.5584716796875,0.4974430501461029,0.44132062792778015,0.43820005655288696,1,-64.78450775146484,33.193641662597656,645.3084716796875,0.6360718011856079,0.43713921308517456,0.44924888014793396,60990305422,2086503026
3,2,1,2.2303009033203125,1,2.3388519287109375,1,0.36930420994758606,0.34179866313934326,-43.94843292236328,128.0970001220703,35.98170852661133,1,0.23085027933120728,0.3252952992916107,-91.69488525390625,131.10528564453125,37.076622009277344,1,1.7698240280151367,31.211376190185547,643.512451171875,0.49752140045166016,0.4411386549472809,0.438111811876297,1,-64.8183822631836,33.227500915527344,645.3720092773438,0.6361270546913147,0.4370778501033783,0.4493982791900635,60990313755,2086511359
3,2,1,2.3036041259765625,1,2.36669921875,1,0.37132641673088074,0.3798871338367462,-43.251060485839844,121.1541519165039,33.45473098754883,1,0.23176059126853943,0.3062147796154022,-91.3809585571289,134.5833282470703,38.342498779296875,1,1.7377469539642334,31.186269760131836,643.513427734375,0.497588574886322,0.44119083881378174,0.43811023235321045,1,-64.8521957397461,33.20149230957031,645.435302734375,0.636182427406311,0.43714040517807007,0.44953837990760803,60990322088,2086519692
4,2,1,2.3103790283203125,1,2.38055419921875,1,0.36945560574531555,0.3914394974708557,-43.8962287902832,119.0483627319336,32.688289642333984,1,0.2341015785932541,0.33675333857536316,-90.57366180419922,129.0166778564453,36.3164176940918,1,1.706387996673584,31.223865509033203,643.5472412109375,0.4976542294025421,0.4411172568798065,0.4381886422634125,1,-64.88189697265625,33.209712982177734,645.383544921875,0.6362562775611877,0.43711617588996887,0.44943422079086304,60990330422,2086528026
4,2,1,2.2566680908203125,1,2.390106201171875,1,0.36296194791793823,0.3679630756378174,-46.13560104370117,123.32769775390625,34.24583053588867,1,0.2541080415248871,0.34564274549484253,-83.67434692382812,127.39628601074219,35.72671127319336,1,1.6826847791671753,31.2421932220459,643.5008544921875,0.49770355224609375,0.4410730004310608,0.438090443611145,1,-64.9136962890625,33.233856201171875,645.3763427734375,0.6363238096237183,0.43706509470939636,0.449428915977478,60990338755,2086536359
4,2,1,2.260955810546875,1,2.3657073974609375,1,0.37083670496940613,0.3534967303276062,-43.41994857788086,125.96464538574219,35.205604553222656,1,0.241746723651886,0.3238765001296997,-87.93720245361328,131.3638916015625,37.17080307006836,1,1.6623060703277588,31.207393646240234,643.4327392578125,0.4977458119392395,0.4411361515522003,0.43793758749961853,1,-64.93374633789062,33.19822692871094,645.34912109375,0.6363720893859863,0.43713507056236267,0.449369341135025,60990347088,2086544692
4,2,1,2.2030181884765625,1,2.3742218017578125,1,0.3693751394748688,0.3278314173221588,-43.923988342285156,130.6429901123047,36.908348083496094,1,0.24784578382968903,0.33404648303985596,-85.83389282226562,129.5100860595703,36.49604415893555,1,1.649355173110962,31.23569107055664,643.467041015625,0.49777305126190186,0.4410819411277771,0.43801602721214294,1,-64.95654296875,33.22456359863281,645.3326416015625,0.6364231109619141,0.4370781481266022,0.44934239983558655,60990355422,2086553026
4,2,1,2.342132568359375,1,2.3663330078125,1,0.37847739458084106,0.4115074574947357,-40.785037994384766,115.39034271240234,31.356861114501953,1,0.248726949095726,0.3029540479183197,-85.53002166748047,135.1776885986328,38.558834075927734,1,1.6418105363845825,31.190444946289062,643.444580078125,0.49778878688812256,0.44117283821105957,0.4379609525203705,1,-64.95951080322266,33.184288024902344,645.2614135742188,0.6364462375640869,0.4371517300605774,0.4491835832595825,60990363758,2086561362
4,2,1,2.25750732421875,1,2.383392333984375,1,0.37363097071647644,0.3496701121330261,-42.456329345703125,126.66216278076172,35.45951843261719,1,0.23948736488819122,0.33163896203041077,-88.71635437011719,129.9489288330078,36.65578842163086,1,1.6337116956710815,31.187522888183594,643.47900390625,0.4978058934211731,0.4411834478378296,0.43803513050079346,1,-64.97252655029297,33.18560791015625,645.2811279296875,0.6364685893058777,0.4371516704559326,0.44922909140586853,60990372091,2086569695
4,2,1,2.290496826171875,1,2.3856201171875,1,0.361907422542572,0.3853515684604645,-46.49924850463867,120.15808868408203,33.09218978881836,1,0.24916961789131165,0.3454371392726898,-85.37738800048828,127.43377685546875,35.74031066894531,1,1.6305315494537354,31.195297241210938,643.467041015625,0.4978124499320984,0.4411657452583313,0.43801018595695496,1,-64.97698211669922,33.18410873413086,645.2445678710938,0.6364865303039551,0.43714970350265503,0.449150949716568,60990380424,2086578028
4,2,1,2.263885498046875,1,2.344390869140625,1,0.3738918900489807,0.3372047543525696,-42.36635971069336,128.9344024658203,36.28647232055664,1,0.23509497940540314,0.32418522238731384,-90.2310791015625,131.3076171875,37.150291442871094,1,1.629262924194336,31.16006088256836,643.513671875,0.49781548976898193,0.44124504923820496,0.438106507062912,1,-64.9775390625,33.16926956176758,645.2578125,0.6364846229553223,0.4371822476387024,0.44917747378349304,60990388758,2086586362
4,2,1,2.3079833984375,1,2.32757568359375,1,0.38109084963798523,0.3866887390613556,-39.883766174316406,119.91433715820312,33.003482818603516,1,0.24533572793006897,0.2955694794654846,-86.69951629638672,136.5237274169922,39.04882049560547,1,1.627983808517456,31.190298080444336,643.4447021484375,0.49781766533851624,0.44117313623428345,0.43796107172966003,1,-64.97746276855469,33.175209045410156,645.199951171875,0.6364980340003967,0.43716195225715637,0.44905343651771545,60990397091,2086594695
4,2,1,2.2828369140625,1,2.335479736328125,1,0.3666665852069855,0.3636280298233032,-44.8580436706543,124.11790466308594,34.53341293334961,1,0.24208734929561615,0.3213045299053192,-87.81974029541016,131.83273315429688,37.341373443603516,1,1.63474440574646,31.150882720947266,643.4796142578125,0.49780386686325073,0.44125959277153015,0.438031405210495,1,-64.97057342529297,33.158302307128906,645.2127075195312,0.6364808678627014,0.4371987581253052,0.4490770399570465,60990405424,2086603028
4,2,1,2.32421875,1,2.34527587890625,1,0.3816506266593933,0.3728545010089874,-39.69072723388672,122.43608093261719,33.92132568359375,1,0.23493041098117828,0.35187652707099915,-90.287841796875,126.26001739501953,35.31306838989258,1,1.6384940147399902,31.141033172607422,643.4567260742188,0.49779582023620605,0.44127702713012695,0.4379803240299225,1,-64.96247863769531,33.15168762207031,645.2259521484375,0.6364609599113464,0.43721431493759155,0.44910290837287903,60990413758,2086611362
4,2,1,2.277496337890625,1,2.4148406982421875,1,0.3736777901649475,0.36266982555389404,-42.44020080566406,124.29255676269531,34.5970458984375,1,0.26288625597953796,0.34296029806137085,-80.64714050292969,127.88526153564453,35.904640197753906,1,1.6472561359405518,31.21096420288086,643.3865356445312,0.4977770149707794,0.44112256169319153,0.4378378093242645,1,-64.95311737060547,33.173099517822266,645.1800537109375,0.6364522576332092,0.4371635913848877,0.44900500774383545,60990422091,2086619695
4,2,1,2.2975006103515625,1,2.3611602783203125,1,0.37333106994628906,0.3746812045574188,-42.55976486206055,122.10310363769531,33.800113677978516,1,0.2472415715456009,0.3226333260536194,-86.04228210449219,131.59054565429688,37.253173828125,1,1.6434463262557983,31.24895477294922,643.4097290039062,0.4977850615978241,0.44104674458503723,0.43789342045783997,1,-64.96369171142578,33.20899200439453,645.272216796875,0.6364522576332092,0.4371020197868347,0.44921132922172546,60990430424,2086628028
4,2,1,2.318695068359375,1,2.38861083984375,1,0.3654956519603729,0.36748236417770386,-45.2618408203125,123.41532135009766,34.27771759033203,1,0.24916982650756836,0.3719000518321991,-85.37731170654297,122.61006927490234,33.984615325927734,1,1.6665189266204834,31.125621795654297,643.4222412109375,0.4977371096611023,0.441304475069046,0.437903493642807,1,-64.9244384765625,33.13753128051758,645.2569580078125,0.6363747119903564,0.43724802136421204,0.44915971159935,60990438758,2086636362
4,2,1,2.3215789794921875,1,2.3656158447265625,1,0.3667391538619995,0.40205708146095276,-44.83302688598633,117.11296844482422,31.98386573791504,1,0.24858245253562927,0.3263464570045471,-85.57987213134766,130.91368103027344,37.006900787353516,1,1.678515911102295,31.412025451660156,643.4091796875,0.4977113604545593,0.44070833921432495,0.437915176153183,1,-64.90589141845703,33.37171173095703,645.1652221679688,0.6363568305969238,0.43675023317337036,0.448991596698761,60990447091,2086644695
4,2,1,2.249114990234375,1,2.3609466552734375,1,0.35880228877067566,0.33409544825553894,-47.57008361816406,129.5011444091797,36.49282455444336,1,0.23505333065986633,0.3408356308937073,-90.24542999267578,128.27252197265625,36.045631408691406,1,1.7262202501296997,31.05706024169922,643.455810546875,0.4976125955581665,0.4414512813091278,0.4379671812057495,1,-64.8851318359375,33.07090377807617,645.3710327148438,0.6362665295600891,0.43740183115005493,0.449387788772583,60990455425,2086653029
4,2,1,2.2698974609375,1,2.3704376220703125,1,0.3760346472263336,0.3324373662471771,-41.62742233276367,129.8034210205078,36.60276794433594,1,0.23859426379203796,0.3579852283000946,-89.02433776855469,125.14646911621094,34.907859802246094,1,1.746359944343567,31.327560424804688,643.4439086914062,0.49756982922554016,0.440888375043869,0.437979131937027,1,-64.84852600097656,33.35579299926758,645.2374267578125,0.6362207531929016,0.43679341673851013,0.4491327702999115,60990463758,2086661362
4,2,1,2.21636962890625,1,2.3921661376953125,1,0.38775455951690674,0.3421981632709503,-37.58577346801758,128.024169921875,35.95521926879883,1,0.23431342840194702,0.3209814727306366,-90.50059509277344,131.8916015625,37.362850189208984,1,1.7800363302230835,31.23497200012207,643.3859252929688,0.4974992275238037,0.441072940826416,0.43784061074256897,1,-64.80694580078125,33.20392608642578,645.2803955078125,0.6361249685287476,0.4371139705181122,0.44919461011886597,60990472091,2086669695
4,2,1,2.2308807373046875,1,2.3971405029296875,1,0.3760223090648651,0.3417302966117859,-41.63167953491211,128.1094512939453,35.98630142211914,1,0.24664124846458435,0.3467560410499573,-86.24930572509766,127.19337463378906,35.65279769897461,1,1.8227530717849731,31.182186126708984,643.4327392578125,0.49741029739379883,0.441188782453537,0.43793508410453796,1,-64.77346801757812,33.183128356933594,645.228271484375,0.6360678672790527,0.43714988231658936,0.44907185435295105,60990480425,2086678029
4,2,1,2.2577667236328125,1,2.397552490234375,1,0.3739220201969147,0.34649956226348877,-42.35597610473633,127.2401123046875,35.66984939575195,1,0.24295611679553986,0.3563670217990875,-87.5201416015625,125.44145965576172,35.015132904052734,1,1.8748540878295898,31.264995574951172,643.4888916015625,0.49730148911476135,0.4410244822502136,0.43806880712509155,1,-64.72453308105469,33.31000518798828,645.3430786132812,0.6359387040138245,0.4369031488895416,0.4493275582790375,60990488761,2086686365
4,2,1,2.2373199462890625,1,2.3700714111328125,1,0.3732576072216034,0.29206204414367676,-42.58510208129883,137.1630859375,39.28153991699219,1,0.23850509524345398,0.33068621158599854,-89.05508422851562,130.12258911132812,36.7190055847168,1,1.9348862171173096,31.07069969177246,643.4901733398438,0.4971763789653778,0.44142797589302063,0.438044935464859,1,-64.66583251953125,33.16883087158203,645.4490356445312,0.6357925534248352,0.437210351228714,0.44952327013015747,60990497094,2086694698
4,2,1,2.2357025146484375,1,2.3599853515625,1,0.37532368302345276,0.3414178192615509,-41.872596740722656,128.16639709472656,36.00701141357422,1,0.24584172666072845,0.31988221406936646,-86.5250244140625,132.0919647216797,37.43575668334961,1,1.9889308214187622,31.121143341064453,643.4215087890625,0.4970628023147583,0.4413142800331116,0.43790337443351746,1,-64.60488891601562,33.20767593383789,645.37939453125,0.635682225227356,0.43712034821510315,0.449365496635437,60990505428,2086703032
4,2,1,2.3001708984375,1,2.3711090087890625,1,0.37201324105262756,0.3484938144683838,-43.01421356201172,126.87657928466797,35.537540435791016,1,0.23765923082828522,0.31307581067085266,-89.34678649902344,133.3326416015625,37.88737869262695,1,2.0368969440460205,31.101924896240234,643.4784545898438,0.49696287512779236,0.44136178493499756,0.43802449107170105,1,-64.5491714477539,33.20732116699219,645.23681640625,0.6356000304222107,0.43710142374038696,0.449045866727829,60990513761,2086711365
4,2,1,2.253509521484375,1,2.394927978515625,1,0.3781418800354004,0.3579728305339813,-40.900726318359375,125.14872741699219,34.90869140625,1,0.2317924052476883,0.3417893648147583,-91.36998748779297,128.0986785888672,35.98236083984375,1,2.100794792175293,31.014739990234375,643.4099731445312,0.49682894349098206,0.4415338337421417,0.4378642141819,1,-64.47769927978516,33.140567779541016,645.3345947265625,0.6354290843009949,0.4372533857822418,0.4492320120334625,60990522094,2086719698
4,2,1,2.2899017333984375,1,2.3829803466796875,1,0.3700251877307892,0.3413081467151642,-43.699806213378906,128.18641662597656,36.01424789428711,1,0.23033873736858368,0.3162810802459717,-91.87129211425781,132.74839782714844,37.67470169067383,1,2.1598329544067383,31.070083618164062,643.5009155273438,0.4967060685157776,0.44143110513687134,0.438069611787796,1,-64.42745208740234,33.23484802246094,645.3436279296875,0.6353222727775574,0.4370594918727875,0.44925445318222046,60990530427,2086728031
4,2,1,2.1612396240234375,1,2.374603271484375,1,0.38592472672462463,0.31278303265571594,-38.21678924560547,133.3860321044922,37.90679931640625,1,0.24990613758563995,0.33536866307258606,-85.12338256835938,129.2690887451172,36.40827178955078,1,2.2059922218322754,31.021350860595703,643.4093017578125,0.4966089129447937,0.44152024388313293,0.4378644824028015,1,-64.37532043457031,33.168968200683594,645.2487182617188,0.6352365016937256,0.43718287348747253,0.449028879404068,60990538761,2086736365
4,2,1,2.2704010009765625,1,2.4095001220703125,1,0.36015456914901733,0.3606319725513458,-47.10374069213867,124.66403198242188,34.732200622558594,1,0.24871046841144562,0.35727977752685547,-85.53572082519531,125.27507781982422,34.95460891723633,1,2.2539544105529785,30.961708068847656,643.5244750976562,0.4965096414089203,0.4416593015193939,0.438106507062912,1,-64.33174896240234,33.15583038330078,645.222412109375,0.6351522207260132,0.43720653653144836,0.4489608108997345,60990547094,2086744698
4,2,1,2.2953033447265625,1,2.3332672119140625,1,0.35861799120903015,0.3837307393550873,-47.63363265991211,120.45352172851562,33.19975280761719,1,0.23190189898014069,0.31562909483909607,-91.33222198486328,132.8672332763672,37.717960357666016,1,2.2937211990356445,31.029064178466797,643.4552001953125,0.4964257776737213,0.44151049852371216,0.43796586990356445,1,-64.29540252685547,33.20223617553711,645.2408447265625,0.6350722908973694,0.4371130168437958,0.44899967312812805,60990555427,2086753031
4,2,1,2.3001861572265625,1,2.409454345703125,1,0.37750306725502014,0.3508445620536804,-41.12103271484375,126.44808959960938,35.3816032409668,1,0.22960160672664642,0.3710457980632782,-92.12549591064453,122.76578521728516,34.04126739501953,1,2.325890302658081,30.89961814880371,643.5136108398438,0.4963591992855072,0.44178685545921326,0.43807491660118103,1,-64.24674987792969,33.14552307128906,645.2274780273438,0.6349746584892273,0.4372287690639496,0.448952317237854,60990563761,2086761365
4,2,1,2.2809600830078125,1,2.3760223388671875,1,0.37437090277671814,0.35526663064956665,-42.201175689697266,125.64202880859375,35.088191986083984,1,0.23160207271575928,0.32600340247154236,-91.43562316894531,130.97618103027344,37.02969741821289,1,2.349111557006836,30.95479393005371,643.570068359375,0.4963110089302063,0.4416798949241638,0.43820521235466003,1,-64.2336654663086,33.16847229003906,645.300048828125,0.634930431842804,0.43719130754470825,0.44910940527915955,60990572094,2086769698
4,2,1,2.2954559326171875,1,2.3925933837890625,1,0.370479553937912,0.3920612633228302,-43.54311752319336,118.93502044677734,32.647056579589844,1,0.24209438264369965,0.31554532051086426,-87.81730651855469,132.88250732421875,37.72354507446289,1,2.365234851837158,31.022071838378906,643.5457763671875,0.49627697467803955,0.441537082195282,0.43816182017326355,1,-64.21795654296875,33.20045471191406,645.2213134765625,0.6349160671234131,0.4371141493320465,0.44894078373908997,60990580427,2086778031
4,2,1,2.262359619140625,1,2.3953399658203125,1,0.3736724555492401,0.3407365381717682,-42.44205093383789,128.2906036376953,36.05220413208008,1,0.2305729240179062,0.3519839942455292,-91.79051971435547,126.24040222167969,35.30597686767578,1,2.363727569580078,30.883644104003906,643.6046752929688,0.49628087878227234,0.4418320953845978,0.4382705092430115,1,-64.21874237060547,33.14820098876953,645.2677612304688,0.634907066822052,0.43722885847091675,0.44903364777565,60990588761,2086786365
4,2,1,2.32232666015625,1,2.3936767578125,1,0.3658077120780945,0.4037463963031769,-45.15421676635742,116.80504608154297,31.87176513671875,1,0.23205719888210297,0.33361974358558655,-91.27867126464844,129.587890625,36.524349212646484,1,2.354280471801758,31.03289031982422,643.52294921875,0.496299684047699,0.4415115714073181,0.438113808631897,1,-64.2276382446289,33.21400451660156,645.2188110351562,0.6349366903305054,0.43708571791648865,0.44893932342529297,60990597094,2086794698
4,2,1,2.2249603271484375,1,2.3953399658203125,1,0.36629703640937805,0.3510913550853729,-44.985469818115234,126.40312957763672,35.36516571044922,1,0.22939662635326385,0.32548847794532776,-92.19618225097656,131.07005310058594,37.063865661621094,1,2.3270835876464844,30.9716796875,643.5130004882812,0.4963566064834595,0.441637247800827,0.43808355927467346,1,-64.24897003173828,33.166969299316406,645.167724609375,0.6349931359291077,0.43717604875564575,0.44882678985595703,60990605427,2086803031
4,2,1,2.2924346923828125,1,2.3895416259765625,1,0.3628726005554199,0.3958166837692261,-46.16640853881836,118.2504653930664,32.397911071777344,1,0.25186827778816223,0.3159504234790802,-84.44673156738281,132.8086700439453,37.696651458740234,1,2.2955572605133057,31.00142478942871,643.421142578125,0.4964217245578766,0.44156333804130554,0.43788811564445496,1,-64.2891845703125,33.177833557128906,645.125,0.6350865364074707,0.4371475279331207,0.44874465465545654,60990613761,2086811365
4,2,1,2.2635650634765625,1,2.41693115234375,1,0.38658830523490906,0.3453947603702545,-37.98794937133789,127.44148254394531,35.743160247802734,1,0.24492129683494568,0.351522296667099,-86.84242248535156,126.32455444335938,35.33660125732422,1,2.2432589530944824,31.052425384521484,643.477783203125,0.4965314567089081,0.4414648413658142,0.4380176067352295,1,-64.32574462890625,33.23162078857422,645.083740234375,0.6351718902587891,0.43703028559684753,0.44867128133773804,60990622096,2086819700
4,2,1,2.2411041259765625,1,2.4252166748046875,1,0.37189701199531555,0.3419584035873413,-43.05430603027344,128.06788635253906,35.97114181518555,1,0.24656377732753754,0.36966997385025024,-86.27601623535156,123.0165786743164,34.13255310058594,1,2.2022576332092285,31.03099822998047,643.4095458984375,0.4966167211532593,0.441500186920166,0.43786633014678955,1,-64.37530517578125,33.18110656738281,645.2484741210938,0.6352364420890808,0.43715769052505493,0.4490300714969635,60990630429,2086828033
4,2,1,2.2429656982421875,1,2.425140380859375,1,0.3682496249675751,0.32318633794784546,-44.3121223449707,131.4897003173828,37.2165412902832,1,0.24147868156433105,0.3401715159416199,-88.02963256835938,128.39358520507812,36.0897216796875,1,2.1616406440734863,31.059864044189453,643.4892578125,0.4967022240161896,0.4414508044719696,0.43804293870925903,1,-64.43109130859375,33.23173904418945,645.2596435546875,0.635349452495575,0.43705427646636963,0.44907346367836,60990638763,2086836367
4,2,1,2.304046630859375,1,2.43145751953125,1,0.36154264211654663,0.34957197308540344,-46.62504959106445,126.6800537109375,35.46601486206055,1,0.23100849986076355,0.316068172454834,-91.64032745361328,132.7871856689453,37.68888473510742,1,2.094273090362549,31.06774139404297,643.5809326171875,0.49684369564056396,0.4414464235305786,0.43824249505996704,1,-64.50173950195312,33.20032501220703,645.235107421875,0.6355020403862,0.43711578845977783,0.4490309953689575,60990647096,2086844700
4,2,1,2.2895660400390625,1,2.417877197265625,1,0.3640451431274414,0.35092830657958984,-45.76205062866211,126.43281555175781,35.376060485839844,1,0.24116197228431702,0.3550698459148407,-88.13884735107422,125.67789459228516,35.10126495361328,1,2.0190770626068115,31.056501388549805,643.4555053710938,0.4970000982284546,0.4414530098438263,0.43796825408935547,1,-64.55204772949219,33.18113708496094,645.1082763671875,0.6356362700462341,0.43713781237602234,0.44876521825790405,60990655429,2086853033
4,2,1,2.313934326171875,1,2.382476806640625,1,0.3743600845336914,0.3245614767074585,-42.20490264892578,131.23902893066406,37.12535858154297,1,0.23795682191848755,0.3146623969078064,-89.2441635131836,133.04347229003906,37.782066345214844,1,1.970963954925537,31.07147216796875,643.4097900390625,0.4971004128456116,0.4414157569408417,0.4378708600997925,1,-64.61824798583984,33.20463943481445,645.352783203125,0.6357162594795227,0.4371229410171509,0.4493105709552765,60990663763,2086861367
4,2,1,2.2608642578125,1,2.4139862060546875,1,0.36391910910606384,0.32587069272994995,-45.805511474609375,131.0003662109375,37.03852081298828,1,0.23148633539676666,0.35526958107948303,-91.47554016113281,125.6415023803711,35.087974548339844,1,1.910473108291626,31.057748794555664,643.50146484375,0.4972275495529175,0.44145631790161133,0.4380674958229065,1,-64.67288970947266,33.15388870239258,645.1900634765625,0.6358680725097656,0.43720534443855286,0.44896358251571655,60990672096,2086869700
4,2,1,2.32110595703125,1,2.435211181640625,1,0.37933143973350525,0.35974738001823425,-40.490509033203125,124.82525634765625,34.79095458984375,1,0.251105397939682,0.359630286693573,-84.70982360839844,124.84661102294922,34.79869079589844,1,1.8356425762176514,31.067888259887695,643.4676513671875,0.4973837435245514,0.44143062829971313,0.437995046377182,1,-64.73770141601562,33.15269470214844,645.0946044921875,0.6360251903533936,0.43719443678855896,0.44877132773399353,60990680429,2086878033
4,2,1,2.273406982421875,1,2.4107513427734375,1,0.36798155307769775,0.35211631655693054,-44.404571533203125,126.21627044677734,35.29721450805664,1,0.2372708022594452,0.3811493515968323,-89.48075103759766,120.92407989501953,33.3709831237793,1,1.7751224040985107,31.049854278564453,643.3649291992188,0.4975097179412842,0.44145435094833374,0.43776935338974,1,-64.80421447753906,33.123905181884766,645.11669921875,0.6361581683158875,0.4372570216655731,0.4488290548324585,60990688763,2086886367
4,2,1,2.262237548828125,1,2.3946685791015625,1,0.34456801414489746,0.33003461360931396,-52.47883605957031,130.24136352539062,36.76223373413086,1,0.2229253351688385,0.3570442497730255,-94.42782592773438,125.31800079345703,34.970245361328125,1,1.6843068599700928,31.0469970703125,643.422119140625,0.497700035572052,0.44146767258644104,0.43789249658584595,1,-64.90235137939453,33.09739685058594,645.3192749023438,0.6363142728805542,0.43733978271484375,0.449283629655838,60990697096,2086894700
4,2,1,2.3001556396484375,1,2.397613525390625,1,0.3587377071380615,0.33476704359054565,-47.59234619140625,129.3787384033203,36.44820785522461,1,0.225459486246109,0.3512570261955261,-93.5539321899414,126.37290954589844,35.35419845581055,1,1.5739338397979736,31.05361557006836,643.376708984375,0.4979306161403656,0.4414476454257965,0.4377942979335785,1,-64.96592712402344,33.08329772949219,645.083984375,0.6365019083023071,0.4373362958431244,0.4487873911857605,60990705429,2086903033
4,2,1,2.2607574462890625,1,2.41314697265625,1,0.34109818935394287,0.35344550013542175,-53.67542266845703,125.9739990234375,35.20900344848633,1,0.21027740836143494,0.3451954126358032,-98.78953552246094,127.47784423828125,35.7563362121582,1,1.538841724395752,31.04427146911621,643.3884887695312,0.49800410866737366,0.44146859645843506,0.4378184378147125,1,-65.02300262451172,33.02764129638672,645.216796875,0.6365892291069031,0.43746986985206604,0.44907838106155396,60990713763,2086911367
4,2,1,2.358917236328125,1,2.409515380859375,1,0.346894234418869,0.3793928623199463,-51.67662048339844,121.24424743652344,33.48754119873047,1,0.21879415214061737,0.3672836422920227,-95.85249328613281,123.45154571533203,34.29090881347656,1,1.5067365169525146,31.052486419677734,643.3881225585938,0.49807122349739075,0.44145143032073975,0.43781858682632446,1,-65.06929016113281,33.066612243652344,645.2867431640625,0.6366686224937439,0.4373987019062042,0.449244886636734,60990722096,2086919700
4,2,1,2.2608184814453125,1,2.3933868408203125,1,0.331682950258255,0.3165121376514435,-56.92229461669922,132.70628356933594,37.65937805175781,1,0.22925201058387756,0.35911038517951965,-92.24604797363281,124.94139099121094,34.83316421508789,1,1.4748179912567139,31.05807113647461,643.4219970703125,0.4981381297111511,0.4414442479610443,0.4378926157951355,1,-65.10381317138672,33.04864501953125,645.2581787109375,0.6367470622062683,0.43743187189102173,0.44918811321258545,60990730429,2086928033
1,3,1,2.2910003662109375,1,2.474395751953125,1,0.3423285186290741,0.33431899547576904,-53.25112533569336,129.46041870117188,36.477962493896484,1,0.2369042932987213,0.3854721188545227,-89.60713195800781,120.13612365722656,33.08418655395508,1,1.4399545192718506,31.059619903564453,643.3997192382812,0.49821096658706665,0.4414380192756653,0.43784430623054504,1,-65.14469146728516,33.047157287597656,645.31787109375,0.6368178725242615,0.4374431371688843,0.4493255615234375,60990738763,2086936367
1,3,1,2.290802001953125,1,2.385284423828125,1,0.33927419781684875,0.3340727388858795,-54.30441665649414,129.5052947998047,36.49430465698242,1,0.21528483927249908,0.3394359052181244,-97.06269073486328,128.52767944335938,36.13850402832031,1,1.4134280681610107,31.072402954101562,643.3541259765625,0.49826622009277344,0.44140535593032837,0.437747061252594,1,-65.16012573242188,33.06678771972656,645.2471923828125,0.6368665099143982,0.4373926818370819,0.449179083108902,60990747096,2086944700
1,3,1,2.3203887939453125,1,2.4195709228515625,1,0.3520345687866211,0.3317711055278778,-49.903953552246094,129.92483520507812,36.64701843261719,1,0.21814098954200745,0.34328314661979675,-96.07774353027344,127.8263931274414,35.883262634277344,1,1.3909800052642822,31.06041145324707,643.33154296875,0.4983130395412445,0.44142720103263855,0.437696248292923,1,-65.16973876953125,33.03862762451172,645.13818359375,0.63691246509552,0.43743592500686646,0.44894182682037354,60990755433,2086953037
1,3,1,2.33154296875,1,2.38751220703125,1,0.36038801074028015,0.34394776821136475,-47.02323532104492,127.70524597167969,35.83914566040039,1,0.23025202751159668,0.35339170694351196,-91.90119934082031,125.98379516601562,35.212589263916016,1,1.3767696619033813,31.077125549316406,643.3426513671875,0.4983428418636322,0.44139397144317627,0.43772265315055847,1,-65.17317199707031,33.05638122558594,645.0205078125,0.6369473934173584,0.43738284707069397,0.44869107007980347,60990763767,2086961371
1,3,1,2.337921142578125,1,2.425750732421875,1,0.3477568030357361,0.34541234374046326,-51.3791618347168,127.43828582763672,35.741981506347656,1,0.21122731268405914,0.33912238478660583,-98.46195220947266,128.58482360839844,36.15932083129883,1,1.3654563426971436,31.06556510925293,643.3197021484375,0.4983663856983185,0.4414149224758148,0.4376713037490845,1,-65.18460083007812,33.04107666015625,645.02978515625,0.6369689702987671,0.4374157786369324,0.44871148467063904,60990772100,2086969704
1,3,1,2.2875823974609375,1,2.40728759765625,1,0.35647881031036377,0.33473241329193115,-48.371334075927734,129.38504028320312,36.45051956176758,1,0.21440258622169495,0.3526105284690857,-97.36695098876953,126.1261978149414,35.26439666748047,1,1.356760025024414,31.058517456054688,643.296875,0.4983845353126526,0.44142648577690125,0.43762072920799255,1,-65.19389343261719,33.03378677368164,645.03955078125,0.6369860172271729,0.4374322295188904,0.44873350858688354,60990780433,2086978037
1,3,1,2.3134307861328125,1,2.4398651123046875,1,0.36303961277008057,0.32324889302253723,-46.10880661010742,131.47828674316406,37.212425231933594,1,0.21327023208141327,0.3655840754508972,-97.75743103027344,123.7613525390625,34.403648376464844,1,1.3511507511138916,31.06034278869629,643.3084106445312,0.4983963072299957,0.44142425060272217,0.43764594197273254,1,-65.19633483886719,33.03856658935547,645.0155029296875,0.6369967460632324,0.43741899728775024,0.44868284463882446,60990788767,2086986371
1,3,1,2.3013458251953125,1,2.4871673583984375,1,0.3544551134109497,0.3423307240009308,-49.069217681884766,128.00001525878906,35.946414947509766,1,0.23157988488674164,0.36789175868034363,-91.44327545166016,123.34071350097656,34.25054168701172,1,1.3455955982208252,31.050724029541016,643.3427124023438,0.4984080195426941,0.44144871830940247,0.43771892786026,1,-65.20734405517578,33.01340103149414,645.0843505859375,0.6370034217834473,0.4374806582927704,0.44883012771606445,60990797100,2086994704
1,3,1,2.2860565185546875,1,2.430633544921875,1,0.34992629289627075,0.3233145773410797,-50.631004333496094,131.46632385253906,37.20806884765625,1,0.21327492594718933,0.35114365816116333,-97.75582885742188,126.39358520507812,35.361717224121094,1,1.3425052165985107,31.05491065979004,643.3084716796875,0.4984143376350403,0.4414355158805847,0.43764528632164,1,-65.20909118652344,33.0306396484375,645.0715942382812,0.6370099782943726,0.4374431371688843,0.44880542159080505,60990805433,2087003037
1,3,1,2.3257598876953125,1,2.4583282470703125,1,0.35834604501724243,0.34598544239997864,-47.727413177490234,127.33382415771484,35.70393753051758,1,0.22693262994289398,0.3624018132686615,-93.04591369628906,124.34142303466797,34.614803314208984,1,1.3412463665008545,31.04874610900879,643.3311767578125,0.49841710925102234,0.4414512813091278,0.43769371509552,1,-65.21620178222656,33.016822814941406,645.1170654296875,0.6370139718055725,0.43747806549072266,0.44890323281288147,60990813767,2087011371
1,3,1,2.3118743896484375,1,2.4322662353515625,1,0.3561784327030182,0.3353617787361145,-48.474918365478516,129.2703399658203,36.40876007080078,1,0.21704386174678802,0.35767483711242676,-96.45609283447266,125.20304107666016,34.92845916748047,1,1.341130018234253,31.04449462890625,643.3082275390625,0.4984172582626343,0.4414570927619934,0.43764328956604004,1,-65.21768188476562,33.00646209716797,645.1182250976562,0.6370168328285217,0.4374997019767761,0.448904424905777,60990822100,2087019704
1,3,1,2.2889862060546875,1,2.4222412109375,1,0.35199180245399475,0.3193497061729431,-49.91870880126953,132.18905639648438,37.471065521240234,1,0.2175532728433609,0.3399575650691986,-96.2804183959961,128.43258666992188,36.10390090942383,1,1.341247797012329,31.054351806640625,643.331298828125,0.49841710925102234,0.441439688205719,0.437694787979126,1,-65.21664428710938,33.034603118896484,645.12890625,0.6370120048522949,0.4374428391456604,0.44893136620521545,60990830433,2087028037
1,3,1,2.309295654296875,1,2.4619598388671875,1,0.3476065695285797,0.3340100944042206,-51.430965423583984,129.5167236328125,36.498443603515625,1,0.2208257019519806,0.35283559560775757,-95.15191650390625,126.08515930175781,35.24949264526367,1,1.343113660812378,31.049020767211914,643.3428344726562,0.4984132647514343,0.4414522647857666,0.43771907687187195,1,-65.220947265625,33.02358627319336,645.164794921875,0.6370125412940979,0.4374706447124481,0.44900816679000854,60990838767,2087036371
1,3,1,2.3222198486328125,1,2.4494171142578125,1,0.3551695644855499,0.3358529806137085,-48.822837829589844,129.18080139160156,36.376182556152344,1,0.21835863590240479,0.3740895986557007,-96.002685546875,122.21092987060547,33.83940887451172,1,1.3450100421905518,31.057537078857422,643.3544921875,0.49840930104255676,0.44143617153167725,0.437745600938797,1,-65.21546173095703,33.04859161376953,645.1050415039062,0.6370152235031128,0.4374105930328369,0.448881596326828,60990847100,2087044704
1,3,1,2.322601318359375,1,2.4421539306640625,1,0.3544051945209503,0.3393985629081726,-49.08643341064453,128.5345001220703,36.14094924926758,1,0.23047588765621185,0.3546125590801239,-91.8239974975586,125.76126861572266,35.131587982177734,1,1.3463478088378906,31.06385612487793,643.3318481445312,0.49840644001960754,0.4414200782775879,0.43769729137420654,1,-65.21636962890625,33.06852722167969,645.0699462890625,0.6370252966880798,0.437364399433136,0.448808878660202,60990855433,2087053037
1,3,1,2.3253936767578125,1,2.4138031005859375,1,0.3466127812862396,0.3351511061191559,-51.773681640625,129.30874633789062,36.42273712158203,1,0.21384988725185394,0.3630158007144928,-97.55754089355469,124.22948455810547,34.57410430908203,1,1.3512914180755615,31.070011138916016,643.3772583007812,0.49839627742767334,0.4414132833480835,0.4377966821193695,1,-65.21640014648438,33.07659149169922,645.0695190429688,0.6370254158973694,0.4373476803302765,0.4488091468811035,60990863767,2087061371
1,3,1,2.3484649658203125,1,2.430938720703125,1,0.3536885976791382,0.34724894165992737,-49.333560943603516,127.103515625,35.62012481689453,1,0.21148954331874847,0.37252724170684814,-98.37152099609375,122.49574279785156,33.943016052246094,1,1.3593823909759521,31.112144470214844,643.36572265625,0.4983792304992676,0.4413243532180786,0.43777742981910706,1,-65.21128845214844,33.118125915527344,645.0371704101562,0.6370223164558411,0.43725714087486267,0.4487442672252655,60990872100,2087069704
1,3,1,2.336456298828125,1,2.4420318603515625,1,0.3501679003238678,0.347822368144989,-50.54768371582031,126.99897766113281,35.58209991455078,1,0.22574853897094727,0.38671112060546875,-93.45425415039062,119.91027069091797,33.001976013183594,1,1.3601144552230835,31.111083984375,643.400146484375,0.49837785959243774,0.44133108854293823,0.43785202503204346,1,-65.20854187011719,33.11958312988281,645.0359497070312,0.6370168924331665,0.4372539818286896,0.44874122738838196,60990880434,2087078038
1,3,1,2.3373870849609375,1,2.4447784423828125,1,0.34802842140197754,0.3770107924938202,-51.285484313964844,121.67847442626953,33.645545959472656,1,0.21543735265731812,0.3441210985183716,-97.01010131835938,127.67367553710938,35.827613830566406,1,1.3668406009674072,31.163604736328125,643.38818359375,0.4983636438846588,0.4412204921245575,0.43783342838287354,1,-65.19898986816406,33.14698791503906,645.03759765625,0.6369965076446533,0.43719741702079773,0.4487466514110565,60990888768,2087086372
1,3,1,2.31549072265625,1,2.424957275390625,1,0.3496791422367096,0.3521993160247803,-50.71623992919922,126.20115661621094,35.29167175292969,1,0.21135999262332916,0.36230698227882385,-98.41619873046875,124.35869598388672,34.62110137939453,1,1.3718762397766113,31.17654037475586,643.41064453125,0.49835315346717834,0.4411966800689697,0.43788400292396545,1,-65.19988250732422,33.1536865234375,645.0841064453125,0.6369873881340027,0.4371900260448456,0.44884830713272095,60990897101,2087094705
1,3,1,2.324798583984375,1,2.4322357177734375,1,0.347106397151947,0.34329524636268616,-51.60345458984375,127.82420349121094,35.88241958618164,1,0.22188203036785126,0.36870497465133667,-94.7876205444336,123.19243621826172,34.19667434692383,1,1.376857042312622,31.177005767822266,643.4107666015625,0.49834275245666504,0.4411957263946533,0.4378843903541565,1,-65.19149017333984,33.15270233154297,645.0626831054688,0.6369749903678894,0.43718910217285156,0.4487999975681305,60990905434,2087103038
1,3,1,2.3726959228515625,1,2.4071807861328125,1,0.34575650095939636,0.3917953670024872,-52.0689697265625,118.98348236083984,32.66472244262695,1,0.22876271605491638,0.34959375858306885,-92.41478729248047,126.67607879638672,35.464595794677734,1,1.381286859512329,31.204116821289062,643.4217529296875,0.49833348393440247,0.44114091992378235,0.4379119873046875,1,-65.19049072265625,33.16567611694336,645.121826171875,0.6369588375091553,0.4371704161167145,0.4489293694496155,60990913767,2087111371
1,3,1,2.323577880859375,1,2.417205810546875,1,0.3454294204711914,0.36369866132736206,-52.181766510009766,124.10501098632812,34.52879333496094,1,0.21291020512580872,0.3464263379573822,-97.881591796875,127.25346374511719,35.674705505371094,1,1.3894226551055908,31.186859130859375,643.4337768554688,0.49831658601760864,0.4411783814430237,0.4379357397556305,1,-65.18590545654297,33.158592224121094,645.157958984375,0.6369407773017883,0.43719011545181274,0.44900524616241455,60990922101,2087119705
1,3,1,2.3429718017578125,1,2.394195556640625,1,0.34935590624809265,0.385537326335907,-50.82770538330078,120.12423706054688,33.079856872558594,1,0.21567286550998688,0.33727461099624634,-96.92887115478516,128.921630859375,36.281917572021484,1,1.391831636428833,31.220561981201172,643.387451171875,0.49831122159957886,0.4411022663116455,0.4378398060798645,1,-65.18583679199219,33.1711540222168,645.1806640625,0.6369352340698242,0.437167227268219,0.4490562081336975,60990930434,2087128038
1,3,1,2.3233795166015625,1,2.400604248046875,1,0.35010531544685364,0.35857245326042175,-50.56925582885742,125.03942108154297,34.868900299072266,1,0.22387075424194336,0.3410324156284332,-94.10179901123047,128.23666381835938,36.0326042175293,1,1.4026010036468506,31.205930709838867,643.399169921875,0.4982887804508209,0.4411342144012451,0.437863290309906,1,-65.1811752319336,33.1661376953125,645.2174072265625,0.6369168758392334,0.437182754278183,0.4491336941719055,60990938768,2087136372
1,3,1,2.3141326904296875,1,2.441619873046875,1,0.3525930941104889,0.3660108745098114,-49.711341857910156,123.68353271484375,34.37541198730469,1,0.236433207988739,0.3773661255836487,-89.76958465576172,121.61368560791016,33.62198257446289,1,1.4156383275985718,31.201396942138672,643.3648071289062,0.49826133251190186,0.4411390721797943,0.437788188457489,1,-65.1795654296875,33.1674919128418,645.2889404296875,0.636896550655365,0.43718981742858887,0.449288010597229,60990947101,2087144705
1,3,1,2.3107757568359375,1,2.432769775390625,1,0.34019985795021057,0.3465787470340729,-53.985206604003906,127.22567749023438,35.664554595947266,1,0.2352781444787979,0.3592993915081024,-90.16791534423828,124.90694427490234,34.820587158203125,1,1.4286977052688599,31.175228118896484,643.35400390625,0.4982340335845947,0.4411919414997101,0.437761127948761,1,-65.17562866210938,33.166175842285156,645.3699340820312,0.6368692517280579,0.4372038245201111,0.4494616985321045,60990955434,2087153038
1,3,1,2.3514862060546875,1,2.43310546875,1,0.3446710407733917,0.3708104193210602,-52.44329833984375,122.80867004394531,34.05693817138672,1,0.22722692787647247,0.36643970012664795,-92.94441223144531,123.60536193847656,34.346954345703125,1,1.442378044128418,31.17155647277832,643.3767700195312,0.4982055425643921,0.4412026107311249,0.43781009316444397,1,-65.16441345214844,33.163597106933594,645.396728515625,0.6368396282196045,0.43721288442611694,0.44951677322387695,60990963768,2087161372
1,3,1,2.353240966796875,1,2.4304351806640625,1,0.3536255955696106,0.37558460235595703,-49.35526657104492,121.93842315673828,33.740169525146484,1,0.21614621579647064,0.3595810830593109,-96.76564025878906,124.85558319091797,34.80192565917969,1,1.4547655582427979,31.149032592773438,643.3768920898438,0.4981796443462372,0.44124943017959595,0.4378072917461395,1,-65.15265655517578,33.157188415527344,645.4103393554688,0.6368120312690735,0.4372280538082123,0.4495426416397095,60990972101,2087169705
1,3,1,2.3135833740234375,1,2.4568939208984375,1,0.34737828373908997,0.32039523124694824,-51.509700775146484,131.9984588623047,37.40175247192383,1,0.2137104868888855,0.3831482529640198,-97.6056137084961,120.5597152709961,33.238372802734375,1,1.4868298768997192,31.071748733520508,643.4342041015625,0.4981130361557007,0.44141751527786255,0.4379211366176605,1,-65.11154174804688,33.10826873779297,645.324951171875,0.6367471814155579,0.4373176097869873,0.44934239983558655,60990980434,2087178038
1,3,1,2.3175506591796875,1,2.4380645751953125,1,0.342971533536911,0.36511534452438354,-53.02938461303711,123.84678649902344,34.43476867675781,1,0.22681359946727753,0.3600124418735504,-93.08695220947266,124.77696990966797,34.773277282714844,1,1.5013173818588257,31.188934326171875,643.2965087890625,0.49808186292648315,0.4411560297012329,0.43763867020606995,1,-65.09569549560547,33.176658630371094,645.328857421875,0.6367130875587463,0.43717658519744873,0.449357271194458,60990988768,2087186372
1,3,1,2.361663818359375,1,2.443450927734375,1,0.34776571393013,0.39345479011535645,-51.37607955932617,118.68102264404297,32.554569244384766,1,0.22439464926719666,0.36317676305770874,-93.92112731933594,124.20015716552734,34.563385009765625,1,1.5378313064575195,31.0211181640625,643.354248046875,0.49800607562065125,0.4415121078491211,0.4377409517765045,1,-65.05393981933594,32.987060546875,645.2540283203125,0.6366448998451233,0.43755897879600525,0.4491594433784485,60990997101,2087194705
1,3,1,2.3422088623046875,1,2.427520751953125,1,0.35635876655578613,0.35280641913414,-48.41273498535156,126.09048461914062,35.251426696777344,1,0.21971313655376434,0.33139967918395996,-95.53557586669922,129.99253845214844,36.671661376953125,1,1.5583466291427612,31.115869522094727,643.27392578125,0.4979625344276428,0.4413048028945923,0.437579870223999,1,-65.01304626464844,33.150657653808594,645.0514526367188,0.6366071105003357,0.4371921420097351,0.4487369656562805,60991005434,2087203038
1,3,1,2.2830352783203125,1,2.4322662353515625,1,0.3536793291568756,0.34372925758361816,-49.336753845214844,127.74507904052734,35.85365295410156,1,0.21134519577026367,0.3272055983543396,-98.42130279541016,130.7570343017578,36.94992446899414,1,1.5707454681396484,31.034940719604492,643.27392578125,0.4979367256164551,0.4414728283882141,0.437568724155426,1,-64.98270416259766,33.03963088989258,644.9642944335938,0.6365652084350586,0.4374101459980011,0.44852641224861145,60991013772,2087211376
1,3,1,2.3397369384765625,1,2.409759521484375,1,0.3509889841079712,0.36964502930641174,-50.2645263671875,123.02111053466797,34.13421630859375,1,0.21258990466594696,0.32646992802619934,-97.99205017089844,130.8911590576172,36.99874496459961,1,1.586400032043457,31.030244827270508,643.2393188476562,0.49790382385253906,0.44147801399230957,0.43749308586120605,1,-64.95841979980469,33.04290008544922,644.9224853515625,0.6365246176719666,0.43739765882492065,0.4484314024448395,60991022105,2087219709
1,3,1,2.2915496826171875,1,2.441497802734375,1,0.3585868179798126,0.330684095621109,-47.64438247680664,130.12298583984375,36.7191276550293,1,0.23262397944927216,0.35707661509513855,-91.08321380615234,125.31212615966797,34.968074798583984,1,1.6076809167861938,31.03717041015625,643.2626953125,0.4978594183921814,0.441466748714447,0.4375448524951935,1,-64.94551086425781,33.08203887939453,644.9367065429688,0.6364942789077759,0.43731850385665894,0.448464959859848,60991030438,2087228042
1,3,1,2.3665313720703125,1,2.4234466552734375,1,0.3567199110984802,0.39561015367507935,-48.288185119628906,118.28811645507812,32.411590576171875,1,0.2272743433713913,0.30238762497901917,-92.92806243896484,135.2809295654297,38.59646987915039,1,1.6458237171173096,30.97200584411621,643.251708984375,0.4977796971797943,0.4416007101535797,0.43751221895217896,1,-64.95011138916016,32.98977279663086,645.1703491210938,0.6364489793777466,0.43754202127456665,0.4489569664001465,60991038772,2087236376
1,3,1,2.290863037109375,1,2.4539794921875,1,0.34570959210395813,0.3337894380092621,-52.08515167236328,129.5569305419922,36.51311111450195,1,0.2330273687839508,0.3538229763507843,-90.94410705566406,125.90518188476562,35.183956146240234,1,1.6620240211486816,31.010799407958984,643.251220703125,0.49774572253227234,0.441520094871521,0.43751659989356995,1,-64.93515014648438,33.04326248168945,645.197021484375,0.6364114284515381,0.4374349117279053,0.4490189254283905,60991047105,2087244709
1,3,1,2.304229736328125,1,2.422760009765625,1,0.35179629921913147,0.3588798940181732,-49.98612594604492,124.9833984375,34.84846115112305,1,0.21945299208164215,0.3487931191921234,-95.62528228759766,126.822021484375,35.51769256591797,1,1.6718478202819824,30.987680435180664,643.251708984375,0.4977251887321472,0.44156819581985474,0.43751445412635803,1,-64.90997314453125,33.00304412841797,645.1315307617188,0.6363747715950012,0.4375092387199402,0.44886645674705505,60991055438,2087253042
1,3,1,2.3311920166015625,1,2.41461181640625,1,0.3513166904449463,0.36122074723243713,-50.15153121948242,124.55670166015625,34.69316482543945,1,0.22548604011535645,0.3266499638557434,-93.5447769165039,130.85833740234375,36.98675537109375,1,1.692557692527771,30.917911529541016,643.309814453125,0.4976823627948761,0.44172075390815735,0.43763095140457153,1,-64.89644622802734,32.959171295166016,645.19287109375,0.6363324522972107,0.43760862946510315,0.448989599943161,60991063771,2087261375
1,3,1,2.3398284912109375,1,2.4477081298828125,1,0.34121522307395935,0.39874497056007385,-53.635047912597656,117.71670532226562,32.203609466552734,1,0.22628936171531677,0.33406516909599304,-93.26773834228516,129.5066680908203,36.49481964111328,1,1.7046005725860596,31.00113296508789,643.216552734375,0.4976564645767212,0.44153571128845215,0.43744030594825745,1,-64.87374877929688,33.002777099609375,645.0687255859375,0.6363143920898438,0.4375012218952179,0.44872304797172546,60991072105,2087269709
1,3,1,2.259368896484375,1,2.4620513916015625,1,0.3471796214580536,0.29567012190818787,-51.57820129394531,136.5054168701172,39.042144775390625,1,0.21855632960796356,0.3469437062740326,-95.93450164794922,127.15914916992188,35.640384674072266,1,1.7162044048309326,30.883161544799805,643.33251953125,0.49763309955596924,0.4417959451675415,0.4376755356788635,1,-64.86905670166016,32.93994903564453,645.1873779296875,0.63627690076828,0.4376477003097534,0.4489690363407135,60991080438,2087278042
1,3,1,2.2806396484375,1,2.4152069091796875,1,0.35294702649116516,0.32637664675712585,-49.589290618896484,130.90817260742188,37.004859924316406,1,0.21664491295814514,0.32951053977012634,-96.59367370605469,130.3369140625,36.796958923339844,1,1.7203871011734009,30.955917358398438,643.27490234375,0.49762386083602905,0.4416373074054718,0.4375607669353485,1,-64.85832977294922,32.96371841430664,645.1423950195312,0.6362651586532593,0.4375923275947571,0.4488731026649475,60991088771,2087286375
1,3,1,2.26434326171875,1,2.4603729248046875,1,0.35193583369255066,0.31089475750923157,-49.93801498413086,133.730224609375,38.03206253051758,1,0.21663503348827362,0.3404165208339691,-96.59707641601562,128.34893798828125,36.073421478271484,1,1.726731777191162,30.912826538085938,643.29833984375,0.49761077761650085,0.441729873418808,0.437605619430542,1,-64.85243225097656,32.94721221923828,645.177490234375,0.6362447142601013,0.4376313388347626,0.4489452838897705,60991097105,2087294709
1,3,1,2.3141021728515625,1,2.4597930908203125,1,0.34867268800735474,0.32852253317832947,-51.063323974609375,130.5170135498047,36.8625373840332,1,0.21645452082157135,0.34395989775657654,-96.65933227539062,127.70304107666016,35.83837127685547,1,1.7323249578475952,30.87151336669922,643.332763671875,0.49759942293167114,0.4418201446533203,0.4376746118068695,1,-64.84562683105469,32.93028259277344,645.1333618164062,0.63624107837677,0.4376603662967682,0.4488460421562195,60991105438,2087303042
1,3,1,2.3458404541015625,1,2.44207763671875,1,0.3543286919593811,0.36735424399375916,-49.11280822753906,123.43868255615234,34.28622817993164,1,0.21700255572795868,0.3196232318878174,-96.47032928466797,132.13916015625,37.452999114990234,1,1.728975534439087,30.931793212890625,643.2522583007812,0.4976058304309845,0.441684365272522,0.43750834465026855,1,-64.84949493408203,32.95651626586914,645.16748046875,0.6362409591674805,0.4376107156276703,0.44892433285713196,60991113771,2087311375
1,3,1,2.2438201904296875,1,2.4382476806640625,1,0.33905303478240967,0.2820587456226349,-54.38069152832031,138.98654174804688,39.94516372680664,1,0.21868857741355896,0.3449549973011017,-95.8888931274414,127.52163696289062,35.772361755371094,1,1.734336256980896,30.861648559570312,643.3436889648438,0.49759531021118164,0.44184207916259766,0.4376969039440155,1,-64.84848022460938,32.92863464355469,645.1694946289062,0.6362385153770447,0.43766874074935913,0.4489244520664215,60991122105,2087319709
1,3,1,2.32763671875,1,2.4583740234375,1,0.3571264445781708,0.3673635423183441,-48.14799499511719,123.43698120117188,34.28561019897461,1,0.22092175483703613,0.3263503909111023,-95.11878204345703,130.91294860839844,37.00664520263672,1,1.7326419353485107,30.95212173461914,643.2518920898438,0.4975980520248413,0.441642165184021,0.437510222196579,1,-64.8486557006836,32.965118408203125,645.1796875,0.636236310005188,0.43759459257125854,0.4489516615867615,60991130438,2087328042
1,3,1,2.2801513671875,1,2.4703826904296875,1,0.3570958077907562,0.32297033071517944,-48.15856170654297,131.529052734375,37.230918884277344,1,0.23706060647964478,0.3600480854511261,-89.55322265625,124.77044677734375,34.770973205566406,1,1.7309068441390991,30.938899993896484,643.263916015625,0.49760180711746216,0.4416711926460266,0.4375346302986145,1,-64.85302734375,32.96137237548828,645.1912841796875,0.6362426280975342,0.4376039206981659,0.44897714257240295,60991138771,2087336375
1,3,1,2.2844085693359375,1,2.4543914794921875,1,0.3531457781791687,0.30508705973625183,-49.5207405090332,134.78887939453125,38.41734313964844,1,0.23101532459259033,0.34328123927116394,-91.6379623413086,127.82675170898438,35.88334274291992,1,1.7391791343688965,30.865665435791016,643.3214111328125,0.4975849986076355,0.4418308138847351,0.43764927983283997,1,-64.84355163574219,32.93120193481445,645.1448974609375,0.6362340450286865,0.4376600384712219,0.4488707184791565,60991147108,2087344712
1,3,1,2.30694580078125,1,2.446075439453125,1,0.348960816860199,0.3649260401725769,-50.96394348144531,123.88130950927734,34.44730758666992,1,0.21681824326515198,0.351358562707901,-96.53388977050781,126.35440063476562,35.34748077392578,1,1.734663486480713,31.035818099975586,643.307861328125,0.49759402871131897,0.4414758086204529,0.43764328956604004,1,-64.85755920410156,33.07015609741211,645.1773071289062,0.6362549066543579,0.43737664818763733,0.44896358251571655,60991155441,2087353045
1,3,1,2.316314697265625,1,2.44720458984375,1,0.35162678360939026,0.3278212547302246,-50.04457473754883,130.6448516845703,36.909034729003906,1,0.22588014602661133,0.355334997177124,-93.40885925292969,125.62957763671875,35.08363723754883,1,1.7355997562408447,30.838027954101562,643.3436279296875,0.4975927174091339,0.4418911039829254,0.43769359588623047,1,-64.85570526123047,32.90693283081055,645.1669311523438,0.6362541913986206,0.4377133250236511,0.44891729950904846,60991163774,2087361378
1,3,1,2.3108062744140625,1,2.448272705078125,1,0.34334805607795715,0.3506409823894501,-52.89954376220703,126.48519897460938,35.39509201049805,1,0.2388121634721756,0.3636440336704254,-88.9491958618164,124.114990234375,34.53236770629883,1,1.7267614603042603,31.04560089111328,643.341796875,0.49761080741882324,0.441459983587265,0.4377182722091675,1,-64.86798858642578,33.10315704345703,645.1859741210938,0.6362743377685547,0.43730947375297546,0.4489893317222595,60991172108,2087369712
1,3,1,2.3172607421875,1,2.4496002197265625,1,0.34995949268341064,0.34617993235588074,-50.61955261230469,127.2983627319336,35.69107437133789,1,0.21610486507415771,0.3260338008403778,-96.7799072265625,130.97064208984375,37.027671813964844,1,1.7143542766571045,30.931501388549805,643.32080078125,0.4976368248462677,0.4416940212249756,0.43765681982040405,1,-64.86800384521484,32.95237350463867,645.1985473632812,0.6362720727920532,0.437623530626297,0.44899478554725647,60991180441,2087378045
1,3,1,2.333831787109375,1,2.4693145751953125,1,0.35048073530197144,0.3671560287475586,-50.43980407714844,123.47480010986328,34.29939270019531,1,0.2247656285762787,0.3318468928337097,-93.79319763183594,129.91104125976562,36.641990661621094,1,1.7099275588989258,30.944746017456055,643.3092651367188,0.4976460039615631,0.44166505336761475,0.43763360381126404,1,-64.87843322753906,32.95465087890625,645.2327880859375,0.636285662651062,0.437623530626297,0.4490711987018585,60991188774,2087386378
1,3,1,2.27191162109375,1,2.4432220458984375,1,0.3474031388759613,0.34902679920196533,-51.501129150390625,126.7794418334961,35.502174377441406,1,0.22848811745643616,0.3338311016559601,-92.50949096679688,129.54934692382812,36.510353088378906,1,1.7099618911743164,31.01994514465332,643.2852172851562,0.49764567613601685,0.4415057301521301,0.43759194016456604,1,-64.87669372558594,33.00006103515625,645.1378173828125,0.6363043189048767,0.43751633167266846,0.448872447013855,60991197108,2087394712
1,3,1,2.3413543701171875,1,2.4720001220703125,1,0.3338209092617035,0.3611454367637634,-56.18501663208008,124.57042694091797,34.69816970825195,1,0.233668714761734,0.3536117374897003,-90.72293853759766,125.94369506835938,35.19796371459961,1,1.7044963836669922,30.910184860229492,643.36669921875,0.49765774607658386,0.44174429774284363,0.43775343894958496,1,-64.88367462158203,32.938026428222656,645.1841430664062,0.6363080143928528,0.43765124678611755,0.448964923620224,60991205441,2087403045
1,3,1,2.3673858642578125,1,2.4527740478515625,1,0.35086435079574585,0.4117630124092102,-50.3075065612793,115.34374237060547,31.33993911743164,1,0.24077530205249786,0.3394942879676819,-88.2721939086914,128.51705932617188,36.13457107543945,1,1.741583228111267,31.021791458129883,643.3192749023438,0.4975796639919281,0.4415064752101898,0.437666118144989,1,-64.84780883789062,33.00018310546875,645.1441650390625,0.6362427473068237,0.43751704692840576,0.4488798677921295,60991213774,2087411378
1,3,1,2.3472442626953125,1,2.45306396484375,1,0.38308510184288025,0.3802858889102936,-39.1960334777832,121.08145141601562,33.428314208984375,1,0.24719980359077454,0.3430179953575134,-86.05667877197266,127.87474060058594,35.90082931518555,1,1.7699851989746094,30.976346969604492,643.3203125,0.4975203573703766,0.441601037979126,0.437662273645401,1,-64.82473754882812,32.974464416503906,645.1842651367188,0.6361855268478394,0.4375758767127991,0.44895777106285095,60991222108,2087419712
1,3,1,2.369842529296875,1,2.46697998046875,1,0.37347328662872314,0.3726719319820404,-42.510711669921875,122.46935272216797,33.93342971801758,1,0.2375229001045227,0.3434235751628876,-89.39379119873047,127.80079650878906,35.87395095825195,1,1.7694361209869385,30.917072296142578,643.3092651367188,0.4975215792655945,0.441722571849823,0.43763017654418945,1,-64.81745910644531,32.95420837402344,645.1396484375,0.6361810564994812,0.4376116991043091,0.44885703921318054,60991230441,2087428045
1,3,1,2.2492523193359375,1,2.459747314453125,1,0.3740464150905609,0.32647061347961426,-42.31306838989258,130.8910369873047,36.99866485595703,1,0.24207018315792084,0.3450651466846466,-87.82564544677734,127.5015869140625,35.76496505737305,1,1.756937861442566,31.0325870513916,643.330322265625,0.49754759669303894,0.44148555397987366,0.43769171833992004,1,-64.84307861328125,33.0638427734375,645.180908203125,0.6362240314483643,0.4373902380466461,0.448967307806015,60991238774,2087436378
1,3,1,2.3579864501953125,1,2.469879150390625,1,0.36286747455596924,0.37464699149131775,-46.16817855834961,122.10933685302734,33.80241012573242,1,0.2420194000005722,0.33654749393463135,-87.84315490722656,129.05416870117188,36.33012771606445,1,1.7524241209030151,30.93728256225586,643.275146484375,0.4975568652153015,0.4416760802268982,0.43755877017974854,1,-64.84158325195312,32.964111328125,645.1221923828125,0.636235237121582,0.43758875131607056,0.44882601499557495,60991247108,2087444712
1,3,1,2.3116912841796875,1,2.437225341796875,1,0.3689813017845154,0.36450254917144775,-44.05979919433594,123.95849609375,34.47541809082031,1,0.24618829786777496,0.35275763273239136,-86.4054946899414,126.0993423461914,35.254695892333984,1,1.7451236248016357,31.033817291259766,643.2958984375,0.497572124004364,0.441478431224823,0.43761715292930603,1,-64.8609848022461,33.07192611694336,645.164306640625,0.6362650394439697,0.4373711943626404,0.4489365220069885,60991255441,2087453045
1,3,1,2.234527587890625,1,2.43536376953125,1,0.3649258017539978,0.32455435395240784,-45.45835494995117,131.24032592773438,37.125789642333984,1,0.23914968967437744,0.3363824188709259,-88.83279418945312,129.08428955078125,36.34104919433594,1,1.7375924587249756,31.025379180908203,643.2730712890625,0.49758774042129517,0.44149285554885864,0.43756648898124695,1,-64.86752319335938,33.04118728637695,645.0932006835938,0.6362955570220947,0.43742501735687256,0.44877997040748596,60991263774,2087461378
5,3,1,2.320953369140625,1,2.445159912109375,1,0.3608465790748596,0.38000717759132385,-46.8651008605957,121.13226318359375,33.4467887878418,1,0.24300435185432434,0.3605542778968811,-87.50350189208984,124.67820739746094,34.737335205078125,1,1.7219653129577637,31.01791000366211,643.216796875,0.4976201057434082,0.4415009319782257,0.43744319677352905,1,-64.8780517578125,33.030357360839844,645.0547485351562,0.6363265514373779,0.4374420940876007,0.44869768619537354,60991272110,2087469714
5,3,1,2.2883453369140625,1,2.4471435546875,1,0.36831414699554443,0.32687726616859436,-44.28985595703125,130.81690979003906,36.9716796875,1,0.2317608892917633,0.3650464415550232,-91.38085174560547,123.85933685302734,34.43935012817383,1,1.7135167121887207,31.04149055480957,643.2846069335938,0.49763819575309753,0.44146090745925903,0.437593549489975,1,-64.88999938964844,33.09521484375,644.9830322265625,0.6363679766654968,0.4372977912425995,0.4485549330711365,60991280443,2087478047
5,3,1,2.368408203125,1,2.4883880615234375,1,0.3583887219429016,0.3996810019016266,-47.71269226074219,117.54608917236328,32.14150619506836,1,0.25214701890945435,0.3532240688800812,-84.35061645507812,126.01433563232422,35.2237548828125,1,1.69333815574646,31.015697479248047,643.1941528320312,0.4976798892021179,0.44150248169898987,0.43739357590675354,1,-64.91531372070312,33.033203125,645.025146484375,0.6364109516143799,0.43743205070495605,0.44864222407341003,60991288776,2087486380
5,3,1,2.338348388671875,1,2.4721832275390625,1,0.3573060631752014,0.37666431069374084,-48.0860481262207,121.74160766601562,33.66856002807617,1,0.25003156065940857,0.38524144887924194,-85.08014678955078,120.17816162109375,33.099483489990234,1,1.6790300607681274,31.032333374023438,643.1821899414062,0.4977096915245056,0.4414663314819336,0.43736982345581055,1,-64.9269027709961,33.083641052246094,644.9515380859375,0.6364521384239197,0.4373173117637634,0.44849324226379395,60991297110,2087494714
5,3,1,2.34442138671875,1,2.4503936767578125,1,0.3654240071773529,0.36566153168678284,-45.28654098510742,123.74724578857422,34.39849853515625,1,0.25212040543556213,0.3405272960662842,-84.35979461669922,128.32875061035156,36.06605529785156,1,1.656531572341919,31.014280319213867,643.0912475585938,0.49775630235671997,0.4414917230606079,0.43716999888420105,1,-64.94239807128906,33.041709899902344,644.914306640625,0.6364932656288147,0.4373989701271057,0.4484100341796875,60991305443,2087503047
5,3,1,2.322540283203125,1,2.4862823486328125,1,0.35760876536369324,0.3609914481639862,-47.98166275024414,124.59850311279297,34.70835876464844,1,0.2583705484867096,0.3582538068294525,-82.20441436767578,125.09754943847656,34.88996124267578,1,1.6399812698364258,31.007312774658203,643.0792846679688,0.4977908432483673,0.4415045976638794,0.437142938375473,1,-64.94960021972656,33.014869689941406,644.829345703125,0.6365284323692322,0.437442809343338,0.44822439551353455,60991313776,2087511380
5,3,1,2.3145294189453125,1,2.467193603515625,1,0.36659905314445496,0.35560354590415955,-44.88132858276367,125.58062744140625,35.06581115722656,1,0.2531491816043854,0.36013805866241455,-84.00501251220703,124.75404357910156,34.76503372192383,1,1.6218736171722412,31.01996421813965,643.0682373046875,0.4978286325931549,0.4414767920970917,0.437120646238327,1,-64.95669555664062,33.048118591308594,644.7694702148438,0.6365571618080139,0.4373656213283539,0.44810155034065247,60991322110,2087519714
5,3,1,2.343536376953125,1,2.4628143310546875,1,0.36839544773101807,0.3866971731185913,-44.261837005615234,119.91281127929688,33.0029182434082,1,0.24498100578784943,0.3403477370738983,-86.82184600830078,128.36146545410156,36.07798385620117,1,1.6119168996810913,31.00275230407715,643.0684204101562,0.49784955382347107,0.4415125250816345,0.4371185302734375,1,-64.979736328125,33.01057815551758,644.9515991210938,0.636562168598175,0.43746858835220337,0.44849416613578796,60991330443,2087528047
5,3,1,2.29315185546875,1,2.500030517578125,1,0.36301106214523315,0.35536327958106995,-46.118656158447266,125.62439727783203,35.081809997558594,1,0.24573294818401337,0.37041202187538147,-86.56253814697266,122.8813247680664,34.08329772949219,1,1.5945055484771729,31.016510009765625,643.0455932617188,0.4978858530521393,0.44148093461990356,0.43707090616226196,1,-64.982421875,33.03525924682617,644.8473510742188,0.6365923285484314,0.4374030530452728,0.448273241519928,60991338776,2087536380
5,3,1,2.3079833984375,1,2.4967498779296875,1,0.37193214893341064,0.3534168303012848,-43.04219055175781,125.9792251586914,35.2109260559082,1,0.2545769512653351,0.37744277715682983,-83.51264190673828,121.59969329833984,33.61697006225586,1,1.5855979919433594,31.010738372802734,643.045166015625,0.4979044795036316,0.44149279594421387,0.4370691776275635,1,-64.99504852294922,33.0164794921875,644.8807373046875,0.6366106867790222,0.4374465346336365,0.44834527373313904,60991347110,2087544714
5,3,1,2.32952880859375,1,2.46136474609375,1,0.3710921108722687,0.36603766679763794,-43.331886291503906,123.67867279052734,34.373558044433594,1,0.2455606311559677,0.35020965337753296,-86.62196350097656,126.56383514404297,35.423675537109375,1,1.5779215097427368,31.00989532470703,643.0684204101562,0.4979206621646881,0.44149765372276306,0.4371194541454315,1,-65.00714874267578,33.00103759765625,644.9014892578125,0.6366309523582458,0.4374814033508301,0.44839054346084595,60991355443,2087553047
5,3,1,2.3178863525390625,1,2.4564208984375,1,0.3706183135509491,0.3812330365180969,-43.495269775390625,120.90884399414062,33.36537551879883,1,0.24234458804130554,0.33381614089012146,-87.73101806640625,129.5520477294922,36.511348724365234,1,1.5709989070892334,31.011520385742188,643.0792236328125,0.4979352056980133,0.4414956867694855,0.43714308738708496,1,-65.01924133300781,32.99579620361328,644.8974609375,0.6366571187973022,0.43749165534973145,0.448383629322052,60991363776,2087561380
5,3,1,2.3336639404296875,1,2.4371795654296875,1,0.36283525824546814,0.3220106363296509,-46.17929458618164,131.70399475097656,37.294586181640625,1,0.2411838322877884,0.35415270924568176,-88.13130187988281,125.84508514404297,35.16207504272461,1,1.5549890995025635,31.044692993164062,643.102783203125,0.49796876311302185,0.44142991304397583,0.437198668718338,1,-65.04188537597656,33.108795166015625,644.9034423828125,0.6367021799087524,0.4372582733631134,0.4484177231788635,60991372110,2087569714
5,3,1,2.324249267578125,1,2.449310302734375,1,0.36537718772888184,0.34249675273895264,-45.30269241333008,127.96974182128906,35.9354248046875,1,0.24537749588489532,0.35659995675086975,-86.68510437011719,125.39899444580078,34.9997444152832,1,1.5602682828903198,30.870534896850586,643.0475463867188,0.4979577958583832,0.44178420305252075,0.43705472350120544,1,-65.03527069091797,32.91427230834961,644.8965454101562,0.6366909742355347,0.43766045570373535,0.448373407125473,60991380443,2087578047
5,3,1,2.315826416015625,1,2.4505615234375,1,0.3640306890010834,0.36593180894851685,-45.76704025268555,123.69794464111328,34.380638122558594,1,0.23636692762374878,0.32320570945739746,-89.7924575805664,131.4861602783203,37.21529006958008,1,1.5425786972045898,31.21133041381836,643.0206298828125,0.49799397587776184,0.441072940826416,0.43704357743263245,1,-65.04531860351562,33.17681884765625,644.762451171875,0.6367424726486206,0.4370976984500885,0.44812411069869995,60991388776,2087586380
5,3,1,2.3546905517578125,1,2.475341796875,1,0.3701142370700836,0.3751486837863922,-43.669097900390625,122.01788330078125,33.76911926269531,1,0.2427174597978592,0.3577190041542053,-87.6024398803711,125.19503021240234,34.925453186035156,1,1.5464566946029663,30.816810607910156,643.0694580078125,0.49798691272735596,0.4418986439704895,0.4370947778224945,1,-65.05422973632812,32.84402084350586,644.9274291992188,0.6367233395576477,0.4378102421760559,0.448434054851532,60991397110,2087594714
5,3,1,2.32232666015625,1,2.465789794921875,1,0.3675512671470642,0.3350878059864044,-44.552955627441406,129.3202667236328,36.42695617675781,1,0.24197916686534882,0.3511417806148529,-87.8570327758789,126.3939208984375,35.36182403564453,1,1.540830135345459,31.069114685058594,642.9888916015625,0.4979977607727051,0.441364049911499,0.43695491552352905,1,-65.05480194091797,33.1132926940918,644.8094482421875,0.6367512345314026,0.43723589181900024,0.44821831583976746,60991405446,2087603050
5,3,1,2.31927490234375,1,2.5039215087890625,1,0.37635719776153564,0.3511064946651459,-41.51618576049805,126.40035247802734,35.36418914794922,1,0.26542845368385315,0.3657594323158264,-79.77045440673828,123.7293930053711,34.39201736450195,1,1.5455946922302246,31.01593017578125,643.0338134765625,0.49798810482025146,0.44148045778274536,0.43704500794410706,1,-65.04972839355469,32.979270935058594,644.751953125,0.6367548704147339,0.43750569224357605,0.4480738043785095,60991413779,2087611383
5,3,1,2.34747314453125,1,2.496551513671875,1,0.3609699606895447,0.3601236641407013,-46.822540283203125,124.7566909790039,34.76591491699219,1,0.26877743005752563,0.3710676431655884,-78.61553955078125,122.76174926757812,34.039947509765625,1,1.5463030338287354,30.90363311767578,642.9329833984375,0.4979863464832306,0.4417003095149994,0.436810702085495,1,-65.04508209228516,32.910823822021484,644.7882690429688,0.6367369294166565,0.437652587890625,0.44814133644104004,60991422113,2087619717
5,3,1,2.3330841064453125,1,2.4689483642578125,1,0.3657767176628113,0.3410005569458008,-45.16490936279297,128.2424774169922,36.0346794128418,1,0.23710966110229492,0.3561135530471802,-89.53630065917969,125.48762512207031,35.03205871582031,1,1.5502665042877197,31.030376434326172,643.0679931640625,0.49797847867012024,0.4414549767971039,0.43712118268013,1,-65.0482177734375,33.04916000366211,644.8455810546875,0.63672935962677,0.4373738169670105,0.4482855796813965,60991430446,2087628050
5,3,1,2.2376251220703125,1,2.493621826171875,1,0.3649415075778961,0.30077141523361206,-45.452945709228516,135.57554626464844,38.703678131103516,1,0.24325065314769745,0.37402477860450745,-87.41857147216797,122.2227554321289,33.84372329711914,1,1.5624924898147583,30.891347885131836,642.9328002929688,0.4979524612426758,0.44172582030296326,0.436808705329895,1,-65.02080535888672,32.90867614746094,644.7701416015625,0.6366907954216003,0.43765464425086975,0.4480966329574585,60991438779,2087636383
5,3,1,2.3470306396484375,1,2.47027587890625,1,0.3710251748561859,0.3860357403755188,-43.35496139526367,120.03336334228516,33.04682159423828,1,0.2413548082113266,0.32978299260139465,-88.07234191894531,130.2872314453125,36.778934478759766,1,1.5743920803070068,30.977428436279297,642.9658203125,0.49792754650115967,0.44155144691467285,0.4368923008441925,1,-65.01719665527344,32.945472717285156,644.852783203125,0.6366636157035828,0.43758976459503174,0.44827961921691895,60991447113,2087644717
5,3,1,2.3452911376953125,1,2.482330322265625,1,0.3629435896873474,0.3888207972049713,-46.14193344116211,119.52572631835938,32.862003326416016,1,0.2479749619960785,0.35214734077453613,-85.78936767578125,126.21063995361328,35.29511642456055,1,1.5823400020599365,31.005756378173828,642.9425048828125,0.4979107677936554,0.4414895176887512,0.43684571981430054,1,-65.0006103515625,32.98179244995117,644.7855224609375,0.6366448998451233,0.43750524520874023,0.44813603162765503,60991455446,2087653050
5,3,1,2.3438262939453125,1,2.4986419677734375,1,0.3666868507862091,0.3496626317501068,-44.851043701171875,126.6635513305664,35.459957122802734,1,0.24707403779029846,0.39025917649269104,-86.10005187988281,119.26351165771484,32.76661682128906,1,1.6050753593444824,30.829938888549805,642.8875732421875,0.49786320328712463,0.4418475031852722,0.43670231103897095,1,-64.98624420166016,32.889801025390625,644.7887573242188,0.6366146802902222,0.4376963675022125,0.44812676310539246,60991463779,2087661383
5,3,1,2.3284912109375,1,2.492431640625,1,0.3762972354888916,0.35837632417678833,-41.53687286376953,125.07518768310547,34.88187789916992,1,0.25609058141708374,0.3676801025867462,-82.99066162109375,123.37928771972656,34.26455307006836,1,1.6185263395309448,31.006174087524414,642.8055419921875,0.4978342354297638,0.44147059321403503,0.43654876947402954,1,-64.9560317993164,33.03034210205078,644.6754150390625,0.6365780830383301,0.43738946318626404,0.44789573550224304,60991472113,2087669717
5,3,1,2.3394622802734375,1,2.4831085205078125,1,0.3788199722766876,0.33154284954071045,-40.66689682006836,129.96644592285156,36.66215133666992,1,0.25076496601104736,0.3508211076259613,-84.82721710205078,126.4523696899414,35.38312530517578,1,1.645680546760559,30.84392547607422,643.0125122070312,0.49777886271476746,0.4418350160121918,0.43697550892829895,1,-64.93309020996094,32.893829345703125,644.600341796875,0.6365487575531006,0.43766215443611145,0.4477090537548065,60991480446,2087678050
5,3,1,2.34857177734375,1,2.4804229736328125,1,0.3697773814201355,0.3783878982067108,-43.78525924682617,121.42742919921875,33.554203033447266,1,0.26616209745407104,0.3357115685939789,-79.5174560546875,129.20657348632812,36.38554763793945,1,1.667776346206665,30.933242797851562,642.920654296875,0.49773189425468445,0.44163742661476135,0.4367886781692505,1,-64.93167877197266,32.94782257080078,644.7525024414062,0.6365096569061279,0.4375712275505066,0.448045015335083,60991488779,2087686383
5,3,1,2.32598876953125,1,2.488372802734375,1,0.3555658757686615,0.3693487346172333,-48.6861686706543,123.07511901855469,34.1539192199707,1,0.26181307435035706,0.3561973571777344,-81.01721954345703,125.4723892211914,35.0263786315918,1,1.6887327432632446,30.908281326293945,642.9212646484375,0.4976881146430969,0.4416894316673279,0.4367866814136505,1,-64.89324188232422,32.93183517456055,644.61962890625,0.6364611983299255,0.43758606910705566,0.44774767756462097,60991497113,2087694717
5,3,1,2.318939208984375,1,2.4624481201171875,1,0.34972667694091797,0.32916200160980225,-50.69984436035156,130.40045166015625,36.820091247558594,1,0.2504274547100067,0.36300331354141235,-84.94361114501953,124.23178100585938,34.574867248535156,1,1.7176575660705566,30.813039779663086,643.0009155273438,0.49762824177742004,0.44189777970314026,0.43694645166397095,1,-64.86968994140625,32.88462829589844,644.671142578125,0.6364002823829651,0.4376910924911499,0.447846919298172,60991505446,2087703050
5,3,1,2.3739776611328125,1,2.4401092529296875,1,0.35397469997406006,0.3904290497303009,-49.234893798828125,119.23255920410156,32.75531005859375,1,0.2530863285064697,0.337922066450119,-84.02669525146484,128.80361938476562,36.238929748535156,1,1.7241430282592773,30.969654083251953,642.9319458007812,0.49761390686035156,0.4415634274482727,0.43681854009628296,1,-64.8669662475586,32.99005126953125,644.7769775390625,0.6363691687583923,0.43748724460601807,0.44808998703956604,60991513779,2087711383
5,3,1,2.2810211181640625,1,2.4490509033203125,1,0.3563142418861389,0.34549179673194885,-48.42808532714844,127.4238052368164,35.73670196533203,1,0.24316442012786865,0.35929977893829346,-87.44829559326172,124.90686798095703,34.82057189941406,1,1.742977261543274,30.77796173095703,643.0697021484375,0.49757567048072815,0.4419797658920288,0.43709105253219604,1,-64.84415435791016,32.80008316040039,644.794189453125,0.6363185048103333,0.4378833770751953,0.44809490442276,60991522113,2087719717
5,3,1,2.3288116455078125,1,2.450836181640625,1,0.35695478320121765,0.32232460379600525,-48.20719528198242,131.6467742919922,37.27375411987305,1,0.24182866513729095,0.31977272033691406,-87.908935546875,132.1119384765625,37.443058013916016,1,1.756481647491455,30.846920013427734,643.1043090820312,0.49754753708839417,0.44184115529060364,0.4371757209300995,1,-64.82951354980469,32.9223518371582,644.7958374023438,0.636287271976471,0.43763017654418945,0.44811296463012695,60991530446,2087728050
5,3,1,2.3248291015625,1,2.4491119384765625,1,0.359316349029541,0.36055055260658264,-47.39280319213867,124.6788558959961,34.73762512207031,1,0.24188408255577087,0.3715827167034149,-87.88982391357422,122.66788482666016,34.0057258605957,1,1.76058828830719,30.81292724609375,643.1609497070312,0.49753937125205994,0.4419191777706146,0.4372939467430115,1,-64.83587646484375,32.877410888671875,644.936279296875,0.6362674832344055,0.4377427399158478,0.4484109580516815,60991538781,2087736385
5,3,1,2.3039703369140625,1,2.454071044921875,1,0.3639531433582306,0.35835710167884827,-45.79377365112305,125.07868194580078,34.88318634033203,1,0.24710063636302948,0.3577088415622711,-86.09087371826172,125.19685363769531,34.926116943359375,1,1.7643977403640747,30.77725601196289,643.1151123046875,0.49753114581108093,0.44198718667030334,0.43718963861465454,1,-64.81978607177734,32.8050651550293,644.8572998046875,0.6362529993057251,0.4378817677497864,0.448226660490036,60991547115,2087744719
5,3,1,2.3344268798828125,1,2.462890625,1,0.3607773780822754,0.3479897379875183,-46.88896179199219,126.96846771240234,35.57097625732422,1,0.24870459735393524,0.33051788806915283,-85.53773498535156,130.15330505371094,36.7300910949707,1,1.7620867490768433,30.87468719482422,643.13818359375,0.49753594398498535,0.4417879581451416,0.43725308775901794,1,-64.82520294189453,32.939735412597656,644.92626953125,0.6362475156784058,0.43761223554611206,0.4483959674835205,60991555448,2087753052
5,3,1,2.33843994140625,1,2.4671783447265625,1,0.3685322701931,0.3783901631832123,-44.21464538574219,121.42700958251953,33.5540885925293,1,0.25011932849884033,0.34751617908477783,-85.04985809326172,127.0547866821289,35.6024055480957,1,1.7607660293579102,30.746612548828125,643.138671875,0.4975389540195465,0.44205397367477417,0.437236487865448,1,-64.82598876953125,32.76433563232422,644.9146118164062,0.6362525224685669,0.43797409534454346,0.448345810174942,60991563781,2087761385
5,3,1,2.330108642578125,1,2.488616943359375,1,0.35473573207855225,0.3341212272644043,-48.972450256347656,129.4964599609375,36.4910888671875,1,0.24848486483097076,0.33943578600883484,-85.6135025024414,128.52772521972656,36.13847351074219,1,1.7534904479980469,30.86199951171875,643.1387329101562,0.4975539743900299,0.4418143332004547,0.437252402305603,1,-64.83221435546875,32.92765808105469,644.9132080078125,0.6362651586532593,0.4376354217529297,0.44836756587028503,60991572115,2087769719
5,3,1,2.3345489501953125,1,2.4657135009765625,1,0.36428388953208923,0.32385939359664917,-45.67972946166992,131.3670196533203,37.17188262939453,1,0.2386612594127655,0.3643820285797119,-89.00122833251953,123.98045349121094,34.4834098815918,1,1.742363691329956,30.8363037109375,643.2061767578125,0.4975776672363281,0.4418765902519226,0.4373951852321625,1,-64.842529296875,32.91016387939453,644.8988037109375,0.6362900733947754,0.43766966462135315,0.44833627343177795,60991580448,2087778052
5,3,1,2.329925537109375,1,2.462860107421875,1,0.35436320304870605,0.3545991778373718,-49.100914001464844,125.76367950439453,35.13253402709961,1,0.24609342217445374,0.3709609806537628,-86.438232421875,122.78123474121094,34.04691696166992,1,1.730411410331726,30.825984954833984,643.1953125,0.4976027011871338,0.44189655780792236,0.43737009167671204,1,-64.86309051513672,32.8963623046875,644.9655151367188,0.6363170742988586,0.43770742416381836,0.44848260283470154,60991588781,2087786385
5,3,1,2.364044189453125,1,2.4589385986328125,1,0.3593258261680603,0.41121140122413635,-47.3895378112793,115.44430541992188,31.376497268676758,1,0.2504492700099945,0.3409033417701721,-84.93608093261719,128.26019287109375,36.041133880615234,1,1.7084015607833862,30.996349334716797,643.0682983398438,0.49764764308929443,0.44152599573135376,0.4371179938316345,1,-64.88594055175781,32.987030029296875,644.9255981445312,0.6363736391067505,0.43751397728919983,0.4484144151210785,60991597114,2087794718
5,3,1,2.3076171875,1,2.466278076171875,1,0.35344475507736206,0.330763041973114,-49.41763687133789,130.1085968017578,36.71387481689453,1,0.2522934675216675,0.3708016276359558,-84.30010986328125,122.8102798461914,34.0575065612793,1,1.6882729530334473,30.854328155517578,643.21826171875,0.49769094586372375,0.44184064865112305,0.43742358684539795,1,-64.8958740234375,32.9080696105957,644.89990234375,0.636400580406189,0.43767404556274414,0.44834980368614197,60991605448,2087803052
5,3,1,2.3256072998046875,1,2.457244873046875,1,0.36136236786842346,0.36666926741600037,-46.68722152709961,123.56352996826172,34.33169174194336,1,0.2609885632991791,0.35364192724227905,-81.30157470703125,125.93818664550781,35.19600296020508,1,1.6665229797363281,30.99095344543457,643.1370849609375,0.4977357089519501,0.441546231508255,0.43726620078086853,1,-64.9296875,32.97198486328125,644.9054565429688,0.6364692449569702,0.4375423192977905,0.44837817549705505,60991613781,2087811385
5,3,1,2.3504486083984375,1,2.469512939453125,1,0.3649035394191742,0.38040247559547424,-45.466033935546875,121.06021881103516,33.4205207824707,1,0.25627416372299194,0.3508685529232025,-82.92735290527344,126.4437255859375,35.37998580932617,1,1.6491440534591675,30.969867706298828,643.1375732421875,0.49777206778526306,0.4415900409221649,0.43726420402526855,1,-64.95535278320312,32.95265197753906,644.9237060546875,0.6365183591842651,0.43758484721183777,0.4484202563762665,60991622114,2087819718
5,3,1,2.3553619384765625,1,2.4983367919921875,1,0.3614405691623688,0.3666890859603882,-46.660247802734375,123.5599136352539,34.33038330078125,1,0.27536389231681824,0.3792678117752075,-76.34416198730469,121.26704406738281,33.49584197998047,1,1.6348861455917358,30.919403076171875,643.1497192382812,0.49780210852622986,0.4416963756084442,0.43728360533714294,1,-64.97473907470703,32.93046569824219,644.919921875,0.6365596055984497,0.43763023614883423,0.44841307401657104,60991630448,2087828052
5,3,1,2.3508148193359375,1,2.4205169677734375,1,0.3654770851135254,0.37561479210853577,-45.268253326416016,121.93292236328125,33.73818588256836,1,0.23908568918704987,0.33876487612724304,-88.85486602783203,128.65000915527344,36.182987213134766,1,1.606879472732544,31.00552749633789,643.0682373046875,0.49786004424095154,0.4415067434310913,0.4371185302734375,1,-64.99449157714844,32.98604965209961,645.0322265625,0.6365737915039062,0.4375305473804474,0.4486677050590515,60991638781,2087836385
5,3,1,2.347900390625,1,2.427642822265625,1,0.3648841381072998,0.3708728551864624,-45.47272872924805,122.79728698730469,34.05280303955078,1,0.24417759478092194,0.36174535751342773,-87.0988998413086,124.46107482910156,34.65835189819336,1,1.5953974723815918,30.890321731567383,643.1611328125,0.4978848397731781,0.4417582154273987,0.4373040199279785,1,-65.00825500488281,32.92274475097656,644.9725341796875,0.6366167664527893,0.43765345215797424,0.44853276014328003,60991647114,2087844718
5,3,1,2.32940673828125,1,2.4342193603515625,1,0.3689935803413391,0.365100234746933,-44.055572509765625,123.84954071044922,34.43577575683594,1,0.25525200366973877,0.3312227725982666,-83.27984619140625,130.0247802734375,36.68339920043945,1,1.578446626663208,30.982742309570312,643.1029663085938,0.49791979789733887,0.4415585994720459,0.43719059228897095,1,-65.03162384033203,32.956966400146484,645.0609130859375,0.6366442441940308,0.4375946521759033,0.44873350858688354,60991655448,2087853052
5,3,1,2.3382568359375,1,2.4850006103515625,1,0.3558862507343292,0.36443930864334106,-48.575687408447266,123.97000885009766,34.479644775390625,1,0.24624983966350555,0.36040613055229187,-86.38427734375,124.7051773071289,34.74724578857422,1,1.5671608448028564,30.92318344116211,643.1038818359375,0.49794358015060425,0.4416823387145996,0.43718433380126953,1,-65.04071044921875,32.92831802368164,644.9884033203125,0.6366804242134094,0.43764400482177734,0.44857484102249146,60991663781,2087861385
5,3,1,2.3502197265625,1,2.4564666748046875,1,0.36430007219314575,0.3771248757839203,-45.67414474487305,121.65766906738281,33.63798904418945,1,0.2477598786354065,0.34476372599601746,-85.86353302001953,127.55652618408203,35.784996032714844,1,1.555334448814392,30.916580200195312,643.0927734375,0.49796825647354126,0.4416945278644562,0.43715912103652954,1,-65.05855560302734,32.924072265625,644.9735107421875,0.6367210149765015,0.4376507103443146,0.448545902967453,60991672118,2087869722
5,3,1,2.30218505859375,1,2.4517059326171875,1,0.34987786412239075,0.35332590341567993,-50.647705078125,125.99578857421875,35.21693420410156,1,0.2487243413925171,0.3485124409198761,-85.53092956542969,126.87319946289062,35.536312103271484,1,1.5353081226348877,30.968040466308594,643.0692749023438,0.49800994992256165,0.4415845572948456,0.43711522221565247,1,-65.08098602294922,32.935791015625,644.9219970703125,0.6367797255516052,0.43761926889419556,0.44844120740890503,60991680452,2087878056
2,3,1,2.3235626220703125,1,2.447418212890625,1,0.3361499011516571,0.34533071517944336,-55.38185501098633,127.45318603515625,35.74734115600586,1,0.23753352463245392,0.36671918630599976,-89.39013671875,123.55443572998047,34.328365325927734,1,1.4779938459396362,30.833187103271484,643.0923461914062,0.49813029170036316,0.44186750054359436,0.43714639544487,1,-65.13356018066406,32.85578918457031,644.9118041992188,0.6368916630744934,0.4377835690975189,0.44841906428337097,60991688785,2087886389
2,3,1,2.3131561279296875,1,2.437652587890625,1,0.3401540517807007,0.366680383682251,-54.001007080078125,123.56150817871094,34.330955505371094,1,0.22843974828720093,0.3415336012840271,-92.52616119384766,128.14529418945312,35.99934387207031,1,1.4379658699035645,31.00597381591797,642.9430541992188,0.4982129633426666,0.4414888620376587,0.43684613704681396,1,-65.17013549804688,32.9852409362793,644.97509765625,0.6369521021842957,0.4375239312648773,0.448582261800766,60991697118,2087894722
2,3,1,2.311004638671875,1,2.4635009765625,1,0.3464367985725403,0.3469339907169342,-51.83436584472656,127.1609115600586,35.64105224609375,1,0.22566616535186768,0.3616783022880554,-93.48265075683594,124.4732894897461,34.662837982177734,1,1.4292874336242676,30.83978271484375,643.05908203125,0.49823200702667236,0.44184932112693787,0.4370748698711395,1,-65.15425109863281,32.83654022216797,644.7437744140625,0.6369746327400208,0.43780022859573364,0.448058158159256,60991705452,2087903056
2,3,1,2.3387298583984375,1,2.4420013427734375,1,0.34165433049201965,0.38072147965431213,-53.48362350463867,121.00206756591797,33.39937973022461,1,0.22979524731636047,0.3347848951816559,-92.05872344970703,129.37548828125,36.4470329284668,1,1.4307295083999634,30.988399505615234,642.98876953125,0.4982283413410187,0.4415314197540283,0.43694284558296204,1,-65.17347717285156,32.95028305053711,644.9388427734375,0.6369678378105164,0.4375913739204407,0.44849973917007446,60991713785,2087911389
2,3,1,2.3099212646484375,1,2.46966552734375,1,0.3363269567489624,0.3673545718193054,-55.32079315185547,123.4386215209961,34.28618240356445,1,0.2380380630493164,0.3528708815574646,-89.21614837646484,126.07874298095703,35.247108459472656,1,1.4326227903366089,30.98349380493164,643.02392578125,0.4982246160507202,0.4415462613105774,0.437018483877182,1,-65.17893981933594,32.94647979736328,644.9495239257812,0.6369765996932983,0.4376007318496704,0.4485233426094055,60991722118,2087919722
2,3,1,2.3376617431640625,1,2.43035888671875,1,0.3387262523174286,0.3603576421737671,-54.493385314941406,124.71404266357422,34.75041961669922,1,0.22851267457008362,0.3511463403701782,-92.50101470947266,126.39308166503906,35.36155319213867,1,1.4329981803894043,30.887624740600586,643.0814208984375,0.49822428822517395,0.44175294041633606,0.437129944562912,1,-65.16383361816406,32.87818908691406,644.7301635742188,0.6369975805282593,0.4377119839191437,0.448036789894104,60991730452,2087928056
2,3,1,2.3179473876953125,1,2.4388580322265625,1,0.34168872237205505,0.342072069644928,-53.47174835205078,128.04714965820312,35.96360397338867,1,0.22598060965538025,0.36222711205482483,-93.37421417236328,124.37326049804688,34.626399993896484,1,1.4229142665863037,31.022695541381836,642.9202270507812,0.4982443153858185,0.4414510726928711,0.43679890036582947,1,-65.17073059082031,33.00537872314453,644.8565673828125,0.6369813680648804,0.4374658167362213,0.448329359292984,60991738785,2087936389
2,3,1,2.3339385986328125,1,2.45782470703125,1,0.33230501413345337,0.3606201410293579,-56.7077751159668,124.66618347167969,34.73299789428711,1,0.24309682846069336,0.36384695768356323,-87.47161102294922,124.0779800415039,34.518924713134766,1,1.439220905303955,30.890241622924805,643.0810546875,0.4982112646102905,0.4417474865913391,0.43712955713272095,1,-65.15878295898438,32.88166046142578,644.7308349609375,0.6369869112968445,0.437704861164093,0.44803759455680847,60991747118,2087944722
2,3,1,2.2950897216796875,1,2.4337310791015625,1,0.3421551585197449,0.3417491316795349,-53.3109130859375,128.1060333251953,35.98501968383789,1,0.23051448166370392,0.34818974137306213,-91.81068420410156,126.93202209472656,35.55769729614258,1,1.4427223205566406,31.006267547607422,642.87451171875,0.4982026517391205,0.44147923588752747,0.43669751286506653,1,-65.17219543457031,32.9838981628418,644.9151611328125,0.6369706988334656,0.43751847743988037,0.4484531581401825,60991755452,2087953056
2,3,1,2.313201904296875,1,2.4529571533203125,1,0.33662354946136475,0.3661094307899475,-55.2185173034668,123.66558074951172,34.36882400512695,1,0.23890607059001923,0.3324054479598999,-88.91682434082031,129.80923461914062,36.604896545410156,1,1.453261137008667,30.992212295532227,642.9317626953125,0.49818089604377747,0.4415160119533539,0.436819851398468,1,-65.16978454589844,32.959869384765625,644.9400024414062,0.6369598507881165,0.4375716745853424,0.448502779006958,60991763785,2087961389
2,3,1,2.293121337890625,1,2.4532012939453125,1,0.3453003764152527,0.34916093945503235,-52.22626495361328,126.75496673583984,35.49331283569336,1,0.23972253501415253,0.34593555331230164,-88.63524627685547,127.34290313720703,35.70729064941406,1,1.4606891870498657,30.923341751098633,643.0473022460938,0.4981660842895508,0.4416743218898773,0.4370609521865845,1,-65.14796447753906,32.92182540893555,644.873291015625,0.6369304656982422,0.43764132261276245,0.44834861159324646,60991772118,2087969722
2,3,1,2.3216552734375,1,2.4499053955078125,1,0.3400126099586487,0.34849488735198975,-54.049774169921875,126.87639617919922,35.537471771240234,1,0.23977695405483246,0.3683949410915375,-88.6164779663086,123.24897003173828,34.21718215942383,1,1.4802378416061401,31.014129638671875,642.9541625976562,0.49812451004981995,0.44147348403930664,0.43687161803245544,1,-65.15323638916016,33.00886917114258,644.883544921875,0.6369386911392212,0.43746235966682434,0.44838443398475647,60991780453,2087978056
2,3,1,2.277679443359375,1,2.44732666015625,1,0.3537406325340271,0.300073504447937,-49.315608978271484,135.7027587890625,38.750003814697266,1,0.22567914426326752,0.34869885444641113,-93.4781723022461,126.83922576904297,35.523921966552734,1,1.4867722988128662,30.88125991821289,643.0474853515625,0.4981115758419037,0.4417617917060852,0.437055766582489,1,-65.13040161132812,32.91417694091797,644.9248046875,0.6368818283081055,0.43766435980796814,0.448454886674881,60991788786,2087986389
2,3,1,2.3265380859375,1,2.4402008056640625,1,0.33060696721076965,0.38339507579803467,-57.293365478515625,120.51470947265625,33.22203826904297,1,0.23367980122566223,0.337971031665802,-90.71910858154297,128.79469299316406,36.2357292175293,1,1.5014262199401855,30.951019287109375,642.9553833007812,0.4980802834033966,0.44160476326942444,0.4368656277656555,1,-65.1219253540039,32.93836975097656,644.902099609375,0.636869490146637,0.43761110305786133,0.44840750098228455,60991797119,2087994722
2,3,1,2.3571014404296875,1,2.44866943359375,1,0.3436588644981384,0.3713017702102661,-52.79235076904297,122.7191162109375,34.02430725097656,1,0.23455005884170532,0.332368403673172,-90.41901397705078,129.81600952148438,36.60733413696289,1,1.5141146183013916,30.900569915771484,643.0020751953125,0.49805405735969543,0.4417157471179962,0.43695998191833496,1,-65.11087036132812,32.924644470214844,644.9041748046875,0.636846125125885,0.43763983249664307,0.4484076499938965,60991805455,2088003058
2,3,1,2.3365325927734375,1,2.4448394775390625,1,0.34628456830978394,0.3432430028915405,-51.886871337890625,127.83373260498047,35.8858757019043,1,0.22319574654102325,0.36528468132019043,-94.33457946777344,123.81591796875,34.42351150512695,1,1.5365338325500488,30.82391357421875,643.115234375,0.49800795316696167,0.4418899118900299,0.4371950924396515,1,-65.09086608886719,32.88629150390625,644.9556884765625,0.6367925405502319,0.4377264380455017,0.44850900769233704,60991813788,2088011391
2,3,1,2.3188018798828125,1,2.43719482421875,1,0.34570252895355225,0.34622272849082947,-52.087581634521484,127.29057312011719,35.688232421875,1,0.2273702323436737,0.35782575607299805,-92.8949966430664,125.17554473876953,34.91840744018555,1,1.5443201065063477,30.857192993164062,643.1160888671875,0.4979915916919708,0.4418209493160248,0.437201589345932,1,-65.08578491210938,32.91825485229492,644.9560546875,0.6367817521095276,0.4376603066921234,0.4485132694244385,60991822121,2088019724
2,3,1,2.2592315673828125,1,2.4362640380859375,1,0.34902751445770264,0.324239581823349,-50.94093704223633,131.29771423339844,37.14668273925781,1,0.22761018574237823,0.3527035713195801,-92.81224822998047,126.10922241210938,35.25825119018555,1,1.5503573417663574,30.809350967407227,643.137939453125,0.49797913432121277,0.4419231712818146,0.437242329120636,1,-65.07844543457031,32.83628463745117,645.0054931640625,0.6367551684379578,0.43783700466156006,0.4486066699028015,60991830455,2088028058
2,3,1,2.31982421875,1,2.4487457275390625,1,0.34506461024284363,0.343088299036026,-52.30757522583008,127.86192321777344,35.896156311035156,1,0.2268272489309311,0.3843044340610504,-93.0822525024414,120.34896087646484,33.16168212890625,1,1.5537750720977783,30.82036590576172,643.172119140625,0.4979721009731293,0.44190478324890137,0.43731796741485596,1,-65.07185363769531,32.886634826660156,645.0528564453125,0.6367300748825073,0.43773919343948364,0.4487146735191345,60991838788,2088036391
2,3,1,2.31597900390625,1,2.4579925537109375,1,0.35885611176490784,0.3393416702747345,-47.551513671875,128.54489135742188,36.14469909667969,1,0.22718121111392975,0.3725942373275757,-92.9601821899414,122.48352813720703,33.938568115234375,1,1.5588852167129517,30.824594497680664,643.1727294921875,0.4979614317417145,0.44189611077308655,0.43731993436813354,1,-65.06875610351562,32.901336669921875,645.065185546875,0.636720597743988,0.4377104341983795,0.4487428069114685,60991847121,2088044724
2,3,1,2.35968017578125,1,2.44073486328125,1,0.34623223543167114,0.3929097652435303,-51.9049186706543,118.7803726196289,32.59075164794922,1,0.23012706637382507,0.3343398869037628,-91.94429779052734,129.4565887451172,36.47662353515625,1,1.5592756271362305,30.760515213012695,643.2080078125,0.4979608952999115,0.4420337975025177,0.43738773465156555,1,-65.0613784790039,32.7661247253418,644.98583984375,0.6367246508598328,0.43797963857650757,0.44855040311813354,60991855455,2088053058
2,3,1,2.32568359375,1,2.4806365966796875,1,0.35433122515678406,0.3303541839122772,-49.11193084716797,130.18312072753906,36.74101638793945,1,0.22348637878894806,0.34448549151420593,-94.2343521118164,127.60723114013672,35.80347442626953,1,1.5595414638519287,30.83934783935547,643.2069702148438,0.49796023964881897,0.4418700039386749,0.437396377325058,1,-65.06123352050781,32.91532897949219,644.9847412109375,0.6367239952087402,0.43767037987709045,0.44856953620910645,60991863788,2088061391
2,3,1,2.3388824462890625,1,2.4101715087890625,1,0.3590930998325348,0.37312307953834534,-47.46979522705078,122.38711547851562,33.90350341796875,1,0.2365139126777649,0.34508204460144043,-89.74175262451172,127.49848175048828,35.7639045715332,1,1.553767442703247,30.817617416381836,643.1948852539062,0.4979722797870636,0.44191354513168335,0.4373670518398285,1,-65.07577514648438,32.86747741699219,645.0856323242188,0.6367304921150208,0.4377833902835846,0.4487835466861725,60991872121,2088069724
2,3,1,2.3290557861328125,1,2.43646240234375,1,0.34775295853614807,0.36987242102622986,-51.3804817199707,122.97966003417969,34.11915969848633,1,0.235160231590271,0.3706957697868347,-90.20858001708984,122.82958221435547,34.06450271606445,1,1.5449163913726807,30.81920623779297,643.1953125,0.49799081683158875,0.4419102966785431,0.43736812472343445,1,-65.08819580078125,32.87266540527344,645.084228515625,0.6367565989494324,0.43777239322662354,0.4487839341163635,60991880455,2088078058
2,3,1,2.3045806884765625,1,2.444732666015625,1,0.3404288589954376,0.3567741811275482,-53.90623474121094,125.36721801757812,34.98822021484375,1,0.2319963276386261,0.3187532126903534,-91.2996826171875,132.29779052734375,37.51066970825195,1,1.526334524154663,30.92255401611328,643.2184448242188,0.4980296194553375,0.44169872999191284,0.43743258714675903,1,-65.1104507446289,32.94535827636719,645.033203125,0.6368145942687988,0.4376147389411926,0.4486890733242035,60991888788,2088086391
2,3,1,2.3327484130859375,1,2.440185546875,1,0.341230571269989,0.37390244007110596,-53.629756927490234,122.24505615234375,33.8517951965332,1,0.2321198731660843,0.35043150186538696,-91.25706481933594,126.52336883544922,35.40900421142578,1,1.5136351585388184,30.827306747436523,643.320556640625,0.49805688858032227,0.44190990924835205,0.4376407861709595,1,-65.13800811767578,32.85462951660156,645.1223754882812,0.6368510723114014,0.43781495094299316,0.44887444376945496,60991897121,2088094724
2,3,1,2.359161376953125,1,2.4322967529296875,1,0.34151628613471985,0.3929860293865204,-53.531219482421875,118.76644897460938,32.585689544677734,1,0.23856164515018463,0.33362293243408203,-89.03559875488281,129.58729553222656,36.52416229248047,1,1.4786083698272705,30.96442413330078,643.2294311523438,0.4981294572353363,0.44161316752433777,0.4374619126319885,1,-65.17152404785156,32.96118927001953,645.116943359375,0.6369215250015259,0.43759340047836304,0.4488851726055145,60991905455,2088103058
2,3,1,2.32086181640625,1,2.4323883056640625,1,0.3490658700466156,0.34799760580062866,-50.92771530151367,126.967041015625,35.57047653198242,1,0.2381793111562729,0.3568671941757202,-89.16742706298828,125.35027313232422,34.98198699951172,1,1.4519693851470947,30.87781524658203,643.3330078125,0.4981858432292938,0.4418065547943115,0.43767449259757996,1,-65.17947387695312,32.91846466064453,644.9962768554688,0.6369667649269104,0.4376652240753174,0.44862034916877747,60991913788,2088111391
2,3,1,2.3072509765625,1,2.4157257080078125,1,0.34839606285095215,0.34840768575668335,-51.15870666503906,126.89229583740234,35.54325866699219,1,0.22698098421096802,0.34397029876708984,-93.02923583984375,127.70113372802734,35.83769989013672,1,1.4258511066436768,30.892154693603516,643.287109375,0.49824023246765137,0.4417707026004791,0.4375768303871155,1,-65.2060546875,32.914798736572266,644.9552612304688,0.6370317935943604,0.4376671016216278,0.44853702187538147,60991922121,2088119724
2,3,1,2.3368988037109375,1,2.4546661376953125,1,0.3435342609882355,0.38611090183258057,-52.83531951904297,120.01966094970703,33.04184341430664,1,0.23122018575668335,0.3348477780818939,-91.56732940673828,129.364013671875,36.44291305541992,1,1.3910400867462158,30.953475952148438,643.2181396484375,0.4983125925064087,0.4416342079639435,0.437435507774353,1,-65.2315902709961,32.931480407714844,644.971923828125,0.637080729007721,0.43763476610183716,0.44858092069625854,60991930459,2088128062
2,3,1,2.3030242919921875,1,2.453704833984375,1,0.3536398410797119,0.3168983459472656,-49.350372314453125,132.63587951660156,37.63372802734375,1,0.23197440803050995,0.35365673899650574,-91.3072280883789,125.93551635742188,35.19493103027344,1,1.3548027276992798,30.848846435546875,643.21875,0.4983886778354645,0.4418514370918274,0.43742212653160095,1,-65.28401947021484,32.88927459716797,645.176513671875,0.637141227722168,0.43775033950805664,0.4490276873111725,60991938792,2088136395
2,3,1,2.37542724609375,1,2.4580535888671875,1,0.3511557877063751,0.39099591970443726,-50.207008361816406,119.12921905517578,32.717708587646484,1,0.24371647834777832,0.3640504777431488,-87.25791931152344,124.0409164428711,34.50535583496094,1,1.3310093879699707,30.91690444946289,643.21923828125,0.49843829870224,0.44171014428138733,0.43743258714675903,1,-65.31608581542969,32.9180908203125,645.14501953125,0.6372151374816895,0.4376862645149231,0.44897088408470154,60991947125,2088144728
2,3,1,2.332244873046875,1,2.437042236328125,1,0.3506248891353607,0.3327803313732147,-50.39008331298828,129.7408905029297,36.58002471923828,1,0.23794353008270264,0.3565763235092163,-89.2487564086914,125.4032974243164,35.00129318237305,1,1.298754334449768,30.87936019897461,643.2418212890625,0.49850592017173767,0.44179099798202515,0.437476247549057,1,-65.35555267333984,32.875831604003906,645.1143798828125,0.6373046040534973,0.43776947259902954,0.44890719652175903,60991955459,2088153062
2,3,1,2.243377685546875,1,2.4183502197265625,1,0.341976135969162,0.2892017662525177,-53.372642517089844,137.68446350097656,39.471317291259766,1,0.22793269157409668,0.3398302495479584,-92.7010269165039,128.45582580566406,36.11229705810547,1,1.2608150243759155,30.869749069213867,643.276123046875,0.49858546257019043,0.44181540608406067,0.43754908442497253,1,-65.37857055664062,32.83263397216797,645.0037841796875,0.6373788714408875,0.4378436803817749,0.4486673176288605,60991963792,2088161395
2,3,1,2.296630859375,1,2.4409637451171875,1,0.3552483916282654,0.3525006175041199,-48.795658111572266,126.14623260498047,35.271690368652344,1,0.23387865722179413,0.3372669517993927,-90.65052032470703,128.92303466796875,36.28241729736328,1,1.2246659994125366,30.925458908081055,643.253173828125,0.4986608922481537,0.4416966736316681,0.43750691413879395,1,-65.39303588867188,32.849613189697266,644.8015747070312,0.6374569535255432,0.43778061866760254,0.448236346244812,60991972125,2088169728
2,3,1,2.319244384765625,1,2.417388916015625,1,0.34423014521598816,0.34267792105674744,-52.5953369140625,127.93672180175781,35.923397064208984,1,0.21530193090438843,0.3229112923145294,-97.05680847167969,131.5398406982422,37.23481750488281,1,1.1941927671432495,30.877643585205078,643.2191772460938,0.4987245798110962,0.4417913854122162,0.43742635846138,1,-65.44776916503906,32.81989669799805,645.10693359375,0.6374980211257935,0.437884122133255,0.44890308380126953,60991980459,2088178062
2,3,1,2.328704833984375,1,2.4622650146484375,1,0.3472842574119568,0.3750952482223511,-51.54212188720703,122.02762603759766,33.77263259887695,1,0.22194308042526245,0.362629771232605,-94.7665786743164,124.29986572265625,34.59967041015625,1,1.164788842201233,30.940656661987305,643.1842041015625,0.4987858533859253,0.4416559040546417,0.437359094619751,1,-65.48152160644531,32.87074661254883,645.0889892578125,0.6375722289085388,0.43777623772621155,0.4488789439201355,60991988792,2088186395
2,3,1,2.2975006103515625,1,2.4027862548828125,1,0.3485375642776489,0.341437965631485,-51.10990905761719,128.1627655029297,36.00560760498047,1,0.2319917380809784,0.3558626174926758,-91.30123901367188,125.53339385986328,35.04864501953125,1,1.1385295391082764,30.937068939208984,643.161865234375,0.4988407492637634,0.4416603446006775,0.43730998039245605,1,-65.50952911376953,32.858001708984375,645.10595703125,0.6376263499259949,0.4378049373626709,0.44891980290412903,60991997125,2088194728
5,4,1,2.2675323486328125,1,2.453857421875,1,0.347476065158844,0.3336741626262665,-51.475982666015625,129.57794189453125,36.5207633972168,1,0.21153144538402557,0.35917913913726807,-98.3570785522461,124.92887115478516,34.82857894897461,1,1.1147007942199707,30.96572494506836,643.138671875,0.4988904297351837,0.44159775972366333,0.43726369738578796,1,-65.53419494628906,32.868587493896484,645.0540771484375,0.6376898884773254,0.43777579069137573,0.44881471991539,60992005459,2088203062
5,4,1,2.313140869140625,1,2.43560791015625,1,0.3446570336818695,0.3853985667228699,-52.44813919067383,120.14952087402344,33.08907699584961,1,0.2336208075284958,0.3459685742855072,-90.73945617675781,127.3369140625,35.705074310302734,1,1.0929492712020874,30.995258331298828,643.1268310546875,0.4989358186721802,0.4415348172187805,0.43724194169044495,1,-65.55458068847656,32.88190460205078,644.9562377929688,0.6377554535865784,0.4377346634864807,0.448609858751297,60992013792,2088211395
5,4,1,2.3417510986328125,1,2.427825927734375,1,0.34502944350242615,0.4046148657798767,-52.31970977783203,116.6467056274414,31.814207077026367,1,0.23062355816364288,0.36040621995925903,-91.7730712890625,124.70516204833984,34.747222900390625,1,1.0734814405441284,30.977766036987305,643.047119140625,0.49897634983062744,0.4415605664253235,0.43706652522087097,1,-65.56853485107422,32.85481643676758,644.83447265625,0.6378135681152344,0.43777400255203247,0.44834622740745544,60992022125,2088219728
5,4,1,2.2686767578125,1,2.4538116455078125,1,0.32846909761428833,0.36052677035331726,-58.030601501464844,124.6832046508789,34.739173889160156,1,0.2102368026971817,0.3435761630535126,-98.80353546142578,127.77299499511719,35.86381149291992,1,1.015493392944336,31.007165908813477,643.0234375,0.4990975856781006,0.44149625301361084,0.437019020318985,1,-65.62926483154297,32.90397644042969,645.0701904296875,0.6378833651542664,0.43770453333854675,0.44887521862983704,60992030459,2088228062
5,4,1,2.3218994140625,1,2.46038818359375,1,0.29468122124671936,0.32855135202407837,-69.68250274658203,130.51174926757812,36.86062240600586,1,0.15860171616077423,0.31371477246284485,-116.61011505126953,133.21617126464844,37.84497833251953,1,0.8705546855926514,31.031475067138672,643.1825561523438,0.499401330947876,0.4414665400981903,0.4373670518398285,1,-65.75605773925781,32.924583435058594,645.38525390625,0.6380712389945984,0.43770501017570496,0.44958576560020447,60992038792,2088236395
5,4,1,2.2563323974609375,1,2.458465576171875,1,0.2786356508731842,0.2798478305339813,-75.21588897705078,139.38954162597656,40.09183883666992,1,0.13826462626457214,0.2768254578113556,-123.62344360351562,139.94046020507812,40.292354583740234,1,0.710629403591156,31.043540954589844,643.20556640625,0.499735951423645,0.4414442479610443,0.43741825222969055,1,-65.86825561523438,32.9651985168457,645.641845703125,0.6382425427436829,0.43765610456466675,0.4501698315143585,60992047125,2088244728
5,4,1,2.250274658203125,1,2.4164276123046875,1,0.25213074684143066,0.20856571197509766,-84.35623168945312,152.38299560546875,44.821083068847656,1,0.13004614412784576,0.2529439330101013,-126.45763397216797,144.29364013671875,41.87681579589844,1,0.6355834007263184,31.078981399536133,643.1375732421875,0.4998927712440491,0.4413614571094513,0.4372754991054535,1,-65.91159057617188,32.988548278808594,645.741943359375,0.6383084058761597,0.43762147426605225,0.45039859414100647,60992055459,2088253062
5,4,1,2.3030242919921875,1,2.431396484375,1,0.261891633272171,0.2709847092628479,-80.99014282226562,141.00511169433594,40.6799201965332,1,0.12391578406095505,0.24080541729927063,-128.57171630859375,146.50625610351562,42.68215560913086,1,0.6127492785453796,31.10136604309082,643.171875,0.49994057416915894,0.4413195252418518,0.4373529851436615,1,-65.8997802734375,32.97312927246094,645.507568359375,0.6383399963378906,0.4376210868358612,0.4498880207538605,60992063794,2088261397
5,4,1,2.297943115234375,1,2.4433135986328125,1,0.25710511207580566,0.27308711409568787,-82.64079284667969,140.62188720703125,40.5403938293457,1,0.13984227180480957,0.24285538494586945,-123.07938385009766,146.13259887695312,42.54612731933594,1,0.6156860589981079,31.10650062561035,643.0919189453125,0.49993425607681274,0.441298246383667,0.43718022108078003,1,-65.92256927490234,32.983726501464844,645.714111328125,0.6383378505706787,0.4376275837421417,0.450340211391449,60992072127,2088269730
5,4,1,2.202056884765625,1,2.4074859619140625,1,0.2552356421947479,0.1855292171239853,-83.28548431396484,156.58212280273438,46.34946060180664,1,0.13569962978363037,0.2504323720932007,-124.50800323486328,144.75143432617188,42.04346466064453,1,0.6180464029312134,31.083526611328125,643.092041015625,0.49992942810058594,0.4413459599018097,0.43717730045318604,1,-65.95724487304688,32.96672821044922,645.8734741210938,0.6383717060089111,0.43768468499183655,0.45068928599357605,60992080461,2088278064
5,4,1,2.24517822265625,1,2.4638671875,1,0.2613717317581177,0.2204543501138687,-81.16943359375,150.2158966064453,44.032352447509766,1,0.14548040926456451,0.28456276655197144,-121.13505554199219,138.53005981445312,39.7790641784668,1,0.6151122450828552,31.083633422851562,643.103271484375,0.4999355375766754,0.44134724140167236,0.43720173835754395,1,-65.97898864746094,32.959930419921875,645.9398803710938,0.6384009122848511,0.4377078711986542,0.45083630084991455,60992088794,2088286397
5,4,1,2.1008453369140625,1,2.4342498779296875,1,0.26016703248023987,0.11037938296794891,-81.58487701416016,170.28060913085938,51.33527755737305,1,0.1325562298297882,0.2601422667503357,-125.5920181274414,142.9814910888672,41.399269104003906,1,0.6150845289230347,31.080625534057617,643.0805053710938,0.4999355673789978,0.44135046005249023,0.4371519684791565,1,-65.9858169555664,32.955989837646484,645.901611328125,0.638424277305603,0.4377107322216034,0.45075470209121704,60992097127,2088294730
5,4,1,2.0729522705078125,1,2.43499755859375,1,0.25396034121513367,0.09797274321317673,-83.72527313232422,172.54209899902344,52.15841293334961,1,0.1348671019077301,0.2655225396156311,-124.79510498046875,142.00079345703125,41.04222869873047,1,0.6125197410583496,31.079612731933594,643.057373046875,0.4999408721923828,0.44134947657585144,0.4371015429496765,1,-66.00361633300781,32.96659851074219,645.9912719726562,0.6384397149085999,0.43770110607147217,0.4509536027908325,60992105460,2088303063
5,4,1,2.0951385498046875,1,2.42828369140625,1,0.254427433013916,0.09656506776809692,-83.56420135498047,172.7987060546875,52.251808166503906,1,0.1387331187725067,0.26483631134033203,-123.46188354492188,142.1258544921875,41.08786392211914,1,0.6131161451339722,31.07707977294922,643.0687866210938,0.4999397099018097,0.4413563013076782,0.43712595105171204,1,-66.00808715820312,32.970306396484375,646.0401000976562,0.6384372711181641,0.43770015239715576,0.45106056332588196,60992113794,2088311397
5,4,1,2.0714874267578125,1,2.4721832275390625,1,0.2499084323644638,0.09641607105731964,-85.12258911132812,172.8258514404297,52.261688232421875,1,0.14098124206066132,0.28989872336387634,-122.68661499023438,137.5574188232422,39.42506408691406,1,0.6148947477340698,31.073623657226562,643.080322265625,0.49993595480918884,0.44136500358581543,0.4371505081653595,1,-66.00956726074219,32.96822738647461,646.0156860351562,0.6384462118148804,0.4377010762691498,0.45100775361061096,60992122127,2088319730
5,4,1,2.1896514892578125,1,2.4207611083984375,1,0.25413936376571655,0.17647995054721832,-83.66354370117188,158.23165893554688,46.9498176574707,1,0.12807193398475647,0.2804238498210907,-127.1384506225586,139.28453063964844,40.05366134643555,1,0.6130365133285522,31.080982208251953,643.0690307617188,0.49993979930877686,0.44134819507598877,0.437127023935318,1,-66.01203918457031,32.976409912109375,646.0970458984375,0.6384318470954895,0.43769535422325134,0.4511851370334625,60992130461,2088328064
5,4,1,2.2907867431640625,1,2.4424896240234375,1,0.26214829087257385,0.250847190618515,-80.9016342163086,144.6758575439453,42.0158805847168,1,0.12727031111717224,0.26930660009384155,-127.41488647460938,141.31100463867188,40.79122543334961,1,0.6112801432609558,31.08546257019043,643.0807495117188,0.49994349479675293,0.44134044647216797,0.437153160572052,1,-65.98715209960938,32.954559326171875,645.32080078125,0.6385661363601685,0.43763360381126404,0.4495013654232025,60992138794,2088336397
5,4,1,2.308197021484375,1,2.4160614013671875,1,0.2670387923717499,0.29565542936325073,-79.21511840820312,136.50808715820312,39.04313659667969,1,0.13493655622005463,0.26645421981811523,-124.77115631103516,141.83094787597656,40.98048400878906,1,0.6051817536354065,31.109989166259766,643.0806884765625,0.49995625019073486,0.441289484500885,0.4371563494205475,1,-65.99577331542969,32.964420318603516,645.2955322265625,0.6385900378227234,0.4376096725463867,0.44945016503334045,60992147127,2088344730
5,4,1,2.231964111328125,1,2.422607421875,1,0.26422134041786194,0.22143791615962982,-80.18672943115234,150.03662109375,43.96704864501953,1,0.13320955634117126,0.2609843909740448,-125.36671447753906,142.8280029296875,41.34334182739258,1,0.6008541584014893,31.125232696533203,643.0689086914062,0.49996522068977356,0.4412562847137451,0.437132865190506,1,-66.01271057128906,32.97979736328125,645.38623046875,0.6386033892631531,0.4375903010368347,0.44965168833732605,60992155460,2088353063
5,4,1,2.272064208984375,1,2.433685302734375,1,0.2521667182445526,0.2764059901237488,-84.34381866455078,140.01690673828125,40.32024383544922,1,0.1409335732460022,0.24755796790122986,-122.70305633544922,145.275390625,42.23414993286133,1,0.595172107219696,31.165157318115234,643.010986328125,0.4999769628047943,0.44116565585136414,0.43701279163360596,1,-66.02125549316406,33.00643539428711,645.3602294921875,0.6386272311210632,0.4375315010547638,0.44960129261016846,60992163794,2088361397
5,4,1,2.2368621826171875,1,2.433013916015625,1,0.24978062510490417,0.2568804919719696,-85.16667175292969,143.57606506347656,41.615657806396484,1,0.13867402076721191,0.2568293809890747,-123.48226928710938,143.5853729248047,41.61906051635742,1,0.5890384912490845,31.178396224975586,643.0335083007812,0.499989777803421,0.44114112854003906,0.43706345558166504,1,-66.02391052246094,33.0107421875,645.2652587890625,0.638655424118042,0.4375094771385193,0.44939762353897095,60992172127,2088369730
5,4,1,2.28173828125,1,2.4294891357421875,1,0.2548348009586334,0.29565075039863586,-83.4237060546875,136.5089569091797,39.04337692260742,1,0.13989171385765076,0.2536415159702301,-123.06233978271484,144.16648864746094,41.830482482910156,1,0.5841601490974426,31.19260025024414,643.056396484375,0.5,0.4411146640777588,0.4371150732040405,1,-66.01069641113281,33.025146484375,645.733642578125,0.6385157108306885,0.4375443458557129,0.45040759444236755,60992180460,2088378063
5,4,1,2.2964019775390625,1,2.43853759765625,1,0.2523588538169861,0.2929978668689728,-84.27755737304688,136.9925079345703,39.219425201416016,1,0.13917601108551025,0.26634499430656433,-123.30915832519531,141.85086059570312,40.98773193359375,1,0.5769468545913696,31.21099090576172,643.033203125,0.5000150203704834,0.44107338786125183,0.43706730008125305,1,-66.00361633300781,33.045387268066406,645.5452880859375,0.6385461688041687,0.4374764859676361,0.450002521276474,60992188794,2088386397
5,4,1,2.1912994384765625,1,2.386444091796875,1,0.25486230850219727,0.20739668607711792,-83.41423034667969,152.59608459472656,44.898616790771484,1,0.1305643767118454,0.2679762542247772,-126.27891540527344,141.5535125732422,40.87950134277344,1,0.5720489025115967,31.21910285949707,643.0556030273438,0.5000252723693848,0.44105949997901917,0.4371170699596405,1,-65.99954223632812,33.053871154785156,645.48779296875,0.6385514140129089,0.43745097517967224,0.4498787224292755,60992197131,2088394734
5,4,1,2.352874755859375,1,2.435821533203125,1,0.27238309383392334,0.3046562373638153,-77.37210845947266,134.86740112304688,38.4459342956543,1,0.15015484392642975,0.25885775685310364,-119.5230484008789,143.21563720703125,41.4844856262207,1,0.6206016540527344,31.251510620117188,643.1812744140625,0.49992385506629944,0.4410090446472168,0.43739426136016846,1,-65.98236083984375,33.10735321044922,645.4910278320312,0.6385148167610168,0.43734070658683777,0.44988974928855896,60992205464,2088403067
5,4,1,2.2944793701171875,1,2.40948486328125,1,0.299695760011673,0.19917789101600647,-67.95320892333984,154.09420776367188,45.44390869140625,1,0.15839369595050812,0.21601855754852295,-116.68185424804688,151.0244903564453,44.32658004760742,1,0.6413798332214355,31.271251678466797,643.2615966796875,0.49988052248954773,0.44097885489463806,0.43757137656211853,1,-65.94477081298828,33.14092254638672,645.4519653320312,0.6384459137916565,0.43726587295532227,0.449802041053772,60992213798,2088411401
5,4,1,2.0889434814453125,1,2.4568939208984375,1,0.28263989090919495,0.06839172542095184,-73.83501434326172,177.9342041015625,54.12097930908203,1,0.15818914771080017,0.23088282346725464,-116.75238800048828,148.31495666503906,43.34048080444336,1,0.6246346235275269,31.278549194335938,643.29541015625,0.49991559982299805,0.4409680962562561,0.43764567375183105,1,-65.95404052734375,33.15046310424805,645.4964599609375,0.6384544968605042,0.43725231289863586,0.44990140199661255,60992222131,2088419734
5,4,1,2.2348175048828125,1,2.3701629638671875,1,0.2648804783821106,0.19079136848449707,-79.95941925048828,155.6229248046875,46.00033187866211,1,0.15408512949943542,0.19509072601795197,-118.16768646240234,154.8392333984375,45.715110778808594,1,0.6059768199920654,31.27863311767578,643.3184814453125,0.4999547302722931,0.4409709870815277,0.43769571185112,1,-65.97534942626953,33.143463134765625,645.504150390625,0.6384969353675842,0.43726781010627747,0.44992172718048096,60992230464,2088428067
5,4,1,2.2161102294921875,1,2.393096923828125,1,0.27231284976005554,0.1708415150642395,-77.39633178710938,159.25941467285156,47.32394790649414,1,0.16129928827285767,0.23527531325817108,-115.67985534667969,147.51431274414062,43.04905319213867,1,0.5953811407089233,31.268802642822266,643.3297729492188,0.49997690320014954,0.4409928619861603,0.43771880865097046,1,-65.99349975585938,33.098472595214844,645.5250244140625,0.6385297179222107,0.43736380338668823,0.44996416568756104,60992238798,2088436401
5,4,1,2.2746734619140625,1,2.412811279296875,1,0.2840256094932556,0.2360505312681198,-73.3571548461914,147.37298583984375,42.99761962890625,1,0.15921196341514587,0.24178406596183777,-116.39968872070312,146.32786560058594,42.61724853515625,1,0.5879031419754028,31.260990142822266,643.2611083984375,0.49999240040779114,0.44099992513656616,0.437568724155426,1,-66.01066589355469,33.081825256347656,645.5792846679688,0.6385524868965149,0.4374057650566101,0.4500826597213745,60992247131,2088444734
5,4,1,2.3187713623046875,1,2.428253173828125,1,0.28005942702293396,0.24523906409740448,-74.72488403320312,145.69808959960938,42.387996673583984,1,0.15330670773983002,0.2267581671476364,-118.4361343383789,149.0668182373047,43.614166259765625,1,0.575512170791626,31.25231170654297,643.2614135742188,0.5000183582305908,0.4410179555416107,0.43756818771362305,1,-66.0380859375,33.0687370300293,645.7147827148438,0.638576865196228,0.43745148181915283,0.45037922263145447,60992255464,2088453067
5,4,1,2.2902679443359375,1,2.405731201171875,1,0.28577834367752075,0.2590692341327667,-72.75270080566406,143.1770782470703,41.4704704284668,1,0.16838443279266357,0.2278907299041748,-113.23649597167969,148.86036682128906,43.53898239135742,1,0.5617706775665283,31.243501663208008,643.2838134765625,0.5000471472740173,0.44103923439979553,0.4376155734062195,1,-66.04106140136719,33.032867431640625,645.6433715820312,0.6386003494262695,0.43751585483551025,0.45022052526474,60992263798,2088461401
5,4,1,2.257354736328125,1,2.406524658203125,1,0.289725661277771,0.2206314355134964,-71.3914566040039,150.18360900878906,44.02062225341797,1,0.16051580011844635,0.2271730750799179,-115.95003509521484,148.9912109375,43.586544036865234,1,0.5550385117530823,31.244874954223633,643.295654296875,0.5000612735748291,0.4410379230976105,0.437641441822052,1,-66.04249572753906,33.020286560058594,645.6203002929688,0.6386088728904724,0.437538743019104,0.45016929507255554,60992272131,2088469734
5,4,1,2.19183349609375,1,2.39508056640625,1,0.2853264808654785,0.1873791217803955,-72.90852355957031,156.2449188232422,46.22672653198242,1,0.16804897785186768,0.21453456580638885,-113.35218811035156,151.29495239257812,44.42515563964844,1,0.551993727684021,31.23867416381836,643.3297119140625,0.5000677108764648,0.4410553276538849,0.43771442770957947,1,-66.04148864746094,33.002784729003906,645.59619140625,0.638612687587738,0.43757164478302,0.45011451840400696,60992280464,2088478067
5,4,1,2.2880401611328125,1,2.4329986572265625,1,0.2857914865016937,0.2561594247817993,-72.74817657470703,143.70750427246094,41.663475036621094,1,0.17509259283542633,0.23309752345085144,-110.92315673828125,147.91128540039062,43.1934814453125,1,0.5489016771316528,31.238393783569336,643.318115234375,0.5000741481781006,0.4410543739795685,0.4376892149448395,1,-66.04267883300781,32.99748611450195,645.5728759765625,0.6386207938194275,0.4375793933868408,0.45006367564201355,60992288798,2088486401
5,4,1,2.2328338623046875,1,2.3786468505859375,1,0.2761293649673462,0.20403626561164856,-76.08019256591797,153.2086181640625,45.1215934753418,1,0.16610190272331238,0.21817539632320404,-114.02364349365234,150.63131713867188,44.183502197265625,1,0.5443422794342041,31.25271987915039,643.3525390625,0.5000837445259094,0.4410291910171509,0.437765896320343,1,-66.04606628417969,33.017730712890625,645.6195068359375,0.6386164426803589,0.4375438988208771,0.4501679837703705,60992297131,2088494734
5,4,1,2.3046417236328125,1,2.4363250732421875,1,0.28520309925079346,0.2343241572380066,-72.9510726928711,147.6876678466797,43.11217498779297,1,0.16421662271022797,0.2542268633842468,-114.67379760742188,144.05978393554688,41.791683197021484,1,0.5424286127090454,31.26192855834961,643.3411865234375,0.5000876784324646,0.4410085678100586,0.43774256110191345,1,-66.05291748046875,33.037437438964844,645.6890869140625,0.6386139392852783,0.43751269578933716,0.4503224194049835,60992305464,2088503067
5,4,1,2.2843170166015625,1,2.42718505859375,1,0.28327322006225586,0.24602524936199188,-73.6166000366211,145.55477905273438,42.33584976196289,1,0.17435894906520844,0.22424952685832977,-111.17616271972656,149.5241241455078,43.780521392822266,1,0.548700213432312,31.25592803955078,643.4099731445312,0.5000746846199036,0.44103020429611206,0.43789103627204895,1,-66.04463195800781,33.0129280090332,645.690185546875,0.6385965943336487,0.43756359815597534,0.4503194987773895,60992313798,2088511401
5,4,1,2.2905120849609375,1,2.39239501953125,1,0.28991249203681946,0.25737830996513367,-71.3270263671875,143.4853057861328,41.5826301574707,1,0.16687865555286407,0.2263154834508896,-113.75576782226562,149.1475067138672,43.643489837646484,1,0.5606752038002014,31.39668083190918,643.39794921875,0.500049352645874,0.4407365024089813,0.43788450956344604,1,-66.04020690917969,33.156219482421875,645.5968017578125,0.6386092305183411,0.4372541010379791,0.45013758540153503,60992322132,2088519735
5,4,1,2.225860595703125,1,2.41064453125,1,0.286103755235672,0.18406395614147186,-72.64048767089844,156.84921264648438,46.4466667175293,1,0.18623176217079163,0.22169271111488342,-107.08177947998047,149.9901580810547,43.9501953125,1,0.5650699138641357,31.236003875732422,643.3876342773438,0.5000404715538025,0.4410686194896698,0.43783968687057495,1,-66.03011322021484,32.98490524291992,645.6580810546875,0.6385743021965027,0.4376171827316284,0.45024293661117554,60992330465,2088528068
5,4,1,2.239288330078125,1,2.3984832763671875,1,0.2771608829498291,0.24284261465072632,-75.7244644165039,146.1349334716797,42.54696273803711,1,0.1722923070192337,0.24127843976020813,-111.88885498046875,146.4200439453125,42.65076446533203,1,0.5727489590644836,31.412858963012695,643.3861694335938,0.5000240206718445,0.44070136547088623,0.4378611743450165,1,-66.03521728515625,33.16822814941406,645.6904296875,0.638576328754425,0.43724220991134644,0.4503403306007385,60992338799,2088536402
5,4,1,2.287567138671875,1,2.41265869140625,1,0.2828288972377777,0.23345914483070374,-73.76982879638672,147.8453369140625,43.16956329345703,1,0.18069033324718475,0.24627189338207245,-108.99275207519531,145.50979614257812,42.31949234008789,1,0.5843778848648071,31.279682159423828,643.48974609375,0.5000001788139343,0.4409915804862976,0.43806734681129456,1,-66.03518676757812,33.04759979248047,645.7969360351562,0.6385513544082642,0.43750661611557007,0.450552761554718,60992347132,2088544735
5,4,1,2.3277130126953125,1,2.42779541015625,1,0.28253698348999023,0.2529616355895996,-73.87051391601562,144.29042053222656,41.8755989074707,1,0.18293780088424683,0.23299407958984375,-108.21771240234375,147.9301300048828,43.20040512084961,1,0.5962977409362793,31.287052154541016,643.5468139648438,0.4999753534793854,0.4409838914871216,0.438192218542099,1,-66.02345275878906,33.048885345458984,645.7529907226562,0.6385374665260315,0.4374978840351105,0.45045551657676697,60992355465,2088553068
5,4,1,2.2163543701171875,1,2.4110107421875,1,0.28220778703689575,0.19449035823345184,-73.98402404785156,154.9486846923828,45.754905700683594,1,0.17524299025535583,0.23725996911525726,-110.87130737304688,147.1525421142578,42.917381286621094,1,0.6074561476707458,31.314069747924805,643.5247802734375,0.49995192885398865,0.4409249424934387,0.43814817070961,1,-66.00743103027344,33.093116760253906,645.7800903320312,0.6384975910186768,0.4374101459980011,0.450516939163208,60992363799,2088561402
5,4,1,2.2236480712890625,1,2.440948486328125,1,0.27879083156585693,0.22928272187709808,-75.1623764038086,148.60662841796875,43.4466667175293,1,0.17793282866477966,0.23788374662399292,-109.9437026977539,147.038818359375,42.87598419189453,1,0.6294958591461182,31.23668670654297,643.4446411132812,0.4999058246612549,0.4410749077796936,0.437963604927063,1,-65.98196411132812,32.96803283691406,645.78564453125,0.6384439468383789,0.4376698434352875,0.45050540566444397,60992372132,2088569735
5,4,1,2.1081695556640625,1,2.3730010986328125,1,0.2851654589176178,0.12827645242214203,-72.96405792236328,167.01828002929688,50.14792251586914,1,0.171173557639122,0.2094678431749344,-112.27466583251953,152.21856689453125,44.76121520996094,1,0.658169150352478,31.260955810546875,643.4671630859375,0.49984586238861084,0.44102758169174194,0.43801602721214294,1,-65.9498291015625,32.98995590209961,645.6856689453125,0.638401210308075,0.4376107454299927,0.4502856731414795,60992380465,2088578068
5,4,1,2.0550384521484375,1,2.3768768310546875,1,0.2805013656616211,0.10215481370687485,-74.57249450683594,171.77980041503906,51.88093948364258,1,0.1595894694328308,0.21504323184490204,-116.26947784423828,151.20223999023438,44.39137649536133,1,0.6788245439529419,31.221160888671875,643.44482421875,0.49980267882347107,0.44110724329948425,0.43796199560165405,1,-65.92671966552734,32.95380401611328,645.712646484375,0.6383469104766846,0.43768930435180664,0.45033371448516846,60992388799,2088586402
5,4,1,2.2433929443359375,1,2.404296875,1,0.2851024270057678,0.22175821661949158,-72.98579406738281,149.9782257080078,43.945831298828125,1,0.17160065472126007,0.250791072845459,-112.12738037109375,144.68605041503906,42.01966857910156,1,0.7062457799911499,31.119190216064453,643.4686279296875,0.49974557757377625,0.44132205843925476,0.437999427318573,1,-65.89181518554688,32.89784240722656,645.7337036132812,0.6382697820663452,0.437808096408844,0.450363427400589,60992397132,2088594735
5,4,1,2.2837982177734375,1,2.4192962646484375,1,0.29476502537727356,0.24706193804740906,-69.6535873413086,145.36581420898438,42.26701354980469,1,0.170749694108963,0.22533968091011047,-112.42083740234375,149.3253936767578,43.708221435546875,1,0.7387945652008057,31.221874237060547,643.5364990234375,0.49967747926712036,0.441118061542511,0.43816104531288147,1,-65.85714721679688,32.95534133911133,645.7521362304688,0.6381932497024536,0.43769171833992004,0.45040401816368103,60992405465,2088603068
5,4,1,2.2179107666015625,1,2.3897705078125,1,0.2924984097480774,0.17952753603458405,-70.43525695800781,157.67611694335938,46.7476692199707,1,0.17231391370296478,0.21694032847881317,-111.88140106201172,150.8564453125,44.2654914855957,1,0.7928745150566101,31.091764450073242,643.5943603515625,0.4995647668838501,0.4413958191871643,0.43826863169670105,1,-65.83341979980469,32.87847137451172,645.9570922851562,0.6380953788757324,0.4378790259361267,0.4508300721645355,60992413799,2088611402
5,4,1,2.281463623046875,1,2.418731689453125,1,0.28411316871643066,0.24687284231185913,-73.32693481445312,145.4002685546875,42.27961349487305,1,0.174965038895607,0.24857980012893677,-110.96715545654297,145.08914184570312,42.16632080078125,1,0.844560980796814,31.164997100830078,643.6170654296875,0.49945664405822754,0.44124701619148254,0.43832820653915405,1,-65.77919006347656,32.95258331298828,645.93212890625,0.6379885673522949,0.437722384929657,0.450775146484375,60992422132,2088619735
5,4,1,2.077239990234375,1,2.4028778076171875,1,0.2872425317764282,0.08130341023206711,-72.24777221679688,175.5806121826172,53.26435470581055,1,0.16565777361392975,0.2508717179298401,-114.17680358886719,144.67137145996094,42.0142707824707,1,0.9067553281784058,31.154712677001953,643.5147705078125,0.49932634830474854,0.4412548542022705,0.438105046749115,1,-65.70426940917969,32.94965362548828,645.747314453125,0.6378772854804993,0.4377031624317169,0.45035943388938904,60992430465,2088628068
5,4,1,2.23297119140625,1,2.3986358642578125,1,0.28106072545051575,0.19870644807815552,-74.37960815429688,154.18014526367188,45.4752311706543,1,0.15906968712806702,0.23049427568912506,-116.44873809814453,148.38580322265625,43.366214752197266,1,0.9640731811523438,31.141103744506836,643.60595703125,0.4992067813873291,0.4412952959537506,0.43830129504203796,1,-65.64341735839844,32.95379638671875,645.78369140625,0.6377424597740173,0.43769970536231995,0.450425386428833,60992438799,2088636402
5,4,1,2.2547760009765625,1,2.4132232666015625,1,0.27497032284736633,0.24748417735099792,-76.47989654541016,145.28884887695312,42.23902130126953,1,0.17850545048713684,0.24887068569660187,-109.74622344970703,145.03607177734375,42.147125244140625,1,1.0357823371887207,31.243824005126953,643.535888671875,0.4990564286708832,0.4410730004310608,0.438163697719574,1,-65.59498596191406,33.047203063964844,645.900390625,0.637613832950592,0.4375225901603699,0.450680136680603,60992447132,2088644735
5,4,1,2.05963134765625,1,2.408447265625,1,0.2907423973083496,0.08459105342626572,-71.04082489013672,174.98133850097656,53.046234130859375,1,0.16880778968334198,0.21464821696281433,-113.09050750732422,151.27426147460938,44.41752243041992,1,1.1080399751663208,31.184907913208008,643.526123046875,0.49890539050102234,0.4411941170692444,0.43813449144363403,1,-65.50463104248047,33.01067352294922,645.74072265625,0.6374645829200745,0.4375763535499573,0.45031073689460754,60992455472,2088653075
5,4,1,2.2245025634765625,1,2.37542724609375,1,0.2899995744228363,0.20876950025558472,-71.2969970703125,152.34584045410156,44.807579040527344,1,0.15826965868473053,0.2256024330854416,-116.72462463378906,149.2775115966797,43.69074630737305,1,1.1728153228759766,31.243635177612305,643.6621704101562,0.4987703561782837,0.4410904347896576,0.43843820691108704,1,-65.44243621826172,33.08734130859375,645.8828735351562,0.637301504611969,0.4374374449253082,0.45061513781547546,60992463806,2088661409
5,4,1,2.071136474609375,1,2.395904541015625,1,0.2854439616203308,0.09504276514053345,-72.86801147460938,173.07618713378906,52.35280227661133,1,0.16706907749176025,0.23156960308551788,-113.69010925292969,148.18980407714844,43.29486846923828,1,1.2577489614486694,31.275157928466797,643.696044921875,0.49859294295310974,0.44102975726127625,0.43851637840270996,1,-65.38827514648438,33.17286682128906,645.99853515625,0.6371614336967468,0.43727660179138184,0.45086535811424255,60992472139,2088669742
5,4,1,2.251922607421875,1,2.3922271728515625,1,0.28637397289276123,0.24596911668777466,-72.54729461669922,145.56500244140625,42.3395881652832,1,0.16875700652599335,0.2300758957862854,-113.1080322265625,148.46206665039062,43.39402389526367,1,1.3229975700378418,31.252174377441406,643.6043701171875,0.4984561502933502,0.44106537103652954,0.4383145570755005,1,-65.30209350585938,33.14667892456055,645.758056640625,0.637039840221405,0.4372977018356323,0.4503238797187805,60992480472,2088678075
5,4,1,2.2479400634765625,1,2.396881103515625,1,0.2909168601036072,0.23421254754066467,-70.98065948486328,147.7080078125,43.119571685791016,1,0.16726575791835785,0.22624297440052032,-113.62228393554688,149.1607208251953,43.648319244384766,1,1.3726966381072998,31.274538040161133,643.6383666992188,0.4983523488044739,0.4410236179828644,0.43839165568351746,1,-65.2269287109375,33.19917678833008,645.724853515625,0.6368915438652039,0.437184602022171,0.45024362206459045,60992488806,2088686409
5,4,1,2.245452880859375,1,2.4104461669921875,1,0.28892943263053894,0.2313583940267563,-71.6660385131836,148.22830200195312,43.30888366699219,1,0.17776909470558167,0.21871136128902435,-110.00016784667969,150.5336151123047,44.14799118041992,1,1.452558994293213,31.2503604888916,643.6614990234375,0.49818554520606995,0.44107696413993835,0.43843889236450195,1,-65.18974304199219,33.19293212890625,645.9677734375,0.636756956577301,0.43723124265670776,0.4507589638233185,60992497139,2088694742
5,4,1,2.07708740234375,1,2.363433837890625,1,0.29003313183784485,0.10487920790910721,-71.2854232788086,171.28318786621094,51.7001953125,1,0.16933676600456238,0.21907155215740204,-112.90808868408203,150.4679412841797,44.124122619628906,1,1.5153621435165405,31.221817016601562,643.6965942382812,0.49805453419685364,0.4411409795284271,0.43851131200790405,1,-65.12100219726562,33.17926025390625,645.93408203125,0.6366225481033325,0.43725499510765076,0.450669527053833,60992505472,2088703075
5,4,1,2.2594146728515625,1,2.394134521484375,1,0.2909439504146576,0.2619510889053345,-70.9713134765625,142.65179443359375,41.279232025146484,1,0.1594039350748062,0.2040342390537262,-116.3334732055664,153.20899963378906,45.1217041015625,1,1.560166597366333,31.243988037109375,643.6158447265625,0.49796032905578613,0.4410843551158905,0.438339501619339,1,-65.04376983642578,33.19445037841797,645.75048828125,0.636505663394928,0.437198281288147,0.450258731842041,60992513806,2088711409
5,4,1,2.2791595458984375,1,2.390380859375,1,0.28676560521125793,0.22946634888648987,-72.41224670410156,148.57318115234375,43.43442153930664,1,0.16486334800720215,0.22124481201171875,-114.45076751708984,150.07180786132812,43.97990417480469,1,1.6109800338745117,31.136159896850586,643.81103515625,0.49785539507865906,0.441334068775177,0.43874818086624146,1,-65.00447082519531,33.144996643066406,645.8038330078125,0.636411726474762,0.43730810284614563,0.45035839080810547,60992522139,2088719742
5,4,1,2.3255462646484375,1,2.40203857421875,1,0.2807098925113678,0.274781197309494,-74.50057983398438,140.31307983398438,40.42798614501953,1,0.1651802659034729,0.24324217438697815,-114.34147644042969,146.0620880126953,42.52054214477539,1,1.6505107879638672,31.188770294189453,643.75390625,0.49777236580848694,0.4412173926830292,0.4386318027973175,1,-64.97801208496094,33.18363952636719,645.9156494140625,0.6363303661346436,0.4372437000274658,0.4505996108055115,60992530472,2088728075
5,4,1,2.282745361328125,1,2.394500732421875,1,0.28183513879776,0.23890115320682526,-74.11253356933594,146.85337829589844,42.808467864990234,1,0.17703288793563843,0.24403180181980133,-110.2540512084961,145.91815185546875,42.46809387207031,1,1.6859569549560547,31.1409912109375,643.845703125,0.49769893288612366,0.4413287341594696,0.43882447481155396,1,-64.96629333496094,33.174400329589844,646.0932006835938,0.6362642645835876,0.43728742003440857,0.45097896456718445,60992538806,2088736409
5,4,1,2.069122314453125,1,2.3584747314453125,1,0.2859969437122345,0.08718329668045044,-72.67733001708984,174.50885009765625,52.87420654296875,1,0.17049023509025574,0.21767526865005493,-112.51029968261719,150.7224578857422,44.216773986816406,1,1.7266013622283936,31.071990966796875,643.7997436523438,0.4976138174533844,0.44146591424942017,0.438715398311615,1,-64.89544677734375,33.05580139160156,645.757080078125,0.636197030544281,0.437486469745636,0.45022106170654297,60992547139,2088744742
5,4,1,2.2472991943359375,1,2.41259765625,1,0.2821460962295532,0.23510168492794037,-74.00531005859375,147.54595947265625,43.06057357788086,1,0.17257311940193176,0.2295522391796112,-111.79202270507812,148.55751037597656,43.42874526977539,1,1.741841435432434,31.26190948486328,643.72900390625,0.4975811541080475,0.4410625398159027,0.438588410615921,1,-64.888916015625,33.23237609863281,645.863037109375,0.636157751083374,0.4371357262134552,0.45047396421432495,60992555472,2088753075
5,4,1,2.327545166015625,1,2.4014434814453125,1,0.2859678268432617,0.28930729627609253,-72.6873550415039,137.6652374267578,39.46427917480469,1,0.16314047574996948,0.22563953697681427,-115.04490661621094,149.27073669433594,43.688323974609375,1,1.758874773979187,31.04428482055664,643.7310791015625,0.4975459575653076,0.4415142834186554,0.43856281042099,1,-64.85848236083984,33.009254455566406,645.8580932617188,0.6360967755317688,0.43759679794311523,0.450424462556839,60992563806,2088761409
5,4,1,2.308441162109375,1,2.4401397705078125,1,0.28557297587394714,0.2852563261985779,-72.8235092163086,138.4036407470703,39.733070373535156,1,0.16868188977241516,0.2380705177783966,-113.13391876220703,147.0047607421875,42.86362075805664,1,1.7636046409606934,31.254653930664062,643.6836547851562,0.49753537774086,0.44107162952423096,0.43848916888237,1,-64.85418701171875,33.23054885864258,645.9036865234375,0.6360762119293213,0.4371452331542969,0.4505539536476135,60992572139,2088769742
5,4,1,2.207244873046875,1,2.3951263427734375,1,0.28394973278045654,0.16460472345352173,-73.38329315185547,160.3962860107422,47.73770523071289,1,0.15292629599571228,0.22484749555587769,-118.56732177734375,149.4151153564453,43.74087905883789,1,1.781589388847351,31.10323143005371,643.67333984375,0.4974980652332306,0.4413844347000122,0.43844592571258545,1,-64.8262710571289,33.14348220825195,645.7584228515625,0.6360528469085693,0.43730536103248596,0.4502217173576355,60992580472,2088778075
5,4,1,2.073944091796875,1,2.408447265625,1,0.28539222478866577,0.06358315795660019,-72.88585662841797,178.8107147216797,54.439998626708984,1,0.16130836308002472,0.23075632750988007,-115.67671966552734,148.33802795410156,43.34886169433594,1,1.789123296737671,31.13651466369629,643.6737670898438,0.4974822402000427,0.4413154423236847,0.43845149874687195,1,-64.81881713867188,33.16088104248047,645.7598876953125,0.6360369324684143,0.43726956844329834,0.450225830078125,60992588806,2088786409
5,4,1,2.34832763671875,1,2.415557861328125,1,0.29525014758110046,0.29748114943504333,-69.4863052368164,136.17527770996094,38.92201614379883,1,0.17550668120384216,0.2448032647371292,-110.78036499023438,145.77749633789062,42.41698455810547,1,1.7877264022827148,31.275630950927734,643.6837158203125,0.4974849224090576,0.4410281479358673,0.4384923577308655,1,-64.83293151855469,33.25902557373047,645.9329223632812,0.6360251307487488,0.4370904266834259,0.45061659812927246,60992597139,2088794742
5,4,1,2.297576904296875,1,2.386077880859375,1,0.27908557653427124,0.24394311010837555,-75.06072235107422,145.934326171875,42.47394561767578,1,0.1599798947572708,0.22085624933242798,-116.13484954833984,150.14268493652344,44.0056037902832,1,1.8041373491287231,31.180591583251953,643.7189331054688,0.4974510073661804,0.44123002886772156,0.43855562806129456,1,-64.80075073242188,33.178260803222656,645.775390625,0.6359957456588745,0.4372357428073883,0.45025792717933655,60992605472,2088803075
5,4,1,2.275482177734375,1,2.4063262939453125,1,0.2874525189399719,0.24624906480312347,-72.17536926269531,145.5139923095703,42.320953369140625,1,0.17380331456661224,0.22819022834300995,-111.3677749633789,148.80575561523438,43.519142150878906,1,1.802424430847168,31.273054122924805,643.6604614257812,0.49745404720306396,0.44103047251701355,0.438441663980484,1,-64.82439422607422,33.26371383666992,646.01708984375,0.6359876394271851,0.4370923638343811,0.4507971704006195,60992613806,2088811409
5,4,1,2.2288360595703125,1,2.413818359375,1,0.293660044670105,0.2077745497226715,-70.0346450805664,152.52720642089844,44.87354278564453,1,0.17146974802017212,0.24043168127536774,-112.17252349853516,146.57440185546875,42.706912994384766,1,1.8112596273422241,31.273521423339844,643.7067260742188,0.49743586778640747,0.441035658121109,0.43854209780693054,1,-64.82160186767578,33.26142883300781,646.064697265625,0.6359706521034241,0.4371037185192108,0.4508989453315735,60992622139,2088819742
5,4,1,2.299224853515625,1,2.385833740234375,1,0.2855285108089447,0.2796289324760437,-72.8388671875,139.42941284179688,40.1064338684082,1,0.1695132553577423,0.210001140832901,-112.84722900390625,152.12132263183594,44.72586441040039,1,1.832737684249878,31.22076416015625,643.7639770507812,0.4973914623260498,0.44115275144577026,0.438659131526947,1,-64.79324340820312,33.20710372924805,645.9290161132812,0.6359439492225647,0.43719741702079773,0.45059216022491455,60992630472,2088828075
5,4,1,2.3173675537109375,1,2.39599609375,1,0.2830175459384918,0.28096139430999756,-73.70477294921875,139.18655395507812,40.01800537109375,1,0.1659988909959793,0.23626591265201569,-114.05916595458984,147.333740234375,42.98330307006836,1,1.839149832725525,31.28465461730957,643.7518920898438,0.49737781286239624,0.44101864099502563,0.43864187598228455,1,-64.79417419433594,33.29591369628906,646.0576782226562,0.6359153389930725,0.43703147768974304,0.4508828818798065,60992638806,2088836409
5,4,1,2.27252197265625,1,2.404510498046875,1,0.2830791175365448,0.22342205047607422,-73.68354797363281,149.67494201660156,43.8354606628418,1,0.16563072800636292,0.2461637407541275,-114.1861343383789,145.529541015625,42.32665252685547,1,1.8601994514465332,31.133581161499023,643.742431640625,0.4973340928554535,0.44133079051971436,0.43860048055648804,1,-64.76374816894531,33.169395446777344,645.8644409179688,0.6358981728553772,0.4372665286064148,0.45044103264808655,60992647139,2088844742
5,4,1,2.3286285400390625,1,2.3936309814453125,1,0.2846897542476654,0.2830210328102112,-73.12810516357422,138.8111114501953,39.88138198852539,1,0.17302925884723663,0.2130601406097412,-111.63471221923828,151.56373596191406,44.52286911010742,1,1.8714876174926758,31.204465866088867,643.650146484375,0.49730977416038513,0.4411715269088745,0.438410222530365,1,-64.75752258300781,33.21588897705078,645.971435546875,0.6358599066734314,0.437185138463974,0.45067736506462097,60992655472,2088853075
5,4,1,2.315277099609375,1,2.359710693359375,1,0.28964751958847046,0.2442723661661148,-71.41839599609375,145.8743133544922,42.45210647583008,1,0.1766795814037323,0.21725516021251678,-110.37588500976562,150.79904174804688,44.24460220336914,1,1.8841347694396973,31.119552612304688,643.741943359375,0.49728408455848694,0.44135984778404236,0.43859755992889404,1,-64.75975036621094,33.183380126953125,646.0411987304688,0.635848343372345,0.43726205825805664,0.45082369446754456,60992663805,2088861408
5,4,1,2.249359130859375,1,2.3465576171875,1,0.2733704149723053,0.21080882847309113,-77.03162384033203,151.97409057617188,44.67230224609375,1,0.17005153000354767,0.2182726114988327,-112.66160583496094,150.61358642578125,44.177085876464844,1,1.9023816585540771,31.082508087158203,643.8338623046875,0.4972466230392456,0.4414489269256592,0.438791960477829,1,-64.74406433105469,33.13166046142578,646.0330810546875,0.6358178853988647,0.4373680055141449,0.45079532265663147,60992672139,2088869742
5,4,1,2.2734375,1,2.38067626953125,1,0.2909340560436249,0.21526078879833221,-70.9747314453125,151.16258239746094,44.37691116333008,1,0.17174507677555084,0.2274019569158554,-112.07758331298828,148.949462890625,43.57145309448242,1,1.9053566455841064,31.09638214111328,643.8221435546875,0.4972403049468994,0.4414186179637909,0.4387684762477875,1,-64.75128936767578,33.172813415527344,646.10302734375,0.6358162760734558,0.4372924864292145,0.450953871011734,60992680472,2088878075
5,4,1,2.0655975341796875,1,2.3751220703125,1,0.2925584614276886,0.10078024864196777,-70.41455078125,172.0303497314453,51.972145080566406,1,0.1746668964624405,0.23323088884353638,-111.0699691772461,147.88699340820312,43.18461990356445,1,1.9158375263214111,31.043407440185547,643.696044921875,0.49721765518188477,0.4415118396282196,0.43848758935928345,1,-64.71778106689453,33.05278015136719,645.886474609375,0.6357981562614441,0.4375109374523163,0.45046186447143555,60992688805,2088886408
5,4,1,2.333099365234375,1,2.4023895263671875,1,0.2788248658180237,0.2536408305168152,-75.15065002441406,144.16661071777344,41.83055877685547,1,0.18360911309719086,0.22662119567394257,-107.98619842529297,149.09181213378906,43.62317657470703,1,1.918520212173462,31.07998275756836,643.7650146484375,0.49721240997314453,0.44144511222839355,0.4386424124240875,1,-64.73930358886719,33.15542221069336,646.0575561523438,0.635802149772644,0.437322199344635,0.45085063576698303,60992697139,2088894742
5,4,1,2.0821380615234375,1,2.38092041015625,1,0.2866438627243042,0.10215111821889877,-72.4542236328125,171.78045654296875,51.88121795654297,1,0.16761884093284607,0.2413429319858551,-113.50051879882812,146.40829467773438,42.6464729309082,1,1.915757179260254,31.02547264099121,643.7194213867188,0.4972180724143982,0.44155213236808777,0.4385358691215515,1,-64.71440124511719,33.033485412597656,645.863525390625,0.6357966065406799,0.4375477433204651,0.450408935546875,60992705472,2088903075
5,4,1,2.28778076171875,1,2.3956298828125,1,0.2923997640609741,0.21448682248592377,-70.46928405761719,151.30368041992188,44.42827224731445,1,0.1835654079914093,0.2370879054069519,-108.00128173828125,147.18389892578125,42.92878723144531,1,1.902532696723938,31.10040855407715,643.7537841796875,0.49724575877189636,0.4414011836051941,0.43862080574035645,1,-64.75099182128906,33.18665313720703,646.0084838867188,0.6358377933502197,0.4372507929801941,0.4507516622543335,60992713805,2088911408
5,4,1,2.2483367919921875,1,2.3885955810546875,1,0.2833118140697479,0.24461184442043304,-73.6032943725586,145.81243896484375,42.429561614990234,1,0.17028076946735382,0.24125084280967712,-112.58255767822266,146.4250946044922,42.65256881713867,1,1.8988163471221924,31.03241539001465,643.6624145507812,0.4972530007362366,0.44153013825416565,0.43841299414634705,1,-64.7413101196289,33.05256652832031,645.951416015625,0.6358317136764526,0.437520295381546,0.450607031583786,60992722142,2088919745
5,4,1,2.29888916015625,1,2.3798065185546875,1,0.2896600365638733,0.2464028000831604,-71.4140853881836,145.4859619140625,42.31078338623047,1,0.17359143495559692,0.1959189623594284,-111.44084167480469,154.6882781982422,45.6601448059082,1,1.8746002912521362,31.16145133972168,643.6385498046875,0.4973032772541046,0.4412592351436615,0.43837904930114746,1,-64.75164794921875,33.20689010620117,645.8670654296875,0.6358722448348999,0.4371893107891083,0.45044952630996704,60992730475,2088928078
5,4,1,2.1956329345703125,1,2.3780059814453125,1,0.2932532727718353,0.1828577220439911,-70.17494201660156,157.069091796875,46.526702880859375,1,0.1535486876964569,0.2429681122303009,-118.35266876220703,146.11204528808594,42.53864669799805,1,1.855521321296692,31.102325439453125,643.7080688476562,0.49734368920326233,0.4413910508155823,0.43852153420448303,1,-64.76536560058594,33.160118103027344,645.7369384765625,0.6359315514564514,0.43726807832717896,0.450164794921875,60992738808,2088936411
5,4,1,2.2857208251953125,1,2.359527587890625,1,0.29718688130378723,0.22890600562095642,-68.81841278076172,148.6753387451172,43.47158432006836,1,0.17413099110126495,0.22701266407966614,-111.2547836303711,149.02044677734375,43.597259521484375,1,1.831918716430664,31.14187240600586,643.6846923828125,0.49739280343055725,0.44130587577819824,0.43847617506980896,1,-64.78016662597656,33.173011779785156,645.6966552734375,0.6359715461730957,0.4372357428073883,0.450082927942276,60992747142,2088944745
5,4,1,2.32421875,1,2.376800537109375,1,0.2838759422302246,0.2756926119327545,-73.40876007080078,140.14694213867188,40.3675537109375,1,0.1672571301460266,0.22742511332035065,-113.6252670288086,148.9452667236328,43.56983184814453,1,1.79619562625885,31.265941619873047,643.5689086914062,0.4974665343761444,0.4410330355167389,0.43824198842048645,1,-64.82356262207031,33.25548553466797,645.7468872070312,0.6360493898391724,0.43707194924354553,0.4502125680446625,60992755475,2088953078
5,4,1,2.2189788818359375,1,2.41107177734375,1,0.28957825899124146,0.22382095456123352,-71.44227600097656,149.6022186279297,43.80896759033203,1,0.17341002821922302,0.2582376301288605,-111.50340270996094,143.32867431640625,41.52561950683594,1,1.779271125793457,31.218387603759766,643.5467529296875,0.49750185012817383,0.4411287307739258,0.4381871819496155,1,-64.84949493408203,33.201438903808594,645.7650756835938,0.6360991597175598,0.43718624114990234,0.450249582529068,60992763808,2088961411
5,4,1,2.3112945556640625,1,2.3766021728515625,1,0.2836054265499115,0.2793230414390564,-73.50204467773438,139.4851837158203,40.126686096191406,1,0.17424185574054718,0.25031086802482605,-111.21653747558594,144.77357482910156,42.05154037475586,1,1.7500202655792236,31.266300201416016,643.5233764648438,0.49756279587745667,0.44102615118026733,0.4381429851055145,1,-64.88545227050781,33.23796081542969,645.7223510742188,0.6361837387084961,0.4371046721935272,0.45017024874687195,60992772142,2088969745
5,4,1,2.1085205078125,1,2.36029052734375,1,0.2828334867954254,0.10174037516117096,-73.76824951171875,171.85533142089844,51.9084358215332,1,0.1687556356191635,0.23948538303375244,-113.10850524902344,146.7468719482422,42.769744873046875,1,1.721992015838623,31.27435302734375,643.6149291992188,0.49762192368507385,0.44102156162261963,0.43834254145622253,1,-64.92207336425781,33.2381591796875,645.79736328125,0.6362420320510864,0.4371146261692047,0.45034006237983704,60992780475,2088978078
5,4,1,2.1275177001953125,1,2.393524169921875,1,0.291452556848526,0.13467487692832947,-70.7959213256836,165.85195922851562,49.72339630126953,1,0.1809631884098053,0.2382100224494934,-108.89866638183594,146.97933959960938,42.85438537597656,1,1.67919921875,31.233842849731445,643.5693969726562,0.4977112114429474,0.44109949469566345,0.43823787569999695,1,-64.96359252929688,33.183170318603516,645.8595581054688,0.6363136768341064,0.4372369349002838,0.45047542452812195,60992788808,2088986411
5,4,1,2.305145263671875,1,2.3887939453125,1,0.2812858819961548,0.2744996249675751,-74.30194854736328,140.36444091796875,40.446659088134766,1,0.17706821858882904,0.23926711082458496,-110.24186706542969,146.78665161132812,42.784271240234375,1,1.6402075290679932,31.27823257446289,643.66064453125,0.49779316782951355,0.4410193860530853,0.43844181299209595,1,-64.98175048828125,33.214881896972656,645.7620849609375,0.6363741755485535,0.4371577203273773,0.45027345418930054,60992797142,2088994745
5,4,1,2.3357696533203125,1,2.39697265625,1,0.29494452476501465,0.2841108441352844,-69.59170532226562,138.61245727539062,39.80904006958008,1,0.16705669462680817,0.23226884007453918,-113.69437408447266,148.0623016357422,43.248538970947266,1,1.6164072751998901,31.19255828857422,643.6161499023438,0.4978428781032562,0.4411911964416504,0.43833327293395996,1,-65.01019287109375,33.134376525878906,645.7682495117188,0.6364319920539856,0.4373251497745514,0.45028117299079895,60992805475,2089003078
5,4,1,2.3013458251953125,1,2.385040283203125,1,0.2857527434825897,0.27194303274154663,-72.76152801513672,140.8304443359375,40.616310119628906,1,0.15912507474422455,0.23823988437652588,-116.42963409423828,146.9739227294922,42.85236358642578,1,1.588828444480896,31.223661422729492,643.5701293945312,0.49790018796920776,0.4411204755306244,0.43823760747909546,1,-65.02108764648438,33.139949798583984,645.601806640625,0.6364938020706177,0.4372905492782593,0.44992515444755554,60992813808,2089011411
5,4,1,2.08721923828125,1,2.3750457763671875,1,0.284083753824234,0.09628438949584961,-73.33709716796875,172.84986877441406,52.27042007446289,1,0.16325700283050537,0.2338366061449051,-115.00472259521484,147.77655029296875,43.14447021484375,1,1.572008728981018,31.173259735107422,643.5595092773438,0.49793538451194763,0.4412236213684082,0.4382074773311615,1,-65.04386901855469,33.09463119506836,645.5859375,0.6365450620651245,0.43738213181495667,0.449889212846756,60992822142,2089019745
5,4,1,2.11090087890625,1,2.399322509765625,1,0.286568820476532,0.06945560872554779,-72.4801025390625,177.7402801513672,54.05036926269531,1,0.17430222034454346,0.2688158452510834,-111.19573974609375,141.40048217773438,40.82377624511719,1,1.5564000606536865,31.100019454956055,643.5027465820312,0.4979678988456726,0.441368043422699,0.43807414174079895,1,-65.06998443603516,33.047855377197266,645.6865234375,0.6365756988525391,0.43749281764030457,0.450105220079422,60992830475,2089028078
1,4,1,2.080474853515625,1,2.3886871337890625,1,0.279325932264328,0.07676158845424652,-74.97785186767578,176.4085235595703,53.56566619873047,1,0.16651688516139984,0.2631867527961731,-113.88053894042969,142.4265594482422,41.197227478027344,1,1.548335313796997,31.156291961669922,643.5369873046875,0.4979848265647888,0.4412558078765869,0.4381561279296875,1,-65.07516479492188,33.07631301879883,645.52099609375,0.6366254091262817,0.43741101026535034,0.44975319504737854,60992838808,2089036411
1,4,1,2.2645263671875,1,2.3698577880859375,1,0.28793710470199585,0.21222345530986786,-72.00823974609375,151.71621704101562,44.5784912109375,1,0.16851714253425598,0.24549008905887604,-113.19073486328125,145.65234375,42.37135314941406,1,1.5434596538543701,31.08193588256836,643.513916015625,0.4979950487613678,0.44140705466270447,0.43809574842453003,1,-65.07295227050781,33.027503967285156,645.521240234375,0.6366210579872131,0.4375120997428894,0.44974616169929504,60992847144,2089044747
1,4,1,2.096221923828125,1,2.4182586669921875,1,0.28224149346351624,0.0760556310415268,-73.97239685058594,176.5371856689453,53.612525939941406,1,0.17801246047019958,0.25273504853248596,-109.91622924804688,144.3317108154297,41.89066696166992,1,1.5414314270019531,31.129310607910156,643.52587890625,0.49799928069114685,0.441310316324234,0.438128262758255,1,-65.0753402709961,33.060447692871094,645.521484375,0.6366257071495056,0.43744391202926636,0.44975200295448303,60992855477,2089053080
1,4,1,2.0903167724609375,1,2.368072509765625,1,0.28739675879478455,0.08340168744325638,-72.19457244873047,175.19815063476562,53.125144958496094,1,0.16894842684268951,0.21952582895755768,-113.04203033447266,150.38516235351562,44.09395217895508,1,1.5452826023101807,31.13720703125,643.571533203125,0.4979914426803589,0.44130000472068787,0.43822842836380005,1,-65.07293701171875,33.07294845581055,645.4986572265625,0.6366260647773743,0.43741488456726074,0.44970399141311646,60992863810,2089061413
1,4,1,2.2465972900390625,1,2.3688201904296875,1,0.283301442861557,0.2222900241613388,-73.60686492919922,149.88128662109375,43.910552978515625,1,0.178620383143425,0.2343374639749527,-109.70659637451172,147.68527221679688,43.11125183105469,1,1.5488483905792236,31.12784194946289,643.502685546875,0.4979836344718933,0.441310316324234,0.438077837228775,1,-65.06442260742188,33.076141357421875,645.4764404296875,0.6366136074066162,0.43740522861480713,0.44965460896492004,60992872144,2089069747
1,4,1,2.234466552734375,1,2.3411102294921875,1,0.2935123145580292,0.2320321649312973,-70.08560943603516,148.10545349121094,43.26420211791992,1,0.15516939759254456,0.2193007469177246,-117.79376983642578,150.42617797851562,44.10887908935547,1,1.557632327079773,31.185832977294922,643.5252685546875,0.4979652166366577,0.44119298458099365,0.43813490867614746,1,-65.05573272705078,33.131866455078125,645.5715942382812,0.6365729570388794,0.4373030662536621,0.44986626505851746,60992880477,2089078080
1,4,1,2.09869384765625,1,2.3804931640625,1,0.2892903983592987,0.0928862988948822,-71.54155731201172,173.4692840576172,52.4958610534668,1,0.16117115318775177,0.25408127903938293,-115.72402954101562,144.08628845214844,41.80140686035156,1,1.564483642578125,31.15093421936035,643.5140991210938,0.4979509711265564,0.44126391410827637,0.43810585141181946,1,-65.04751586914062,33.120052337646484,645.5838012695312,0.6365529894828796,0.4373292326927185,0.44988906383514404,60992888810,2089086413
1,4,1,2.266815185546875,1,2.4001617431640625,1,0.26547959446907043,0.22114518284797668,-79.7528076171875,150.08998107910156,43.98648452758789,1,0.1353793889284134,0.26998183131217957,-124.61843872070312,141.18795776367188,40.74635314941406,1,1.4908286333084106,31.10765838623047,643.6975708007812,0.4981060028076172,0.4413779079914093,0.43849751353263855,1,-65.10000610351562,33.082008361816406,645.7280883789062,0.6366279721260071,0.437427818775177,0.45020633935928345,60992897144,2089094747
1,4,1,2.3419952392578125,1,2.418975830078125,1,0.2180912047624588,0.4174122214317322,-96.09490966796875,114.31398010253906,30.965158462524414,1,0.08383361250162125,0.38139867782592773,-142.3942413330078,120.878662109375,33.35439682006836,1,1.328456997871399,31.02776336669922,643.5260620117188,0.4984447956085205,0.441520631313324,0.4381135404109955,1,-65.22076416015625,32.987945556640625,646.210205078125,0.6367648839950562,0.4376886785030365,0.45125943422317505,60992905477,2089103080
1,4,1,2.3197174072265625,1,2.384490966796875,1,0.2076040804386139,0.42484211921691895,-99.71144104003906,112.95968627929688,30.472152709960938,1,0.04326377063989639,0.4387069344520569,-156.38491821289062,110.43235778808594,29.55234146118164,1,1.1438179016113281,30.85158348083496,643.5501708984375,0.4988313317298889,0.4418890178203583,0.43814074993133545,1,-65.27950286865234,32.835960388183594,646.2225341796875,0.6368843913078308,0.43800461292266846,0.45127683877944946,60992913810,2089111413
1,4,1,2.330841064453125,1,2.420623779296875,1,0.1410216987133026,0.5327135920524597,-122.67267608642578,93.29661560058594,23.31546974182129,1,0.012315153144299984,0.5641719698905945,-167.05767822265625,87.56232452392578,21.22832489013672,1,0.9879220128059387,30.732574462890625,643.586669921875,0.4991576671600342,0.4421404302120209,0.43820297718048096,1,-65.34423828125,32.73276901245117,646.4324951171875,0.6369693875312805,0.43824657797813416,0.45172929763793945,60992922144,2089119747
1,4,1,2.3885040283203125,1,2.4829254150390625,1,0.1410483717918396,0.6302674412727356,-122.66346740722656,75.51428985595703,16.84320831298828,1,0.0035305696073919535,0.6171898245811462,-170.08706665039062,77.89811706542969,17.710784912109375,1,0.894108235836029,30.61913299560547,643.5516967773438,0.49935397505760193,0.44237110018730164,0.43811115622520447,1,-65.36936950683594,32.59321594238281,646.5122680664062,0.6370030641555786,0.43854594230651855,0.451886922121048,60992930477,2089128080
1,4,1,2.3724212646484375,1,2.4609832763671875,1,0.1185283362865448,0.6432374715805054,-130.42959594726562,73.15010833740234,15.982638359069824,1,-0.008913840167224407,0.6585957407951355,-174.3785858154297,70.35057830810547,14.963656425476074,1,0.8618490099906921,30.58359718322754,643.5302124023438,0.4994214177131653,0.4424419403076172,0.43805965781211853,1,-65.39429473876953,32.5600471496582,646.80224609375,0.6369863152503967,0.43865397572517395,0.45251357555389404,60992938810,2089136413
1,4,1,2.3766326904296875,1,2.4272613525390625,1,0.12501069903373718,0.6243817210197449,-128.1941375732422,76.58717346191406,17.233684539794922,1,-0.007642208132892847,0.6216583251953125,-173.94004821777344,77.08358764648438,17.414352416992188,1,0.8864099979400635,30.560224533081055,643.5761108398438,0.4993702173233032,0.44249650835990906,0.43815600872039795,1,-65.39947509765625,32.513999938964844,646.7428588867188,0.6370112895965576,0.4387410283088684,0.45237997174263,60992947144,2089144747
1,4,1,2.339996337890625,1,2.43212890625,1,0.11056292802095413,0.6287009119987488,-133.176513671875,75.79985809326172,16.947105407714844,1,-0.00819010753184557,0.63132244348526,-174.12899780273438,75.32199096679688,16.7731876373291,1,0.9034337997436523,30.537860870361328,643.6109619140625,0.49933484196662903,0.4425475001335144,0.43822869658470154,1,-65.42448425292969,32.49278259277344,646.8927001953125,0.6370276808738708,0.43880516290664673,0.4527057111263275,60992955477,2089153080
1,4,1,2.323699951171875,1,2.4184417724609375,1,0.13233858346939087,0.5866058468818665,-125.66707611083984,83.47300720214844,19.739965438842773,1,-0.019513975828886032,0.6238195300102234,-178.03408813476562,76.68962860107422,17.27100372314453,1,0.9103699922561646,30.52425193786621,643.5997314453125,0.49932026863098145,0.44257429242134094,0.438202440738678,1,-65.43252563476562,32.482933044433594,646.8661499023438,0.6370506286621094,0.4388219118118286,0.452648788690567,60992963810,2089161413
1,4,1,2.3311767578125,1,2.440673828125,1,0.1299031525850296,0.5906975269317627,-126.50695037841797,82.72716522216797,19.468544006347656,1,-0.0042570470832288265,0.641436755657196,-172.77267456054688,73.47834014892578,16.10213279724121,1,0.913407564163208,30.501567840576172,643.56494140625,0.4993138611316681,0.4426167607307434,0.438123881816864,1,-65.42984008789062,32.46003723144531,646.7845458984375,0.637064516544342,0.43885815143585205,0.45246875286102295,60992972144,2089169747
1,4,1,2.3491058349609375,1,2.4660186767578125,1,0.12714336812496185,0.6003174781799316,-127.45866394042969,80.97364807128906,18.83019256591797,1,-0.0046402085572481155,0.6345139145851135,-172.90481567382812,74.74024963378906,16.561429977416992,1,0.915129542350769,30.50909423828125,643.5760498046875,0.49931031465530396,0.44260263442993164,0.43814897537231445,1,-65.42813110351562,32.4552001953125,646.6436767578125,0.637094259262085,0.43884900212287903,0.4521636962890625,60992980483,2089178086
1,4,1,2.31280517578125,1,2.4241790771484375,1,0.12755295634269714,0.6139739155769348,-127.31742095947266,78.48433685302734,17.924169540405273,1,-0.022277439013123512,0.6334643959999084,-178.98709106445312,74.93156433105469,16.631027221679688,1,0.916468620300293,30.52437973022461,643.5993041992188,0.4993075430393219,0.4425739645957947,0.43820151686668396,1,-65.44914245605469,32.48018264770508,646.8412475585938,0.6370909214019775,0.4388241767883301,0.4525982439517975,60992988816,2089186419
1,4,1,2.3609771728515625,1,2.460174560546875,1,0.12859971821308136,0.6174659729003906,-126.95643615722656,77.8478012084961,17.692445755004883,1,0.013207261450588703,0.6392719745635986,-166.75003051757812,73.87296295166016,16.245758056640625,1,0.9157729744911194,30.534019470214844,643.5648193359375,0.49930888414382935,0.4425494372844696,0.4381279945373535,1,-65.43844604492188,32.468780517578125,646.4525146484375,0.6371608376502991,0.43879491090774536,0.451755166053772,60992997150,2089194753
1,4,1,2.3671112060546875,1,2.445770263671875,1,0.1173853948712349,0.6357567310333252,-130.82373046875,74.51371002197266,16.478965759277344,1,-0.0027460516430437565,0.6391049027442932,-172.25160217285156,73.90338897705078,16.25689697265625,1,0.9132218360900879,30.562572479248047,643.564208984375,0.49931415915489197,0.4424901008605957,0.438130646944046,1,-65.44609069824219,32.48841857910156,646.4024658203125,0.6371884942054749,0.43874749541282654,0.4516516625881195,60993005483,2089203086
1,4,1,2.3308563232421875,1,2.462646484375,1,0.12006182223558426,0.6388015747070312,-129.90078735351562,73.95866394042969,16.27702522277832,1,-0.006076453253626823,0.653229296207428,-173.4001007080078,71.32876586914062,15.319751739501953,1,0.9080630540847778,30.59221076965332,643.5633544921875,0.49932488799095154,0.4424285292625427,0.43813276290893555,1,-65.45326232910156,32.510963439941406,646.36572265625,0.6372119784355164,0.43869584798812866,0.4515770971775055,60993013816,2089211419
1,4,1,2.311187744140625,1,2.478668212890625,1,0.1342546045780182,0.6565678715705872,-125.00633239746094,70.72022247314453,15.098219871520996,1,0.015936389565467834,0.6530582308769226,-165.80886840820312,71.35993957519531,15.33113956451416,1,0.9067180752754211,30.601791381835938,643.5404663085938,0.4993276298046112,0.4424056112766266,0.4380844831466675,1,-65.45652770996094,32.5137939453125,646.2944946289062,0.6372355818748474,0.4386803209781647,0.4514245092868805,60993022150,2089219753
1,4,1,2.380950927734375,1,2.434539794921875,1,0.11711543798446655,0.6480598449707031,-130.91683959960938,72.27108001708984,15.662726402282715,1,-0.0029145197477191687,0.6380696296691895,-172.3096923828125,74.09210968017578,16.325563430786133,1,0.9017655849456787,30.610923767089844,643.44873046875,0.4993376135826111,0.4423746168613434,0.43788665533065796,1,-65.460205078125,32.529964447021484,646.2440795898438,0.637255072593689,0.4386399984359741,0.45131877064704895,60993030483,2089228086
1,4,1,2.3419342041015625,1,2.475494384765625,1,0.1159103661775589,0.6279110908508301,-131.33241271972656,75.9438247680664,16.999494552612305,1,0.02200916036963463,0.6617012023925781,-163.71466064453125,69.78450775146484,14.75766658782959,1,0.8987993001937866,30.614051818847656,643.436767578125,0.4993438422679901,0.4423665702342987,0.4378611743450165,1,-65.47650146484375,32.54388427734375,646.301025390625,0.637275218963623,0.438618928194046,0.45144718885421753,60993038816,2089236419
1,4,1,2.363861083984375,1,2.41455078125,1,0.13112717866897583,0.6322392821311951,-126.08483123779297,75.15486907958984,16.712358474731445,1,-0.015590154565870762,0.6496396064758301,-176.6809539794922,71.98310852050781,15.5579195022583,1,0.8970485925674438,30.61652374267578,643.44873046875,0.4993474781513214,0.4423629939556122,0.43788743019104004,1,-65.48709106445312,32.54821014404297,646.2883911132812,0.6373002529144287,0.43860822916030884,0.451422780752182,60993047150,2089244753
1,4,1,2.3467559814453125,1,2.371002197265625,1,0.10845119506120682,0.6184307336807251,-133.90472412109375,77.67190551757812,17.628490447998047,1,-0.010569160804152489,0.6321570873260498,-174.9494171142578,75.16986083984375,16.71780776977539,1,0.8928038477897644,30.6203556060791,643.460205078125,0.4993564486503601,0.44235652685165405,0.4379129111766815,1,-65.49519348144531,32.55670166015625,646.2987060546875,0.6373144388198853,0.4385921061038971,0.451447993516922,60993055483,2089253086
1,4,1,2.3574676513671875,1,2.43817138671875,1,0.11822476238012314,0.6203020811080933,-130.53428649902344,77.33080291748047,17.504358291625977,1,-0.00602277647703886,0.6573585271835327,-173.38160705566406,70.57606506347656,15.045853614807129,1,0.8889712691307068,30.61515998840332,643.4368896484375,0.49936434626579285,0.44236427545547485,0.4378615617752075,1,-65.50760650634766,32.54512023925781,646.3292236328125,0.6373330354690552,0.4386201500892639,0.45151486992836,60993063816,2089261419
1,4,1,2.3757781982421875,1,2.3983001708984375,1,0.10886812210083008,0.6337255835533142,-133.76097106933594,74.88394165039062,16.61374855041504,1,-0.01694653555750847,0.631725549697876,-177.14869689941406,75.24853515625,16.746381759643555,1,0.8889349699020386,30.613887786865234,643.4142456054688,0.4993644058704376,0.4423639476299286,0.4378122091293335,1,-65.51284790039062,32.54393768310547,646.3302001953125,0.63734370470047,0.43862268328666687,0.45151805877685547,60993072150,2089269753
1,4,1,2.3006134033203125,1,2.467376708984375,1,0.1336459219455719,0.6303491592407227,-125.21623992919922,75.49940490722656,16.837783813476562,1,0.008225656114518642,0.6319176554679871,-168.46795654296875,75.21346282958984,16.73373031616211,1,0.8845679759979248,30.61040496826172,643.4255981445312,0.49937355518341064,0.4423726797103882,0.43783634901046753,1,-65.51546478271484,32.52722930908203,646.306396484375,0.6373547911643982,0.43865400552749634,0.45146483182907104,60993080483,2089278086
1,4,1,2.34185791015625,1,2.4325714111328125,1,0.12178689986467361,0.6514265537261963,-129.3058624267578,71.65735626220703,15.439399719238281,1,-0.0011106656165793538,0.6642170548439026,-171.6876220703125,69.32587432861328,14.590824127197266,1,0.8818399310112,30.597858428955078,643.357177734375,0.49937909841537476,0.44238972663879395,0.43768614530563354,1,-65.5301513671875,32.510746002197266,646.38525390625,0.6373665928840637,0.43869879841804504,0.4516357481479645,60993088816,2089286419
1,4,1,2.3400726318359375,1,2.416290283203125,1,0.1190216988325119,0.6489993333816528,-130.25946044921875,72.0998306274414,15.600396156311035,1,0.0014795466559007764,0.6478018760681152,-170.79437255859375,72.31807708740234,15.679908752441406,1,0.8791936635971069,30.585481643676758,643.35791015625,0.49938464164733887,0.4424155056476593,0.437686026096344,1,-65.53401947021484,32.49074172973633,646.3851928710938,0.6373746991157532,0.43874016404151917,0.4516337513923645,60993097150,2089294753
1,4,1,2.308929443359375,1,2.4304046630859375,1,0.13055983185768127,0.6290788054466248,-126.28048706054688,75.73097229003906,16.922046661376953,1,-0.008202431723475456,0.6324754357337952,-174.1332550048828,75.1118392944336,16.696659088134766,1,0.878545880317688,30.545780181884766,643.3243408203125,0.4993859529495239,0.4424935281276703,0.4376077353954315,1,-65.53215026855469,32.449462890625,646.3148193359375,0.6373876929283142,0.4388159215450287,0.451475590467453,60993105483,2089303086
1,4,1,2.3423919677734375,1,2.412017822265625,1,0.10856752097606659,0.6209566593170166,-133.86463928222656,77.21147155761719,17.460954666137695,1,-0.010348202660679817,0.6238735318183899,-174.87322998046875,76.67979431152344,17.26735496520996,1,0.881019651889801,30.529354095458984,643.324951171875,0.49938085675239563,0.442527711391449,0.43760693073272705,1,-65.52655029296875,32.4355583190918,646.24560546875,0.6373925805091858,0.4388352930545807,0.451323002576828,60993113816,2089311419
1,4,1,2.3414764404296875,1,2.41497802734375,1,0.10501810908317566,0.6137939691543579,-135.08865356445312,78.51710510253906,17.93614387512207,1,-0.00403285538777709,0.6130450367927551,-172.69534301757812,78.65367126464844,17.985759735107422,1,0.8829264640808105,30.493122100830078,643.3367919921875,0.49937698245048523,0.4426044821739197,0.4376276433467865,1,-65.5207290649414,32.41236114501953,646.1990966796875,0.6373915672302246,0.4388769567012787,0.45121803879737854,60993122150,2089319753
1,4,1,2.292938232421875,1,2.412872314453125,1,0.11794770509004593,0.5983784794807434,-130.6298370361328,81.32707977294922,18.958885192871094,1,-0.003362601390108466,0.6304192543029785,-172.4642333984375,75.48660278320312,16.83318328857422,1,0.8879697322845459,30.472379684448242,643.2908935546875,0.49936631321907043,0.4426414966583252,0.43752521276474,1,-65.51174926757812,32.39973068237305,646.1658935546875,0.6373809576034546,0.43889859318733215,0.4511425495147705,60993130483,2089328086
1,4,1,2.313018798828125,1,2.3883819580078125,1,0.10896319895982742,0.6056250929832458,-133.7281951904297,80.00616455078125,18.478103637695312,1,-0.008885664865374565,0.6161177158355713,-174.36886596679688,78.09355163574219,17.781932830810547,1,0.8972020149230957,30.493772506713867,643.3247680664062,0.499347060918808,0.4426015615463257,0.43760162591934204,1,-65.50508117675781,32.413211822509766,646.18115234375,0.6373634934425354,0.4388728141784668,0.4511759877204895,60993138816,2089336419
1,4,1,2.357757568359375,1,2.4101104736328125,1,0.10855338722467422,0.6138506531715393,-133.86949157714844,78.50679016113281,17.932340621948242,1,-0.006774129346013069,0.6067995429039001,-173.6407012939453,79.79206085205078,18.400196075439453,1,0.9066894054412842,30.492605209350586,643.3138427734375,0.4993272125720978,0.44260260462760925,0.4375777542591095,1,-65.49055480957031,32.40826416015625,646.1365356445312,0.6373440027236938,0.4388769865036011,0.45107582211494446,60993147150,2089344753
1,4,1,2.317291259765625,1,2.420440673828125,1,0.12503241002559662,0.6043055057525635,-128.1866455078125,80.24668884277344,18.56566047668457,1,0.011211740784347057,0.6112098097801208,-167.4381866455078,78.98817443847656,18.10756492614746,1,0.9184165000915527,30.54006576538086,643.3472290039062,0.4993026852607727,0.44250842928886414,0.43765681982040405,1,-65.4876937866211,32.443939208984375,646.24267578125,0.6373127102851868,0.4388176500797272,0.45130932331085205,60993155483,2089353086
1,4,1,2.33270263671875,1,2.410888671875,1,0.12746363878250122,0.639584481716156,-127.34821319580078,73.81595611572266,16.225038528442383,1,0.0014428631402552128,0.6265148520469666,-170.80702209472656,76.19830322265625,17.09220314025879,1,0.9354605078697205,30.55756378173828,643.3809814453125,0.4992671012878418,0.4424765706062317,0.437732458114624,1,-65.46218872070312,32.45389938354492,646.1521606445312,0.6372812986373901,0.43878480792045593,0.451109915971756,60993163816,2089361419
1,4,1,2.3174285888671875,1,2.435272216796875,1,0.11234387755393982,0.6031035780906677,-132.56234741210938,80.4657974243164,18.645374298095703,1,0.0018671781290322542,0.6373626589775085,-170.66070556640625,74.22097778320312,16.37242889404297,1,0.9530059695243835,30.572792053222656,643.3121948242188,0.49923011660575867,0.44243597984313965,0.43758532404899597,1,-65.43595123291016,32.474693298339844,646.1222534179688,0.6372339129447937,0.43873775005340576,0.45104265213012695,60993172150,2089369753
1,4,1,2.3040924072265625,1,2.4508819580078125,1,0.10995210707187653,0.6056909561157227,-133.38714599609375,79.99417114257812,18.473722457885742,1,0.007352767046540976,0.6570379137992859,-168.76898193359375,70.6344985961914,15.067122459411621,1,0.9780398607254028,30.58294677734375,643.266357421875,0.49917757511138916,0.4424089789390564,0.43748739361763,1,-65.41047668457031,32.50743865966797,646.1273803710938,0.6371797323226929,0.4386707842350006,0.45105284452438354,60993180483,2089378086
1,4,1,2.3194732666015625,1,2.391876220703125,1,0.10434404015541077,0.6193295121192932,-135.3211212158203,77.50810241699219,17.56886863708496,1,-0.007351142354309559,0.6386070847511292,-173.83969116210938,73.9941177368164,16.289958953857422,1,1.0215197801589966,30.581178665161133,643.2433471679688,0.49908655881881714,0.4424096941947937,0.43743738532066345,1,-65.37158203125,32.515777587890625,646.087890625,0.6371084451675415,0.4386482536792755,0.4509603679180145,60993188816,2089386419
1,4,1,2.3435821533203125,1,2.4005584716796875,1,0.10524580627679825,0.6398605108261108,-135.0101318359375,73.76565551757812,16.206777572631836,1,-0.005456604063510895,0.6453683376312256,-173.1863555908203,72.76168060302734,15.841294288635254,1,1.075477123260498,30.597810745239258,643.300537109375,0.49897387623786926,0.4423827528953552,0.437563955783844,1,-65.33048248291016,32.53858184814453,646.107421875,0.6370185613632202,0.43860378861427307,0.45099687576293945,60993197149,2089394752
1,4,1,2.3135833740234375,1,2.37640380859375,1,0.11362719535827637,0.636224091053009,-132.11978149414062,74.42849731445312,16.44801139831543,1,-0.011045672930777073,0.6396716833114624,-175.11375427246094,73.80007934570312,16.21927833557129,1,1.1180264949798584,30.6014404296875,643.311279296875,0.498884916305542,0.4423767626285553,0.43758782744407654,1,-65.28289794921875,32.54457092285156,646.11767578125,0.6369174718856812,0.43859291076660156,0.451009601354599,60993205483,2089403086
1,4,1,2.32440185546875,1,2.4471588134765625,1,0.1128905713558197,0.6324192881584167,-132.37380981445312,75.1220703125,16.70040512084961,1,0.004832125268876553,0.6460437178611755,-169.63824462890625,72.63856506347656,15.796492576599121,1,1.1657854318618774,30.585834503173828,643.2659912109375,0.49878478050231934,0.44240328669548035,0.4374876618385315,1,-65.22261047363281,32.54897689819336,646.0,0.6368202567100525,0.4385678470134735,0.45074328780174255,60993213816,2089411419
1,4,1,2.2958526611328125,1,2.402008056640625,1,0.1508004069328308,0.6135875582695007,-119.3004379272461,78.55474090576172,17.949838638305664,1,0.029294932261109352,0.5868952870368958,-161.20211791992188,83.42024993896484,19.720752716064453,1,1.3259656429290771,30.595489501953125,643.3114013671875,0.4984498918056488,0.44238951802253723,0.43758824467658997,1,-65.12339782714844,32.583709716796875,646.114501953125,0.6365874409675598,0.43851181864738464,0.45097389817237854,60993222149,2089419752
1,4,1,2.287109375,1,2.385894775390625,1,0.18470600247383118,0.5999811887741089,-107.6079330444336,81.0349349975586,18.852527618408203,1,0.05047162249684334,0.56339031457901,-153.89926147460938,87.7048110961914,21.280134201049805,1,1.5137742757797241,30.593732833862305,643.2770385742188,0.4980567991733551,0.44238904118537903,0.4375143349170685,1,-64.96768188476562,32.602935791015625,645.90966796875,0.6363127827644348,0.4384444057941437,0.45050114393234253,60993230483,2089428086
1,4,1,2.26904296875,1,2.3909759521484375,1,0.19118618965148926,0.5690370798110962,-105.37322235107422,86.67549896240234,20.905513763427734,1,0.05231262743473053,0.5508838295936584,-153.26437377929688,89.98450469970703,22.109933853149414,1,1.6339735984802246,30.569141387939453,643.2888793945312,0.49780553579330444,0.44244185090065,0.437537282705307,1,-64.85604095458984,32.611778259277344,645.9786376953125,0.6360650658607483,0.43843576312065125,0.4506272077560425,60993238816,2089436419
1,4,1,2.2808380126953125,1,2.3631134033203125,1,0.1927691549062729,0.5667775273323059,-104.82732391357422,87.08737182617188,21.05545425415039,1,0.04118633642792702,0.5468055605888367,-157.101318359375,90.72789001464844,22.380502700805664,1,1.7215403318405151,30.509403228759766,643.2777709960938,0.4976223409175873,0.44256457686424255,0.43750545382499695,1,-64.77860260009766,32.59471893310547,645.8902587890625,0.6359253525733948,0.4384591579437256,0.4504174292087555,60993247152,2089444755
1,4,1,2.303497314453125,1,2.415252685546875,1,0.1860208362340927,0.5562334060668945,-107.1545181274414,89.0093765258789,21.75501823425293,1,0.06083143129944801,0.546924352645874,-150.32662963867188,90.70626068115234,22.372568130493164,1,1.7891372442245483,30.446117401123047,643.2672119140625,0.49748098850250244,0.4426947236061096,0.43747425079345703,1,-64.69803619384766,32.579124450683594,645.76220703125,0.6357883810997009,0.4384740889072418,0.45012155175209045,60993255486,2089453089
1,4,1,2.297210693359375,1,2.376190185546875,1,0.1735134869813919,0.5582297444343567,-111.46773529052734,88.64550018310547,21.622539520263672,1,0.04056033492088318,0.5521248579025269,-157.31719970703125,89.75829315185547,22.027557373046875,1,1.8772659301757812,30.42591094970703,643.2771606445312,0.4972967803478241,0.4427381157875061,0.43749362230300903,1,-64.60145568847656,32.564239501953125,645.688232421875,0.6356053948402405,0.4384949803352356,0.449939101934433,60993263819,2089461422
1,4,1,2.2811279296875,1,2.3406829833984375,1,0.19108104705810547,0.5298691391944885,-105.40948486328125,93.81512451171875,23.50413703918457,1,0.04067030921578407,0.5742732286453247,-157.27928161621094,85.72105407714844,20.558101654052734,1,1.972799301147461,30.402233123779297,643.2318115234375,0.49709659814834595,0.44278156757354736,0.4373926520347595,1,-64.54316711425781,32.56377410888672,645.7003173828125,0.6354817152023315,0.43849772214889526,0.449952632188797,60993272152,2089469755
1,4,1,2.269561767578125,1,2.3375244140625,1,0.19264070689678192,0.5567879676818848,-104.87162780761719,88.90828704833984,21.71820640563965,1,0.03952565789222717,0.5503254532814026,-157.67401123046875,90.0862808227539,22.146982192993164,1,2.036954164505005,30.39310073852539,643.1285400390625,0.49696165323257446,0.44278720021247864,0.437167763710022,1,-64.43932342529297,32.56780242919922,645.6268310546875,0.6352834701538086,0.43847957253456116,0.449772447347641,60993280486,2089478089
1,4,1,2.28826904296875,1,2.388275146484375,1,0.17434062063694,0.5700954794883728,-111.1824951171875,86.4825668334961,20.83530616760254,1,0.0571218840777874,0.5574233531951904,-151.6058807373047,88.79246520996094,21.67604637145996,1,2.147221088409424,30.38806915283203,643.1280517578125,0.4967309236526489,0.4427977502346039,0.43716683983802795,1,-64.36853790283203,32.568824768066406,645.7213134765625,0.6351144313812256,0.43849048018455505,0.449961394071579,60993288819,2089486422
1,4,1,2.2669830322265625,1,2.3472137451171875,1,0.18662524223327637,0.5521081686019897,-106.94609069824219,89.76134490966797,22.02867317199707,1,0.035293519496917725,0.579766035079956,-159.13348388671875,84.7198257446289,20.193689346313477,1,2.2137386798858643,30.391408920288086,643.1741943359375,0.49659210443496704,0.4427969753742218,0.43726781010627747,1,-64.28363037109375,32.59962463378906,645.6446533203125,0.6349560618400574,0.43841642141342163,0.44978225231170654,60993297152,2089494755
1,4,1,2.28521728515625,1,2.3852996826171875,1,0.1739763617515564,0.5615755915641785,-111.30810546875,88.03558349609375,21.400598526000977,1,0.04479953274130821,0.5817573666572571,-155.8553009033203,84.3568115234375,20.06161880493164,1,2.3052589893341064,30.38542938232422,642.9678955078125,0.4963988959789276,0.4427826702594757,0.4368201196193695,1,-64.17355346679688,32.603065490722656,645.3870849609375,0.6347876787185669,0.4383743107318878,0.44920337200164795,60993305486,2089503089
1,4,1,2.272003173828125,1,2.326171875,1,0.19708439707756042,0.5437379479408264,-103.33920288085938,91.2870864868164,22.584012985229492,1,0.03318893536925316,0.587417721748352,-159.85926818847656,83.3250503540039,19.68602752685547,1,2.398754119873047,30.3863468170166,643.0472412109375,0.49620386958122253,0.44279131293296814,0.43699315190315247,1,-64.10237121582031,32.6417121887207,645.4700927734375,0.6346204280853271,0.4383057951927185,0.44937291741371155,60993313819,2089511422
1,4,1,2.2682037353515625,1,2.37689208984375,1,0.18954278528690338,0.5569690465927124,-105.93994903564453,88.87525939941406,21.706233978271484,1,0.06632552295923233,0.615175187587738,-148.4319610595703,78.26534271240234,17.8444766998291,1,2.4609298706054688,30.377769470214844,642.8760986328125,0.4960722327232361,0.44278690218925476,0.4366210997104645,1,-64.01066589355469,32.66368103027344,645.2532958984375,0.6344804763793945,0.4382307827472687,0.4488886296749115,60993322152,2089519755
1,4,1,2.27935791015625,1,2.3796844482421875,1,0.17687317728996277,0.5547275543212891,-110.30912780761719,89.28388977050781,21.85482406616211,1,0.04999919980764389,0.5993704795837402,-154.06216430664062,81.14630126953125,18.893009185791016,1,2.562986373901367,30.362218856811523,642.7499389648438,0.49585744738578796,0.44280293583869934,0.436346173286438,1,-63.93436050415039,32.679359436035156,645.37255859375,0.6342942714691162,0.43821483850479126,0.44913211464881897,60993330486,2089528089
1,4,1,2.280242919921875,1,2.318695068359375,1,0.18861308693885803,0.5730069279670715,-106.26056671142578,85.9518814086914,20.642147064208984,1,0.03746916726231575,0.6042460203170776,-158.38320922851562,80.25756072998047,18.569538116455078,1,2.6320924758911133,30.371593475341797,642.9664306640625,0.49571478366851807,0.44281184673309326,0.4368177354335785,1,-63.86087417602539,32.698822021484375,645.3178100585938,0.6341543793678284,0.43816718459129333,0.44900113344192505,60993338819,2089536422
1,4,1,2.265625,1,2.358001708984375,1,0.17952735722064972,0.5652300715446472,-109.3938217163086,87.36946105957031,21.158117294311523,1,0.04692469537258148,0.5853646397590637,-155.1224365234375,83.69929504394531,19.822269439697266,1,2.700406074523926,30.335453033447266,642.5216064453125,0.4955676198005676,0.44282904267311096,0.43584832549095154,1,-63.76769256591797,32.68044662475586,644.9955444335938,0.6340356469154358,0.4381611943244934,0.44828319549560547,60993347152,2089544755
1,4,1,2.256622314453125,1,2.3943023681640625,1,0.20083115994930267,0.468824565410614,-102.04710388183594,104.94244384765625,27.554141998291016,1,0.06076568365097046,0.5310587286949158,-150.34930419921875,93.59828186035156,23.425214767456055,1,2.801208972930908,30.382850646972656,642.7828979492188,0.49535897374153137,0.4427648186683655,0.43642258644104004,1,-63.66987609863281,32.7451057434082,645.014892578125,0.6338277459144592,0.43803006410598755,0.44831356406211853,60993355486,2089553089
1,4,1,2.2266387939453125,1,2.3415374755859375,1,0.24260330200195312,0.30875164270401,-87.64180755615234,134.12088012695312,38.17424011230469,1,0.05412716791033745,0.36863481998443604,-152.63861083984375,123.2052230834961,34.201316833496094,1,2.8588991165161133,30.586700439453125,642.8948974609375,0.4952389597892761,0.4423561692237854,0.43669405579566956,1,-63.54594421386719,32.9485969543457,644.99169921875,0.6335747838020325,0.43760547041893005,0.4482665956020355,60993363819,2089561422
1,4,1,2.2493896484375,1,2.3076171875,1,0.23282784223556519,0.2517818808555603,-91.0129165649414,144.50546264648438,41.95391845703125,1,0.053391434252262115,0.20693238079547882,-152.89234924316406,152.68072509765625,44.92945861816406,1,2.9269542694091797,30.74938201904297,642.733642578125,0.4950944781303406,0.4419971704483032,0.4363672733306885,1,-63.41339111328125,33.119789123535156,644.9916381835938,0.6332988739013672,0.4372510313987732,0.44826313853263855,60993372155,2089569758
1,4,1,2.230255126953125,1,2.3142547607421875,1,0.24658040702342987,0.18223965167999268,-86.2702865600586,157.18174743652344,46.567726135253906,1,0.08599847555160522,0.16736947000026703,-141.6476593017578,159.89231872558594,47.55428695678711,1,3.0126633644104004,30.797077178955078,642.7786865234375,0.49491533637046814,0.4419041872024536,0.4364723563194275,1,-63.319488525390625,33.18791961669922,644.869384765625,0.6331316232681274,0.4370931386947632,0.44798943400382996,60993380489,2089578092
1,4,1,2.199615478515625,1,2.3439483642578125,1,0.2621860206127167,0.1641138195991516,-80.88861846923828,160.48577880859375,47.77025604248047,1,0.08483874052762985,0.19487448036670685,-142.047607421875,154.87863159179688,45.72945785522461,1,3.0779616832733154,30.792184829711914,642.84619140625,0.49477940797805786,0.4419233500957489,0.436618834733963,1,-63.28700637817383,33.179725646972656,644.8516845703125,0.6330682039260864,0.43710774183273315,0.44794324040412903,60993388822,2089586425
1,4,1,2.1856842041015625,1,2.33563232421875,1,0.2603001892566681,0.14453814923763275,-81.53895568847656,164.05406188964844,49.06901168823242,1,0.054549623280763626,0.17854388058185577,-152.49293518066406,157.8554229736328,46.81294631958008,1,3.1514015197753906,30.732337951660156,642.4137573242188,0.4946208894252777,0.4419908821582794,0.43567317724227905,1,-63.21641540527344,33.10225296020508,644.678466796875,0.6329617500305176,0.43724438548088074,0.447543203830719,60993397155,2089594758
1,4,1,2.256805419921875,1,2.31304931640625,1,0.26492515206336975,0.1979093998670578,-79.94401550292969,154.32545471191406,45.52805709838867,1,0.070691779255867,0.17761681973934174,-146.92623901367188,158.0244140625,46.874412536621094,1,3.214500904083252,30.693866729736328,642.3795776367188,0.494488388299942,0.4420664608478546,0.435594379901886,1,-63.187255859375,33.07207489013672,644.6276245117188,0.6329129338264465,0.4372999370098114,0.44742298126220703,60993405489,2089603092
1,4,1,2.108642578125,1,2.34771728515625,1,0.25215351581573486,0.0728539451956749,-84.34837341308594,177.12083435058594,53.82490158081055,1,0.08631005883216858,0.2163829505443573,-141.5402069091797,150.9580535888672,44.30244445800781,1,3.2711586952209473,30.670879364013672,642.5045166015625,0.4943711459636688,0.44213080406188965,0.4358629286289215,1,-63.17472839355469,33.067115783691406,644.7820434570312,0.6328514814376831,0.4373316764831543,0.447752982378006,60993413822,2089611425
1,4,1,2.2725677490234375,1,2.32415771484375,1,0.257179856300354,0.2062540352344513,-82.61502075195312,152.80435180664062,44.97450256347656,1,0.08731009811162949,0.20179317891597748,-141.1953582763672,153.61753845214844,45.270347595214844,1,3.3191397190093994,30.67865753173828,642.4927368164062,0.4942705035209656,0.44211316108703613,0.435838907957077,1,-63.16230773925781,33.077392578125,644.8870849609375,0.6328014135360718,0.43732497096061707,0.447978675365448,60993422155,2089619758
1,4,1,2.1471405029296875,1,2.302642822265625,1,0.2603051960468292,0.11813502013683319,-81.53722381591797,168.8668670654297,50.82074737548828,1,0.0881592184305191,0.20960240066051483,-140.9025115966797,152.19403076171875,44.752323150634766,1,3.3665404319763184,30.695507049560547,642.3326416015625,0.4941692054271698,0.44205716252326965,0.43549445271492004,1,-63.13652801513672,33.081809997558594,644.8597412109375,0.6327540874481201,0.4373120367527008,0.4479149878025055,60993430489,2089628092
1,4,1,2.2182769775390625,1,2.3412628173828125,1,0.2548266351222992,0.19337180256843567,-83.4265365600586,155.15257263183594,45.829105377197266,1,0.07713279873132706,0.2337198555469513,-144.7050323486328,147.7978515625,43.152183532714844,1,3.4071507453918457,30.7008113861084,642.2303466796875,0.49408286809921265,0.44203275442123413,0.435273677110672,1,-63.08174514770508,33.07600402832031,644.5999145507812,0.6326999664306641,0.43728819489479065,0.447341650724411,60993438822,2089636425
1,4,1,2.1982879638671875,1,2.3573760986328125,1,0.2536657452583313,0.17971958220005035,-83.82686614990234,157.64111328125,46.73488235473633,1,0.08219517767429352,0.22106698155403137,-142.95925903320312,150.104248046875,43.99168014526367,1,3.4382383823394775,30.74504852294922,642.34375,0.4940190315246582,0.4419557452201843,0.43552616238594055,1,-63.03633117675781,33.092430114746094,644.3515625,0.6326625347137451,0.4372197687625885,0.44679829478263855,60993447155,2089644758
1,4,1,2.2114410400390625,1,2.363067626953125,1,0.2523347735404968,0.16963522136211395,-84.28585815429688,159.47930908203125,47.40398025512695,1,0.09996017813682556,0.19422674179077148,-136.83290100097656,154.99673461914062,45.77239990234375,1,3.4665393829345703,30.768035888671875,642.4790649414062,0.4939613938331604,0.44192591309547424,0.4358232617378235,1,-63.021705627441406,33.115962982177734,644.330810546875,0.6326368451118469,0.43716809153556824,0.4467538595199585,60993455489,2089653092
1,4,1,2.2342376708984375,1,2.3425750732421875,1,0.2573603689670563,0.17992863059043884,-82.5527572631836,157.60301208496094,46.72102737426758,1,0.08589769899845123,0.22512762248516083,-141.68240356445312,149.3640594482422,43.72229766845703,1,3.4853835105895996,30.77405548095703,642.512939453125,0.49392232298851013,0.44191786646842957,0.4358978271484375,1,-63.010581970214844,33.137733459472656,644.3333740234375,0.6326130032539368,0.43712329864501953,0.44676023721694946,60993463822,2089661425
1,4,1,2.23004150390625,1,2.3514404296875,1,0.2557636797428131,0.17524956166744232,-83.1033935546875,158.4559326171875,47.031463623046875,1,0.08707991242408752,0.23861254751682281,-141.27471923828125,146.9059600830078,42.827674865722656,1,3.4962480068206787,30.782947540283203,642.5013427734375,0.4938993453979492,0.4418978989124298,0.43587395548820496,1,-63.010459899902344,33.17757797241211,644.392333984375,0.6325990557670593,0.43704888224601746,0.4468933045864105,60993472154,2089669758
1,4,1,2.161376953125,1,2.365234375,1,0.2542990744113922,0.09364598989486694,-83.60845947265625,173.33078002929688,52.445499420166016,1,0.09741135686635971,0.2620217502117157,-137.7118682861328,142.63890075683594,41.27460479736328,1,3.496044158935547,30.793495178222656,642.4793090820312,0.49389949440956116,0.44187304377555847,0.4358276426792145,1,-63.015560150146484,33.21648406982422,644.36669921875,0.6326153874397278,0.43696463108062744,0.44684475660324097,60993480488,2089678092
1,4,1,2.2261962890625,1,2.338134765625,1,0.26006191968917847,0.15513375401496887,-81.62112426757812,162.12269592285156,48.366004943847656,1,0.09445083886384964,0.23303861916065216,-138.7328338623047,147.92201232910156,43.19739532470703,1,3.4803805351257324,30.81993293762207,642.3654174804688,0.493930846452713,0.4418030381202698,0.43558403849601746,1,-63.03036117553711,33.25829315185547,644.246826171875,0.6326735019683838,0.43686115741729736,0.44659489393234253,60993488821,2089686425
1,4,1,2.2567291259765625,1,2.337615966796875,1,0.25312569737434387,0.18056301772594452,-84.01309967041016,157.48736572265625,46.678958892822266,1,0.09700274467468262,0.24324633181095123,-137.852783203125,146.06130981445312,42.52024459838867,1,3.457329750061035,30.838027954101562,642.2742309570312,0.49397799372673035,0.4417533278465271,0.435388445854187,1,-63.04249954223633,33.27436828613281,644.2098388671875,0.6327072381973267,0.4368226230144501,0.446520060300827,60993497154,2089694758
1,4,1,2.1970062255859375,1,2.351165771484375,1,0.25104647874832153,0.13803468644618988,-84.73013305664062,165.2395477294922,49.50046157836914,1,0.09086982160806656,0.21428687870502472,-139.96775817871094,151.340087890625,44.44156265258789,1,3.4280171394348145,30.853137969970703,642.160400390625,0.4940379858016968,0.4417068064212799,0.43514323234558105,1,-63.07086944580078,33.286922454833984,644.262451171875,0.6327540278434753,0.4368038773536682,0.44664135575294495,60993505491,2089703095
1,4,1,2.17755126953125,1,2.353729248046875,1,0.2563733458518982,0.10619903355836868,-82.89315032958984,171.04261779785156,51.61260986328125,1,0.0889555886387825,0.23095066845417023,-140.6278839111328,148.3026123046875,43.335941314697266,1,3.3932175636291504,30.86103630065918,642.16015625,0.4941108822822571,0.44169026613235474,0.435143381357193,1,-63.10394287109375,33.27738952636719,644.11572265625,0.6328567266464233,0.43680307269096375,0.44633007049560547,60993513824,2089711428
1,4,1,2.2560577392578125,1,2.37640380859375,1,0.2643508315086365,0.20542046427726746,-80.14205932617188,152.95631408691406,45.02975845336914,1,0.10079111158847809,0.2274882048368454,-136.54635620117188,148.93377685546875,43.565650939941406,1,3.3424198627471924,30.891395568847656,642.3204345703125,0.49421927332878113,0.44164830446243286,0.43549472093582153,1,-63.18254470825195,33.288963317871094,644.1231689453125,0.6330184936523438,0.4367799758911133,0.44636428356170654,60993522157,2089719761
1,4,1,2.19793701171875,1,2.352569580078125,1,0.2681581676006317,0.10306380689144135,-78.82909393310547,171.6140899658203,51.82063674926758,1,0.093744657933712,0.17446130514144897,-138.9763641357422,158.59962463378906,47.083740234375,1,3.288511276245117,30.98502540588379,642.5361328125,0.49433454871177673,0.4414821267127991,0.435975044965744,1,-63.211181640625,33.355838775634766,644.246337890625,0.6330493688583374,0.43665841221809387,0.44664597511291504,60993530491,2089728095
1,4,1,2.21917724609375,1,2.352874755859375,1,0.2790490686893463,0.06956783682107925,-75.07331848144531,177.71981811523438,54.04297637939453,1,0.10681407898664474,0.1521047055721283,-134.4693145751953,162.67481994628906,48.56705093383789,1,3.201284885406494,31.004961013793945,642.3424072265625,0.49451500177383423,0.44141480326652527,0.43555667996406555,1,-63.26598358154297,33.434349060058594,644.2938842773438,0.6331520676612854,0.436502069234848,0.446771502494812,60993538824,2089736428
1,4,1,2.2124481201171875,1,2.3448486328125,1,0.28384101390838623,0.04693147912621498,-73.4207992553711,181.84603881835938,55.54475402832031,1,0.1115734726190567,0.10419120639562607,-132.82801818847656,171.40858459472656,51.745849609375,1,3.099463701248169,31.00452423095703,642.5491943359375,0.49473071098327637,0.44144296646118164,0.436004102230072,1,-63.343841552734375,33.407958984375,644.418701171875,0.6332852840423584,0.4365740716457367,0.447053462266922,60993547157,2089744761
1,4,1,2.284942626953125,1,2.3392333984375,1,0.27599993348121643,0.07652676850557327,-76.12483215332031,176.45132446289062,53.58126449584961,1,0.11534513533115387,0.09702149778604507,-131.52732849121094,172.7155303955078,52.22146987915039,1,3.019670248031616,31.012828826904297,642.491943359375,0.49489718675613403,0.44141796231269836,0.43588030338287354,1,-63.42317199707031,33.38127899169922,644.169921875,0.6335078477859497,0.43659448623657227,0.44652920961380005,60993555491,2089753095
1,4,1,2.277862548828125,1,2.3519134521484375,1,0.2810210585594177,0.08027691394090652,-74.39327239990234,175.7677459716797,53.33242416381836,1,0.122541144490242,0.14271335303783417,-129.04574584960938,164.3866729736328,49.19012451171875,1,2.914257287979126,31.026132583618164,642.4591064453125,0.4951176643371582,0.44138574600219727,0.435809850692749,1,-63.565757751464844,33.373802185058594,644.3525390625,0.6337622404098511,0.43663525581359863,0.44695234298706055,60993563824,2089761428
1,4,1,2.236053466796875,1,2.3189849853515625,1,0.28247764706611633,0.06307883560657501,-73.8909683227539,178.90264892578125,54.473445892333984,1,0.1165996864438057,0.13068905472755432,-131.09469604492188,166.5785369873047,49.98779296875,1,2.807774305343628,31.083721160888672,642.4132080078125,0.49534016847610474,0.4412597417831421,0.43571725487709045,1,-63.682212829589844,33.372802734375,644.4000854492188,0.6339932680130005,0.43664368987083435,0.44707947969436646,60993572157,2089769761
1,4,1,2.2234954833984375,1,2.370513916015625,1,0.2840488851070404,0.038999322801828384,-73.34912109375,183.29190063476562,56.071044921875,1,0.11288899928331375,0.12513776123523712,-132.3743438720703,167.59039306640625,50.35616683959961,1,2.6896114349365234,31.018325805664062,642.5280151367188,0.49558892846107483,0.44141069054603577,0.43595609068870544,1,-63.80339813232422,33.28460693359375,644.4354248046875,0.6342374682426453,0.4368312954902649,0.4471684992313385,60993580489,2089778093
1,4,1,2.2823333740234375,1,2.3845672607421875,1,0.2829146087169647,0.0768442377448082,-73.74027252197266,176.39344787597656,53.560218811035156,1,0.10576509684324265,0.1294507533311844,-134.83106994628906,166.80422973632812,50.07000732421875,1,2.5945425033569336,31.007450103759766,642.654052734375,0.4957893192768097,0.4414498209953308,0.43622714281082153,1,-63.907386779785156,33.205589294433594,644.392333984375,0.6344640851020813,0.4369889199733734,0.4470860958099365,60993588824,2089786428
1,4,1,2.2256317138671875,1,2.3996429443359375,1,0.28002822399139404,0.02833024226129055,-74.73565673828125,185.23670959472656,56.778865814208984,1,0.11439093202352524,0.17181965708732605,-131.8563995361328,159.0811309814453,47.25904083251953,1,2.471621513366699,31.010231018066406,642.5413818359375,0.49604570865631104,0.4414288401603699,0.4359820783138275,1,-64.01637268066406,33.18861389160156,644.3470458984375,0.6347013115882874,0.43701761960983276,0.44700899720191956,60993597157,2089794761
1,4,1,2.2345733642578125,1,2.4035797119140625,1,0.2807629108428955,0.029421750456094742,-74.48229217529297,185.03773498535156,56.706424713134766,1,0.11335641890764236,0.18071690201759338,-132.21316528320312,157.45933532714844,46.668704986572266,1,2.367957592010498,31.02465057373047,642.6893310546875,0.49626410007476807,0.44141829013824463,0.4363042414188385,1,-64.15705871582031,33.177520751953125,644.5653076171875,0.6349428296089172,0.43707069754600525,0.44750842452049255,60993605491,2089803095
1,4,1,2.249420166015625,1,2.43603515625,1,0.28333088755607605,0.08382581919431686,-73.59671783447266,175.120849609375,53.097007751464844,1,0.11834445595741272,0.14546996355056763,-130.49301147460938,163.8842010498047,49.0072135925293,1,2.2489562034606934,30.99563217163086,642.5987548828125,0.49651262164115906,0.441466361284256,0.43610283732414246,1,-64.25653839111328,33.09734344482422,644.5810546875,0.6351463198661804,0.437238872051239,0.447551965713501,60993613824,2089811428
1,4,1,2.345184326171875,1,2.4254150390625,1,0.28160983324050903,0.12897564470767975,-74.19023132324219,166.89083862304688,50.10150146484375,1,0.11765722930431366,0.1874360293149948,-130.73001098632812,156.23452758789062,46.22298049926758,1,2.1701269149780273,30.99636459350586,642.8389282226562,0.49667954444885254,0.44149649143218994,0.43662333488464355,1,-64.34773254394531,33.03569793701172,644.5640258789062,0.6353400945663452,0.4373641610145569,0.44752568006515503,60993622157,2089819761
1,4,1,2.3926849365234375,1,2.447021484375,1,0.27874091267585754,0.15678851306438446,-75.17960357666016,161.82102966308594,48.25627899169922,1,0.11318682134151459,0.17417873442173004,-132.27163696289062,158.651123046875,47.1025276184082,1,2.077928304672241,30.958900451660156,642.7596435546875,0.49687209725379944,0.4415636360645294,0.43644556403160095,1,-64.42699432373047,32.988670349121094,644.5708618164062,0.6355034708976746,0.4374624490737915,0.44755062460899353,60993630490,2089828094
1,4,1,2.347930908203125,1,2.44775390625,1,0.2846772372722626,0.10304465889930725,-73.13240814208984,171.6175994873047,51.821876525878906,1,0.11755499243736267,0.1580158770084381,-130.7652587890625,161.59732055664062,48.17483901977539,1,2.0007307529449463,30.9127140045166,642.9775390625,0.4970353841781616,0.44168826937675476,0.43691128492355347,1,-64.50888061523438,32.93406677246094,644.5076904296875,0.6356887221336365,0.43756675720214844,0.44742390513420105,60993638826,2089836430
1,4,1,2.3457794189453125,1,2.43414306640625,1,0.2654156982898712,0.09040611982345581,-79.77485656738281,173.92135620117188,52.66046142578125,1,0.11198797076940536,0.15650591254234314,-132.68507385253906,161.87254333496094,48.27504348754883,1,1.9340485334396362,30.818763732910156,643.0797729492188,0.49717584252357483,0.4418966770172119,0.437119722366333,1,-64.58415985107422,32.86168670654297,644.6249389648438,0.6358178853988647,0.43773287534713745,0.447682648897171,60993647159,2089844763
1,4,1,2.349517822265625,1,2.454345703125,1,0.2722454071044922,0.11423727869987488,-77.41960144042969,169.57737731933594,51.0793342590332,1,0.12131564319133759,0.17297576367855072,-129.46836853027344,158.87039184570312,47.18231201171875,1,1.845841884613037,30.798404693603516,643.0693359375,0.4973604083061218,0.44193747639656067,0.43709370493888855,1,-64.65682983398438,32.829647064208984,644.6907958984375,0.6359535455703735,0.43780818581581116,0.447835773229599,60993655493,2089853097
1,4,1,2.356170654296875,1,2.4398956298828125,1,0.2783648669719696,0.11737439781427383,-75.30927276611328,169.00552368164062,50.87120819091797,1,0.12166772037744522,0.18657805025577545,-129.3469696044922,156.39097595214844,46.279788970947266,1,1.790479302406311,30.75128173828125,643.26416015625,0.49747759103775024,0.44206082820892334,0.43750956654548645,1,-64.74775695800781,32.79802703857422,645.01220703125,0.6360669732093811,0.4379178583621979,0.44854459166526794,60993663826,2089861430
1,4,1,2.2549591064453125,1,2.477996826171875,1,0.2800786793231964,0.014778426848351955,-74.71825408935547,187.70692443847656,57.67800521850586,1,0.11699654906988144,0.17130792140960693,-130.9578399658203,159.17442321777344,47.29298782348633,1,1.7327549457550049,30.668222427368164,643.4710693359375,0.4975997805595398,0.4422602653503418,0.437946617603302,1,-64.8125991821289,32.75541687011719,644.97607421875,0.6362102627754211,0.43800103664398193,0.44847437739372253,60993672159,2089869763
1,4,1,2.3791656494140625,1,2.436187744140625,1,0.26841047406196594,0.10434946417808533,-78.74208068847656,171.37974548339844,51.73534393310547,1,0.12673309445381165,0.14406219124794006,-127.60015106201172,164.14080810546875,49.10064697265625,1,1.6742256879806519,30.626150131225586,643.6193237304688,0.49772313237190247,0.4423668682575226,0.43826228380203247,1,-64.85840606689453,32.70686340332031,645.061767578125,0.6362854242324829,0.43811333179473877,0.44866228103637695,60993680493,2089878097
1,4,1,2.369354248046875,1,2.45989990234375,1,0.2840214669704437,0.1221897080540657,-73.35856628417969,168.12779235839844,50.55174255371094,1,0.12760700285434723,0.15336649119853973,-127.29877471923828,162.44480895996094,48.48335647583008,1,1.606705904006958,30.605052947998047,643.6320190429688,0.49786433577537537,0.44241219758987427,0.43828654289245605,1,-64.9269790649414,32.712860107421875,645.2344970703125,0.636387050151825,0.4381244480609894,0.449050635099411,60993688826,2089886430
1,4,1,2.3780975341796875,1,2.4731292724609375,1,0.27929991483688354,0.10415391623973846,-74.98680877685547,171.41539001464844,51.7483024597168,1,0.13676750659942627,0.161822110414505,-124.13973999023438,160.90350341796875,47.922306060791016,1,1.5555787086486816,30.565834045410156,643.7813720703125,0.49797216057777405,0.44251301884651184,0.43860486149787903,1,-64.99939727783203,32.714393615722656,645.4674072265625,0.6364823579788208,0.43815308809280396,0.4495691657066345,60993697159,2089894763
1,4,1,2.3614349365234375,1,2.4583282470703125,1,0.286140501499176,0.06284503638744354,-72.6278076171875,178.9452362060547,54.489017486572266,1,0.11739808320999146,0.1767934411764145,-130.81936645507812,158.1744842529297,46.929073333740234,1,1.5086321830749512,30.456092834472656,644.0338134765625,0.4980718195438385,0.4427734613418579,0.43913733959198,1,-65.04281616210938,32.67421340942383,645.506103515625,0.6365635395050049,0.43824151158332825,0.44965633749961853,60993705493,2089903097
1,4,1,2.398101806640625,1,2.4594879150390625,1,0.29253092408180237,0.1214015781879425,-70.42404174804688,168.27145385742188,50.60404968261719,1,0.12830118834972382,0.16848737001419067,-127.05939483642578,159.6885528564453,47.48011016845703,1,1.4545658826828003,30.44293975830078,644.3421630859375,0.4981863498687744,0.4428407847881317,0.43980419635772705,1,-65.08931732177734,32.635887145996094,645.565185546875,0.6366462111473083,0.4383288323879242,0.449788361787796,60993713826,2089911430
1,4,1,2.39569091796875,1,2.436248779296875,1,0.280636727809906,0.10034739971160889,-74.52582550048828,172.1092529296875,52.000885009765625,1,0.12053310126066208,0.1453370898962021,-129.7382354736328,163.908447265625,49.0159912109375,1,1.3862344026565552,30.31000518798828,644.2760009765625,0.4983289837837219,0.44310757517814636,0.43964219093322754,1,-65.12870788574219,32.571876525878906,645.511474609375,0.6367408633232117,0.43845394253730774,0.4496718645095825,60993722159,2089919763
1,4,1,2.4294281005859375,1,2.4800567626953125,1,0.29418179392814636,0.10532086342573166,-69.854736328125,171.2026824951172,51.67089080810547,1,0.12934046983718872,0.13509736955165863,-126.70098876953125,165.77496337890625,49.69536209106445,1,1.2929112911224365,30.281890869140625,644.5054931640625,0.4985249638557434,0.4431954324245453,0.4401359260082245,1,-65.23641967773438,32.57738494873047,645.8204956054688,0.63689124584198,0.4384845495223999,0.450362890958786,60993730492,2089928096
1,4,1,2.4038543701171875,1,2.439697265625,1,0.2816011309623718,0.1064491868019104,-74.19322967529297,170.99700927734375,51.59604263305664,1,0.11676327139139175,0.1318596750497818,-131.0382843017578,166.36514282226562,49.91013717651367,1,1.2216238975524902,30.268251419067383,644.7230224609375,0.4986746907234192,0.44325166940689087,0.4406057596206665,1,-65.32122802734375,32.54783630371094,645.932861328125,0.6370406150817871,0.4385608732700348,0.45061951875686646,60993738826,2089936430
1,4,1,2.4608306884765625,1,2.4694366455078125,1,0.2879960834980011,0.15112066268920898,-71.98790740966797,162.8542022705078,48.63230514526367,1,0.1255626678466797,0.16525468230247498,-128.00376892089844,160.27777099609375,47.694644927978516,1,1.1278040409088135,30.1612548828125,644.75927734375,0.4988708198070526,0.4434778392314911,0.44066959619522095,1,-65.414794921875,32.46244812011719,646.0787963867188,0.6372003555297852,0.4387572407722473,0.45094260573387146,60993747159,2089944763
1,4,1,2.36865234375,1,2.458770751953125,1,0.3011206388473511,0.09852572530508041,-67.46183013916016,172.44129943847656,52.12175369262695,1,0.11964588612318039,0.13185088336467743,-130.04420471191406,166.36672973632812,49.91078186035156,1,1.032806158065796,30.061084747314453,644.9659423828125,0.4990699887275696,0.44371169805526733,0.44110411405563354,1,-65.50955200195312,32.341243743896484,646.0841064453125,0.6373960971832275,0.4390084147453308,0.450957328081131,60993755492,2089953096
1,4,1,2.377655029296875,1,2.4526214599609375,1,0.2826763987541199,0.10791034996509552,-73.82242584228516,170.73065185546875,51.49913787841797,1,0.13105052709579468,0.1368013471364975,-126.11125946044922,165.46432495117188,49.582359313964844,1,0.925865888595581,30.018781661987305,644.9210205078125,0.4992930293083191,0.44379332661628723,0.44100049138069153,1,-65.62255859375,32.317405700683594,646.2615966796875,0.6375882029533386,0.4390815794467926,0.45136162638664246,60993763828,2089961432
1,4,1,2.385711669921875,1,2.4720611572265625,1,0.28040769696235657,0.12648528814315796,-74.60478973388672,167.34478759765625,50.2667236328125,1,0.12971052527427673,0.1627507507801056,-126.57337951660156,160.73422241210938,47.86072540283203,1,0.8032546043395996,30.052949905395508,645.2078857421875,0.4995494782924652,0.4437592029571533,0.44162717461586,1,-65.74217987060547,32.325050354003906,646.212646484375,0.6378477215766907,0.43905892968177795,0.45128291845321655,60993772161,2089969765
1,4,1,2.3585968017578125,1,2.4535675048828125,1,0.28375646471977234,0.10121744871139526,-73.44994354248047,171.95065307617188,51.94315719604492,1,0.13998936116695404,0.1631190925836563,-123.02865600585938,160.66709899902344,47.83625793457031,1,0.655250072479248,30.011436462402344,645.2311401367188,0.49985814094543457,0.4438478648662567,0.441671758890152,1,-65.91039276123047,32.308990478515625,646.51123046875,0.6381251215934753,0.4391322731971741,0.4519617557525635,60993780494,2089978098
1,4,1,2.3701629638671875,1,2.4927520751953125,1,0.2793785035610199,0.06360704451799393,-74.95970153808594,178.80633544921875,54.43844223022461,1,0.1299273818731308,0.1488276571035385,-126.49859619140625,163.2721710205078,48.78443908691406,1,0.5166325569152832,29.910430908203125,645.484375,0.5001477599143982,0.4440890848636627,0.442207396030426,1,-66.02311706542969,32.20818328857422,646.4639892578125,0.6383702754974365,0.4393340051174164,0.4518702030181885,60993788828,2089986432
1,4,1,2.3663177490234375,1,2.4472808837890625,1,0.2970586121082306,0.10563264787197113,-68.8626708984375,171.14584350585938,51.650203704833984,1,0.13147985935211182,0.13243429362773895,-125.96321105957031,166.26039123535156,49.87204360961914,1,0.3655889928340912,29.883434295654297,645.437744140625,0.500462532043457,0.44413864612579346,0.442102313041687,1,-66.19233703613281,32.165985107421875,646.6184692382812,0.6386839747428894,0.4394418001174927,0.45223453640937805,60993797161,2089994765
1,4,1,2.3834686279296875,1,2.4954071044921875,1,0.2859661877155304,0.12250364571809769,-72.68792724609375,168.07057189941406,50.530887603759766,1,0.13137488067150116,0.17256928980350494,-125.9994125366211,158.94447326660156,47.20930480957031,1,0.18992780148983002,29.880245208740234,645.5294189453125,0.5008286833763123,0.44415661692619324,0.44230055809020996,1,-66.36717224121094,32.141090393066406,646.81884765625,0.6389981508255005,0.4395199120044708,0.45270174741744995,60993805494,2090003098
1,4,1,2.421478271484375,1,2.4985198974609375,1,0.2897631525993347,0.1437675654888153,-71.37853240966797,164.1945343017578,49.12015151977539,1,0.12940964102745056,0.1711275428533554,-126.67713165283203,159.207275390625,47.30497741699219,1,0.01750197447836399,29.84393310546875,645.7030639648438,0.5011880397796631,0.4442535936832428,0.442672461271286,1,-66.52738952636719,32.06774139404297,646.7277221679688,0.6393519639968872,0.43965891003608704,0.4525299072265625,60993813828,2090011432
1,4,1,2.338531494140625,1,2.4258880615234375,1,0.2831718623638153,0.06364138424396515,-73.65155792236328,178.8000946044922,54.436161041259766,1,0.13562022149562836,0.13950075209140778,-124.53539276123047,164.97230529785156,49.403202056884766,1,-0.15943340957164764,29.721160888671875,645.89892578125,0.5015566945075989,0.4445321261882782,0.44308099150657654,1,-66.71968078613281,31.9752197265625,646.9364013671875,0.6397001147270203,0.4398777186870575,0.453009694814682,60993822161,2090019765
1,4,1,2.3764801025390625,1,2.4525146484375,1,0.28075966238975525,0.1183326244354248,-74.48341369628906,168.8308563232422,50.80766296386719,1,0.12934988737106323,0.17820249497890472,-126.69773864746094,157.91766357421875,46.83555221557617,1,-0.33889850974082947,29.687564849853516,645.9555053710938,0.5019303560256958,0.4446084201335907,0.44319948554039,1,-66.90240478515625,31.899913787841797,647.0755004882812,0.6400449872016907,0.4400515854358673,0.453339546918869,60993830494,2090028098
1,4,1,2.395660400390625,1,2.4190673828125,1,0.2951822280883789,0.08423527330160141,-69.50973510742188,175.0462188720703,53.06980514526367,1,0.13141271471977234,0.13418826460838318,-125.98635864257812,165.940673828125,49.75566101074219,1,-0.5267579555511475,29.55682373046875,646.1298828125,0.5023214221000671,0.4449004530906677,0.4435606598854065,1,-67.09111785888672,31.777854919433594,647.109130859375,0.6404277682304382,0.44030776619911194,0.45343682169914246,60993838828,2090036432
1,4,1,2.42938232421875,1,2.461517333984375,1,0.2766677737236023,0.1569461077451706,-75.89452362060547,161.7923126220703,48.245845794677734,1,0.14444921910762787,0.16862621903419495,-121.49066162109375,159.66323852539062,47.47090148925781,1,-0.7067098021507263,29.452056884765625,646.0714111328125,0.5026964545249939,0.4451092481613159,0.4434201419353485,1,-67.29228973388672,31.62883758544922,647.350830078125,0.6407859325408936,0.44064730405807495,0.45398226380348206,60993847161,2090044765
1,4,1,2.4451904296875,1,2.421356201171875,1,0.27847224473953247,0.12495677173137665,-75.27224731445312,167.62339782714844,50.36819076538086,1,0.12440440058708191,0.1474899798631668,-128.40321350097656,163.5159912109375,48.87322235107422,1,-0.8892354369163513,29.3072566986084,646.244384765625,0.5030761361122131,0.4454300105571747,0.44377681612968445,1,-67.44926452636719,31.5114688873291,647.2728271484375,0.6411299705505371,0.4408789277076721,0.45383259654045105,60993855494,2090053098
1,4,1,2.4452362060546875,1,2.4493408203125,1,0.28216028213500977,0.1708543747663498,-74.00041198730469,159.25709533691406,47.32305145263672,1,0.12925106287002563,0.13180756568908691,-126.73181915283203,166.37464904785156,49.91361999511719,1,-1.0693800449371338,29.251388549804688,646.2664794921875,0.5034510493278503,0.4455479085445404,0.44381794333457947,1,-67.63323211669922,31.38376235961914,647.4024658203125,0.6414793729782104,0.4411593973636627,0.4541356563568115,60993863828,2090061432
1,4,1,2.3633880615234375,1,2.4754180908203125,1,0.2789774537086487,0.06482992321252823,-75.09801483154297,178.58346557617188,54.35726547241211,1,0.12676942348480225,0.17383912205696106,-127.5876235961914,158.71302795410156,47.125030517578125,1,-1.2475249767303467,29.111181259155273,646.5328369140625,0.5038208365440369,0.44587066769599915,0.444378137588501,1,-67.82141876220703,31.28081703186035,647.51611328125,0.6418410539627075,0.44138652086257935,0.45440873503685,60993872161,2090069765
1,4,1,2.3897247314453125,1,2.44744873046875,1,0.2791200280189514,0.126972958445549,-75.0488510131836,167.25587463378906,50.23438262939453,1,0.14007344841957092,0.13013900816440582,-122.99967956542969,166.6787872314453,50.024322509765625,1,-1.419887900352478,29.064176559448242,646.4617919921875,0.504179835319519,0.44595852494239807,0.4442185163497925,1,-68.00487518310547,31.17083168029785,647.5491333007812,0.6422126889228821,0.441617488861084,0.454505980014801,60993880494,2090078098
1,4,1,2.4437408447265625,1,2.46148681640625,1,0.2859789729118347,0.1634441614151001,-72.68351745605469,160.6078338623047,47.81465148925781,1,0.12354999780654907,0.13774949312210083,-128.69786071777344,165.29148864746094,49.51948547363281,1,-1.5943677425384521,29.0322265625,646.5188598632812,0.5045425295829773,0.4460313618183136,0.44433897733688354,1,-68.16899108886719,31.113088607788086,647.5508422851562,0.6425517201423645,0.4417366087436676,0.454538494348526,60993888828,2090086432
1,4,1,2.4166412353515625,1,2.48297119140625,1,0.279465913772583,0.13061241805553436,-74.92957305908203,166.5924835205078,49.99292755126953,1,0.12649711966514587,0.1603088080883026,-127.6815414428711,161.17938232421875,48.022647857666016,1,-1.7657032012939453,29.064456939697266,646.5633544921875,0.5048986077308655,0.44596999883651733,0.4444407522678375,1,-68.33486938476562,31.12385368347168,647.52783203125,0.6429002285003662,0.4417110085487366,0.45452773571014404,60993897166,2090094770
1,4,1,2.388824462890625,1,2.4393310546875,1,0.2798938751220703,0.11886624246835709,-74.78199005126953,168.7335968017578,50.772239685058594,1,0.11419658362865448,0.1401612013578415,-131.9234161376953,164.8518829345703,49.35941696166992,1,-1.9390509128570557,29.07559585571289,646.5843505859375,0.5052589774131775,0.4459492564201355,0.44448891282081604,1,-68.49945068359375,31.106042861938477,647.4932861328125,0.6432490348815918,0.4417429268360138,0.45448794960975647,60993905499,2090103103
1,4,1,2.3393096923828125,1,2.4594573974609375,1,0.2825358510017395,0.0849459245800972,-73.87089538574219,174.9166717529297,53.022682189941406,1,0.13529600203037262,0.16227810084819794,-124.64718627929688,160.8203887939453,47.89204025268555,1,-2.1049509048461914,29.089744567871094,646.732666015625,0.5056028366088867,0.44593825936317444,0.44481372833251953,1,-68.69471740722656,31.113271713256836,647.6781005859375,0.6436068415641785,0.4417518675327301,0.45493191480636597,60993913833,2090111437
1,4,1,2.4595489501953125,1,2.47998046875,1,0.2904095947742462,0.1257285475730896,-71.15559387207031,167.4827117919922,50.316986083984375,1,0.13774138689041138,0.15125702321529388,-123.80388641357422,162.829345703125,48.62324905395508,1,-2.270127773284912,29.107582092285156,646.6964721679688,0.5059466361999512,0.44589659571647644,0.44473862648010254,1,-68.86972045898438,31.14324951171875,647.807373046875,0.6439362168312073,0.4417066276073456,0.45525458455085754,60993922166,2090119770
1,4,1,2.4036712646484375,1,2.4515838623046875,1,0.27703890204429626,0.10996008664369583,-75.76654052734375,170.35702514648438,51.363094329833984,1,0.13481125235557556,0.13716824352741241,-124.81436157226562,165.39744567871094,49.55800247192383,1,-2.4184744358062744,29.161951065063477,646.7764892578125,0.5062543153762817,0.445794016122818,0.44492068886756897,1,-69.01100158691406,31.153823852539062,647.704833984375,0.6442535519599915,0.44167107343673706,0.45506685972213745,60993930499,2090128103
1,4,1,2.3945465087890625,1,2.510650634765625,1,0.2829170823097229,0.1260846108198166,-73.73941802978516,167.41781616210938,50.293331146240234,1,0.12981393933296204,0.1667761206626892,-126.5376968383789,160.00048828125,47.59361267089844,1,-2.5743966102600098,29.237241744995117,646.7633666992188,0.5065784454345703,0.4456366002559662,0.4449034333229065,1,-69.15074920654297,31.16018295288086,647.579833984375,0.6445733904838562,0.4416412115097046,0.4548298716545105,60993938833,2090136437
1,4,1,2.4424896240234375,1,2.472412109375,1,0.2838892638683319,0.14606063067913055,-73.40416717529297,163.77655029296875,48.96800231933594,1,0.1580970138311386,0.12960152328014374,-116.78416442871094,166.77674865722656,50.05998229980469,1,-2.7129125595092773,29.2158203125,646.785400390625,0.5068662762641907,0.4456833302974701,0.44494959712028503,1,-69.3305435180664,31.132888793945312,647.7906494140625,0.6448923945426941,0.44172489643096924,0.4553219974040985,60993947166,2090144770
1,4,1,2.415924072265625,1,2.4746551513671875,1,0.28131940960884094,0.10813381522893906,-74.2903823852539,170.68992614746094,51.48429489135742,1,0.13539841771125793,0.1484258770942688,-124.61188507080078,163.34539794921875,48.811134338378906,1,-2.8429112434387207,29.185569763183594,646.7264404296875,0.5071372389793396,0.44573816657066345,0.444818913936615,1,-69.43915557861328,31.0850887298584,647.637939453125,0.645155131816864,0.4418032765388489,0.45501086115837097,60993955499,2090153103
1,4,1,2.427764892578125,1,2.45843505859375,1,0.287545770406723,0.10863246768712997,-72.14319610595703,170.59902954101562,51.45117950439453,1,0.12934163212776184,0.1466926783323288,-126.70059204101562,163.66134643554688,48.926082611083984,1,-2.9607436656951904,29.138240814208984,646.782470703125,0.507381796836853,0.4458427131175995,0.4449354112148285,1,-69.55990600585938,31.012250900268555,647.575927734375,0.645420491695404,0.44194525480270386,0.4548947513103485,60993963833,2090161437
1,4,1,2.352020263671875,1,2.4716033935546875,1,0.28487536311149597,0.07219229638576508,-73.06410217285156,177.2414093017578,53.868839263916016,1,0.13027559220790863,0.14061370491981506,-126.37850189208984,164.7694091796875,49.32943344116211,1,-3.0780959129333496,29.095760345458984,646.6990966796875,0.5076268315315247,0.44591978192329407,0.444750040769577,1,-69.68716430664062,30.94371795654297,647.6554565429688,0.6456637978553772,0.4420967996120453,0.45508623123168945,60993972166,2090169770
1,4,1,2.42034912109375,1,2.44873046875,1,0.28229930996894836,0.1373310387134552,-73.95246887207031,165.36778259277344,49.54720687866211,1,0.12720325589179993,0.15609082579612732,-127.43801879882812,161.94821166992188,48.3026123046875,1,-3.1764817237854004,29.084274291992188,646.8136596679688,0.5078300833702087,0.44595763087272644,0.444998174905777,1,-69.77626037597656,30.86046600341797,647.5051879882812,0.6458859443664551,0.4422488212585449,0.45477110147476196,60993980499,2090178103
1,4,1,2.4820709228515625,1,2.4689178466796875,1,0.28469571471214294,0.16541455686092377,-73.12605285644531,160.2486572265625,47.68397521972656,1,0.13381178677082062,0.15053319931030273,-125.15902709960938,162.96127319335938,48.67131042480469,1,-3.2700490951538086,29.000823974609375,646.641357421875,0.5080269575119019,0.44610828161239624,0.44461432099342346,1,-69.89600372314453,30.76824188232422,647.647705078125,0.6460979580879211,0.44245752692222595,0.45509350299835205,60993988833,2090186437
1,4,1,2.404388427734375,1,2.5082855224609375,1,0.284084290266037,0.09316214919090271,-73.33692169189453,173.4189910888672,52.477603912353516,1,0.15006104111671448,0.1598566323518753,-119.55540466308594,161.2617645263672,48.05275344848633,1,-3.3525614738464355,28.909805297851562,646.721435546875,0.5081977844238281,0.446306049823761,0.44477710127830505,1,-69.97993469238281,30.68889617919922,647.6192626953125,0.6462788581848145,0.44261738657951355,0.45504069328308105,60993997166,2090194770
1,4,1,2.4682464599609375,1,2.5195465087890625,1,0.2874317765235901,0.15493886172771454,-72.18251037597656,162.158203125,48.378963470458984,1,0.1356619894504547,0.15794673562049866,-124.52098846435547,161.6099090576172,48.1794319152832,1,-3.4242889881134033,28.88918113708496,646.8352661132812,0.5083454847335815,0.4463626444339752,0.4450220465660095,1,-70.04644775390625,30.624570846557617,647.6279907226562,0.6464143991470337,0.44275110960006714,0.45506617426872253,60994005498,2090203103
1,4,1,2.4614410400390625,1,2.500823974609375,1,0.2816031575202942,0.14162415266036987,-74.1925277709961,164.58523559570312,49.26235580444336,1,0.13210700452327728,0.16165049374103546,-125.7469253540039,160.93478393554688,47.93373489379883,1,-3.4899041652679443,28.867202758789062,646.708251953125,0.5084835886955261,0.44639214873313904,0.4447444677352905,1,-70.11283111572266,30.555877685546875,647.52978515625,0.6465767025947571,0.4428800344467163,0.4548603892326355,60994013832,2090211437
1,4,1,2.4111175537109375,1,2.5019073486328125,1,0.28429949283599854,0.12746387720108032,-73.26268768310547,167.16639709472656,50.20183563232422,1,0.1410389244556427,0.164422869682312,-122.66673278808594,160.42942810058594,47.749786376953125,1,-3.548157215118408,28.862747192382812,646.6025390625,0.5086061358451843,0.4463880658149719,0.444515198469162,1,-70.16388702392578,30.545692443847656,647.5313720703125,0.6466818451881409,0.4429011940956116,0.454874187707901,60994022165,2090219770
1,4,1,2.428680419921875,1,2.525390625,1,0.2871848940849304,0.14661279320716858,-72.26765441894531,163.6759033203125,48.931400299072266,1,0.14926083385944366,0.1677771508693695,-119.83136749267578,159.81802368164062,47.52720642089844,1,-3.593703269958496,28.86825180053711,646.7409057617188,0.5086989998817444,0.4463938772678375,0.4448166489601135,1,-70.21338653564453,30.52225685119629,647.4615478515625,0.6468018889427185,0.44294044375419617,0.454731822013855,60994030500,2090228105
1,4,1,2.440521240234375,1,2.49407958984375,1,0.284780353307724,0.12745192646980286,-73.09686279296875,167.1685791015625,50.202579498291016,1,0.12938715517520905,0.16336655616760254,-126.68487548828125,160.62200927734375,47.81978988647461,1,-3.6362366676330566,28.88335418701172,646.8204956054688,0.5087863802909851,0.44637247920036316,0.444991797208786,1,-70.2697525024414,30.540599822998047,647.6279296875,0.6468762159347534,0.44292402267456055,0.45510637760162354,60994038834,2090236439
1,4,1,2.3976287841796875,1,2.5183868408203125,1,0.27772170305252075,0.08346380293369293,-75.53107452392578,175.18682861328125,53.12099075317383,1,0.1334175020456314,0.1704302877187729,-125.29500579833984,159.3343963623047,47.35118865966797,1,-3.6619644165039062,28.900964736938477,646.7627563476562,0.5088405609130859,0.44632887840270996,0.44486919045448303,1,-70.31004333496094,30.569255828857422,647.7135620117188,0.6469376087188721,0.44287586212158203,0.455304354429245,60994047167,2090244772
1,4,1,2.258331298828125,1,2.5048675537109375,1,0.2775397300720215,-0.01600881665945053,-75.59382629394531,193.31890869140625,59.72056579589844,1,0.13800112903118134,0.1640188843011856,-123.71432495117188,160.5030517578125,47.77663803100586,1,-3.6772305965423584,28.923622131347656,646.60205078125,0.5088744759559631,0.44626209139823914,0.44452354311943054,1,-70.3211669921875,30.58397674560547,647.66357421875,0.646973192691803,0.44283896684646606,0.455201119184494,60994055500,2090253105
1,4,1,2.4265594482421875,1,2.5240478515625,1,0.27752000093460083,0.12806184589862823,-75.60063171386719,167.05740356445312,50.16216278076172,1,0.13998031616210938,0.17900027334690094,-123.03178405761719,157.772216796875,46.782649993896484,1,-3.6904921531677246,28.99997901916504,646.5092163085938,0.5089032053947449,0.44609272480010986,0.4443323612213135,1,-70.319580078125,30.633148193359375,647.5567626953125,0.6469966769218445,0.44272369146347046,0.454976886510849,60994063834,2090261439
1,4,1,2.46832275390625,1,2.5055999755859375,1,0.28890886902809143,0.15888836979866028,-71.67311096191406,161.43826293945312,48.11697006225586,1,0.1375700980424881,0.16856758296489716,-123.86296081542969,159.67391967773438,47.474815368652344,1,-3.6925740242004395,29.034372329711914,646.4971313476562,0.5089075565338135,0.4460201859474182,0.44431060552597046,1,-70.32463836669922,30.662229537963867,647.5792846679688,0.647001326084137,0.44266653060913086,0.455030620098114,60994072167,2090269772
1,4,1,2.4189300537109375,1,2.50799560546875,1,0.28059330582618713,0.10303933173418045,-74.54078674316406,171.61856079101562,51.82225799560547,1,0.1398075520992279,0.16463236510753632,-123.09137725830078,160.39125061035156,47.73587417602539,1,-3.687335252761841,29.073448181152344,646.5652465820312,0.5088956356048584,0.4459480047225952,0.44446346163749695,1,-70.32318115234375,30.709407806396484,647.6036376953125,0.6469919085502625,0.44257235527038574,0.455089271068573,60994080500,2090278105
1,4,1,2.329315185546875,1,2.52789306640625,1,0.270684152841568,0.0333581268787384,-77.95800018310547,184.32022094726562,56.445255279541016,1,0.14188118278980255,0.17779502272605896,-122.37626647949219,157.99195861816406,46.8625602722168,1,-3.670295476913452,29.095542907714844,646.680419921875,0.5088586807250977,0.4459167420864105,0.44471606612205505,1,-70.30768585205078,30.73785972595215,647.5713500976562,0.6469680070877075,0.4425094723701477,0.45501986145973206,60994088834,2090286439
1,4,1,2.452728271484375,1,2.5539398193359375,1,0.28515002131462097,0.12094391882419586,-72.96939086914062,168.35488891601562,50.63437271118164,1,0.14653651416301727,0.15487957000732422,-120.77085876464844,162.16900634765625,48.38295364379883,1,-3.6500134468078613,29.102876663208008,646.7501220703125,0.5088154673576355,0.44591036438941956,0.4448679983615875,1,-70.28985595703125,30.745241165161133,647.5867919921875,0.6469271779060364,0.44249624013900757,0.455049991607666,60994097167,2090294772
1,4,1,2.43896484375,1,2.5147857666015625,1,0.28125056624412537,0.09749725461006165,-74.31411743164062,172.62876892089844,52.189979553222656,1,0.1434323489665985,0.16464082896709442,-121.84134674072266,160.38970947265625,47.73531723022461,1,-3.625598669052124,29.105968475341797,646.669677734375,0.5087657570838928,0.4458939731121063,0.4446936547756195,1,-70.25114440917969,30.754121780395508,647.48681640625,0.6468725204467773,0.44246503710746765,0.454826682806015,60994105500,2090303105
1,4,1,2.45281982421875,1,2.5027313232421875,1,0.28429701924324036,0.11959363520145416,-73.26354217529297,168.6009979248047,50.7239875793457,1,0.1393883377313614,0.1759663075208664,-123.2359390258789,158.32528686523438,46.98386001586914,1,-3.5945918560028076,29.090211868286133,646.5665283203125,0.5087027549743652,0.4459136724472046,0.44446730613708496,1,-70.21988677978516,30.746105194091797,647.4710693359375,0.6468119025230408,0.44247955083847046,0.4547843635082245,60994113834,2090311439
1,4,1,2.47247314453125,1,2.552001953125,1,0.28078240156173706,0.13360783457756042,-74.4755630493164,166.04644775390625,49.794254302978516,1,0.15786153078079224,0.1795068234205246,-116.86536407470703,157.67990112304688,46.7490119934082,1,-3.5691745281219482,29.090547561645508,646.543701171875,0.5086501240730286,0.44591018557548523,0.4444175362586975,1,-70.19603729248047,30.75674057006836,647.525634765625,0.6467487812042236,0.44246476888656616,0.454897940158844,60994122167,2090319772
1,4,1,2.4305877685546875,1,2.5430755615234375,1,0.2751712203025818,0.10674672573804855,-76.41061401367188,170.94276428222656,51.57631301879883,1,0.1486024409532547,0.1748998910188675,-120.05840301513672,158.51968383789062,47.054664611816406,1,-3.5426042079925537,29.072019577026367,646.4050903320312,0.5085967183113098,0.44593116641044617,0.444114089012146,1,-70.17509460449219,30.748483657836914,647.5758056640625,0.6466928720474243,0.44248834252357483,0.45500025153160095,60994130500,2090328105
1,4,1,2.460845947265625,1,2.5559539794921875,1,0.2871352434158325,0.14343468844890594,-72.28477478027344,164.2552032470703,49.142250061035156,1,0.14012598991394043,0.20186258852481842,-122.98155212402344,153.60484313964844,45.265838623046875,1,-3.481933355331421,28.98098373413086,646.5003662109375,0.5084694623947144,0.44613125920295715,0.44430819153785706,1,-70.08796691894531,30.669225692749023,647.3822631835938,0.6465620398521423,0.4426269829273224,0.4545517563819885,60994138834,2090336439
1,4,1,2.39959716796875,1,2.5708770751953125,1,0.32630619406700134,0.19269585609436035,-58.776493072509766,155.27577209472656,45.87398910522461,1,0.17231978476047516,0.282201886177063,-111.8793716430664,138.9604034423828,39.93572235107422,1,-3.393383502960205,28.848888397216797,646.4427490234375,0.5082862377166748,0.44639718532562256,0.44416478276252747,1,-69.99889373779297,30.54273796081543,647.5198974609375,0.6463437676429749,0.44290614128112793,0.4548110365867615,60994147167,2090344772
1,4,1,2.4295501708984375,1,2.5661163330078125,1,0.355489045381546,0.26288262009620667,-48.71266555786133,142.48199462890625,41.217411041259766,1,0.1712983250617981,0.3660438358783722,-112.23163604736328,123.67753601074219,34.3731803894043,1,-3.296861410140991,28.63983154296875,646.35302734375,0.5080869793891907,0.4468182325363159,0.44394174218177795,1,-69.83808898925781,30.42629623413086,647.3887939453125,0.6460449695587158,0.44312983751296997,0.4544753432273865,60994155500,2090353105
1,4,1,2.470794677734375,1,2.588958740234375,1,0.36264631152153015,0.3755132853984833,-46.24445343017578,121.95143127441406,33.74492263793945,1,0.18851254880428314,0.40908902883529663,-106.29523468017578,115.83116912841797,31.517316818237305,1,-3.247152805328369,28.529754638671875,646.3106079101562,0.5079842805862427,0.44704049825668335,0.4438347816467285,1,-69.71863555908203,30.28059196472168,646.943359375,0.6459107398986816,0.44337353110313416,0.4534671902656555,60994163837,2090361442
1,4,1,2.4837493896484375,1,2.5938873291015625,1,0.35766473412513733,0.36113178730010986,-47.962371826171875,124.57292175292969,34.699058532714844,1,0.18061551451683044,0.4318169057369232,-109.01854705810547,111.68827819824219,30.00942039489746,1,-3.212648868560791,28.46888542175293,646.415283203125,0.5079113841056824,0.44717922806739807,0.4440537095069885,1,-69.73827362060547,30.27419090270996,647.4466552734375,0.6458247303962708,0.44345149397850037,0.4545566737651825,60994172170,2090369775
1,4,1,2.4556427001953125,1,2.636749267578125,1,0.3667476773262024,0.3203223943710327,-44.830074310302734,132.01174926757812,37.40657424926758,1,0.18742096424102783,0.4225690960884094,-106.67166900634766,113.37398529052734,30.623004913330078,1,-3.1569089889526367,28.445289611816406,646.3229370117188,0.507796585559845,0.44721677899360657,0.4438497722148895,1,-69.69673156738281,30.236263275146484,647.1599731445312,0.645811140537262,0.4434930086135864,0.4539234936237335,60994180503,2090378108
1,4,1,2.42913818359375,1,2.5703125,1,0.37111929059028625,0.3302711844444275,-43.3224983215332,130.1982421875,36.74651336669922,1,0.20556889474391937,0.47658684849739075,-100.41327667236328,103.52752685546875,27.039154052734375,1,-3.11842679977417,28.46245574951172,646.1736450195312,0.5077182054519653,0.4471629559993744,0.443527489900589,1,-69.72282409667969,30.25748062133789,647.401123046875,0.6458043456077576,0.4434802234172821,0.45445263385772705,60994188837,2090386442
1,4,1,2.49102783203125,1,2.56109619140625,1,0.361190527677536,0.3470950424671173,-46.74647521972656,127.13156127929688,35.63033676147461,1,0.20710435509681702,0.45875969529151917,-99.88377380371094,106.77710723876953,28.221899032592773,1,-3.072021484375,28.48664665222168,646.1399536132812,0.5076218843460083,0.4471088945865631,0.44345715641975403,1,-69.68064880371094,30.2440242767334,647.150146484375,0.6457803249359131,0.44347578287124634,0.4538997411727905,60994197170,2090394775
1,4,1,2.471771240234375,1,2.5615997314453125,1,0.36515507102012634,0.3602963089942932,-45.37929153442383,124.72521209716797,34.75449752807617,1,0.2109004557132721,0.4602262079715729,-98.57466888427734,106.509765625,28.124658584594727,1,-3.0328361988067627,28.55026626586914,646.0821533203125,0.5075408816337585,0.4469703435897827,0.443339467048645,1,-69.66464233398438,30.27297592163086,647.1773681640625,0.6457402110099792,0.44341951608657837,0.45395854115486145,60994205503,2090403108
1,4,1,2.4605712890625,1,2.5623779296875,1,0.3609100580215454,0.3663468658924103,-46.843196868896484,123.62229919433594,34.353057861328125,1,0.2076549082994461,0.44899046421051025,-99.69390869140625,108.5578384399414,28.870079040527344,1,-2.9965908527374268,28.598665237426758,646.02294921875,0.5074659585952759,0.4468630254268646,0.443217009305954,1,-69.63404846191406,30.308013916015625,647.1115112304688,0.6456933617591858,0.4433387219905853,0.45381417870521545,60994213837,2090411442
1,4,1,2.4637908935546875,1,2.5460205078125,1,0.3617895245552063,0.3641160726547241,-46.539913177490234,124.02893829345703,34.501068115234375,1,0.19771060347557068,0.4564489424228668,-103.12324523925781,107.19830322265625,28.375226974487305,1,-2.9506165981292725,28.619606018066406,646.0003662109375,0.5073704719543457,0.446817010641098,0.44317030906677246,1,-69.61077880859375,30.366920471191406,647.1405029296875,0.6456376910209656,0.4432208836078644,0.45387932658195496,60994222170,2090419775
1,4,1,2.447540283203125,1,2.5714874267578125,1,0.3707054555416107,0.3376236855983734,-43.4652099609375,128.85801696777344,36.25871658325195,1,0.20323267579078674,0.4800943434238434,-101.21893310546875,102.88818359375,26.806438446044922,1,-2.918379306793213,28.64669418334961,645.9213256835938,0.5073041915893555,0.44675129652023315,0.443001925945282,1,-69.576904296875,30.419963836669922,647.0053100585938,0.6456013917922974,0.4430938959121704,0.45358699560165405,60994230503,2090428108
1,4,1,2.457427978515625,1,2.5919036865234375,1,0.36248332262039185,0.3297571837902069,-46.300655364990234,130.2919464111328,36.78063201904297,1,0.20139510929584503,0.4814167618751526,-101.85263061523438,102.64712524414062,26.71871566772461,1,-2.882478713989258,28.663631439208984,645.77197265625,0.5072309374809265,0.44669783115386963,0.442679762840271,1,-69.53536224365234,30.440086364746094,646.9669189453125,0.6455249786376953,0.4430474638938904,0.4534973204135895,60994238837,2090436442
1,4,1,2.48931884765625,1,2.603240966796875,1,0.3615815043449402,0.3678853511810303,-46.61165237426758,123.34187316894531,34.250980377197266,1,0.20132483541965485,0.48517417907714844,-101.87686157226562,101.96220397949219,26.46945571899414,1,-2.8448243141174316,28.701810836791992,645.6573486328125,0.5071536898612976,0.4466046988964081,0.442435622215271,1,-69.4795150756836,30.454660415649414,646.7894287109375,0.645453929901123,0.44299447536468506,0.453103631734848,60994247170,2090444775
1,4,1,2.4492340087890625,1,2.594970703125,1,0.3606269061565399,0.34273824095726013,-46.94084167480469,127.92572021484375,35.91942596435547,1,0.19773906469345093,0.4728411138057709,-103.11343383789062,104.21031188964844,27.28765296936035,1,-2.8095006942749023,28.690616607666016,645.6918334960938,0.5070797204971313,0.4466322660446167,0.442508727312088,1,-69.4400863647461,30.449188232421875,646.7469482421875,0.6453830003738403,0.44300031661987305,0.45300212502479553,60994255503,2090453108
1,4,1,2.474517822265625,1,2.5788726806640625,1,0.36340129375457764,0.33482030034065247,-45.98408889770508,129.36903381347656,36.44470977783203,1,0.19606174528598785,0.47717025876045227,-103.69186401367188,103.42119598388672,27.00041961669922,1,-2.7705600261688232,28.65389633178711,645.6461791992188,0.506999135017395,0.4467025697231293,0.44240444898605347,1,-69.4304428100586,30.446182250976562,646.7994384765625,0.6453498601913452,0.44301334023475647,0.45311278104782104,60994263836,2090461442
1,4,1,2.4713134765625,1,2.5935516357421875,1,0.3667046129703522,0.3351379930973053,-44.84492492675781,129.31114196777344,36.423614501953125,1,0.18454906344413757,0.47139883041381836,-107.66207122802734,104.47321319580078,27.383380889892578,1,-2.7295703887939453,28.630046844482422,645.6124877929688,0.5069141387939453,0.4467478394508362,0.44232773780822754,1,-69.34705352783203,30.407320022583008,646.2055053710938,0.6453264951705933,0.4430169463157654,0.451806902885437,60994272169,2090469775
1,4,1,2.4658966064453125,1,2.59912109375,1,0.36353614926338196,0.3554617166519165,-45.937583923339844,125.60647583007812,35.07521057128906,1,0.1931515485048294,0.47946232557296753,-104.69546508789062,103.00336456298828,26.84844398498535,1,-2.687784433364868,28.587120056152344,645.4733276367188,0.5068285465240479,0.4468194842338562,0.44201990962028503,1,-69.31434631347656,30.34432029724121,646.071044921875,0.6452926993370056,0.44312989711761475,0.451500803232193,60994280502,2090478108
1,4,1,2.47369384765625,1,2.60980224609375,1,0.36558961868286133,0.373663067817688,-45.229434967041016,122.28871154785156,33.86762619018555,1,0.1908966302871704,0.48334550857543945,-105.47306060791016,102.2955322265625,26.590784072875977,1,-2.652169704437256,28.568784713745117,645.3936157226562,0.5067552328109741,0.4468476176261902,0.44184425473213196,1,-69.2793960571289,30.30048370361328,645.99609375,0.6452393531799316,0.4432109594345093,0.45132526755332947,60994288838,2090486444
1,4,1,2.4718475341796875,1,2.6367034912109375,1,0.35926467180252075,0.37530961632728577,-47.41061782836914,121.98855590820312,33.7584114074707,1,0.19527724385261536,0.45886433124542236,-103.96240234375,106.75802612304688,28.214984893798828,1,-2.614442825317383,28.525938034057617,645.2918701171875,0.5066776871681213,0.44692379236221313,0.44161760807037354,1,-69.23963928222656,30.24562644958496,645.8641967773438,0.6451902389526367,0.4433075189590454,0.45102420449256897,60994297172,2090494778
1,4,1,2.4484710693359375,1,2.631988525390625,1,0.35357069969177246,0.34206250309944153,-49.37421798706055,128.0489044189453,35.964229583740234,1,0.20467421412467957,0.4576305150985718,-100.7218246459961,106.98292541503906,28.29682159423828,1,-2.5717029571533203,28.47404670715332,645.2474365234375,0.5065891146659851,0.44702574610710144,0.4415139853954315,1,-69.2035903930664,30.211719512939453,645.8359375,0.645122766494751,0.44337406754493713,0.4509502947330475,60994305505,2090503111
1,4,1,2.4774627685546875,1,2.615325927734375,1,0.3641497492790222,0.35210514068603516,-45.72598648071289,126.21832275390625,35.29792785644531,1,0.19650903344154358,0.46200457215309143,-103.5376205444336,106.18561553955078,28.00664710998535,1,-2.535722255706787,28.463333129882812,645.224609375,0.506514310836792,0.4470451772212982,0.44146278500556946,1,-69.17213439941406,30.209274291992188,645.8543090820312,0.645052969455719,0.44338157773017883,0.45098239183425903,60994313838,2090511444
1,4,1,2.4517974853515625,1,2.6446685791015625,1,0.358419269323349,0.33951738476753235,-47.70215606689453,128.51284790039062,36.13307571411133,1,0.1973271369934082,0.43857720494270325,-103.25547790527344,110.45600891113281,29.56088638305664,1,-2.492325782775879,28.433900833129883,645.075927734375,0.5064253211021423,0.4470878541469574,0.441135972738266,1,-69.15652465820312,30.213016510009766,645.9874267578125,0.6449872851371765,0.44339102506637573,0.4512666165828705,60994322172,2090519778
1,4,1,2.4654083251953125,1,2.6317138671875,1,0.36060962080955505,0.3541727364063263,-46.94680404663086,125.84141540527344,35.1607780456543,1,0.2013404220342636,0.44762685894966125,-101.8714828491211,108.80642700195312,28.960472106933594,1,-2.4490771293640137,28.457855224609375,645.0416870117188,0.5063353180885315,0.4470341205596924,0.4410644471645355,1,-69.1115951538086,30.234813690185547,645.8563842773438,0.6449268460273743,0.4433290958404541,0.45097655057907104,60994330505,2090528111
1,4,1,2.508453369140625,1,2.620391845703125,1,0.36294230818748474,0.36869069933891296,-46.142372131347656,123.19505310058594,34.19758987426758,1,0.19310393929481506,0.4700714945793152,-104.71187591552734,104.71513366699219,27.471487045288086,1,-2.408864974975586,28.468624114990234,645.0421142578125,0.5062514543533325,0.44701194763183594,0.4410664439201355,1,-69.07514953613281,30.25458526611328,645.86328125,0.6448495984077454,0.4432891309261322,0.45098572969436646,60994338838,2090536444
1,4,1,2.48785400390625,1,2.6324310302734375,1,0.36797091364860535,0.36729931831359863,-44.40824508666992,123.44869995117188,34.28987503051758,1,0.20845314860343933,0.4787936210632324,-99.41863250732422,103.12525177001953,26.89278793334961,1,-2.368964672088623,28.494356155395508,644.881103515625,0.5061696171760559,0.44693881273269653,0.44071999192237854,1,-69.0257568359375,30.29061508178711,645.6729736328125,0.6447945833206177,0.4431900680065155,0.45056867599487305,60994347172,2090544778
1,4,1,2.4972076416015625,1,2.63018798828125,1,0.3578072190284729,0.3747170865535736,-47.91322708129883,122.09657287597656,33.7977180480957,1,0.19507969915866852,0.4655969440937042,-104.03053283691406,105.53076934814453,27.76833152770996,1,-2.329131841659546,28.534841537475586,644.8109130859375,0.506087064743042,0.4468463361263275,0.44057270884513855,1,-68.96846008300781,30.345165252685547,645.4481811523438,0.6447318196296692,0.4430481493473053,0.45007801055908203,60994355505,2090553111
1,4,1,2.4838714599609375,1,2.633331298828125,1,0.3599289059638977,0.3568282723426819,-47.181541442871094,125.35737609863281,34.98457717895508,1,0.2037927508354187,0.46700674295425415,-101.02578735351562,105.2738265991211,27.674728393554688,1,-2.292968988418579,28.541648864746094,644.8572387695312,0.5060111880302429,0.44683805108070374,0.44067370891571045,1,-68.94535064697266,30.373477935791016,645.5247802734375,0.6446645855903625,0.4429995119571686,0.45024189352989197,60994363838,2090561444
1,4,1,2.499176025390625,1,2.6484832763671875,1,0.3598870635032654,0.3659011125564575,-47.195987701416016,123.70355987548828,34.38264465332031,1,0.20779888331890106,0.47227728366851807,-99.64425659179688,104.31307220458984,27.325098037719727,1,-2.2542994022369385,28.562305450439453,644.960693359375,0.5059296488761902,0.44680818915367126,0.4409007132053375,1,-68.92787170410156,30.40283966064453,645.6455078125,0.6445980668067932,0.442954421043396,0.45050233602523804,60994372172,2090569778
1,4,1,2.48291015625,1,2.6195831298828125,1,0.3601160943508148,0.3457697331905365,-47.11701202392578,127.3731460571289,35.71828079223633,1,0.20250971615314484,0.4741513729095459,-101.46825408935547,103.97147369384766,27.200746536254883,1,-2.229886054992676,28.569599151611328,644.9838256835938,0.5058784484863281,0.4467959702014923,0.4409516751766205,1,-68.90724182128906,30.426895141601562,645.756103515625,0.6445275545120239,0.4429190158843994,0.45073944330215454,60994380505,2090578111
1,4,1,2.49615478515625,1,2.6518402099609375,1,0.36743688583374023,0.354876309633255,-44.59239959716797,125.71319580078125,35.11406707763672,1,0.21130213141441345,0.46818432211875916,-98.4361343383789,105.05915069580078,27.59663963317871,1,-2.2043795585632324,28.56385612487793,644.9270629882812,0.5058257579803467,0.4468008875846863,0.44082748889923096,1,-68.8809814453125,30.43328094482422,645.773681640625,0.6444687247276306,0.4429081380367279,0.45077237486839294,60994388838,2090586444
1,4,1,2.46771240234375,1,2.630950927734375,1,0.36372610926628113,0.35455724596977234,-45.8720703125,125.77133178710938,35.13525390625,1,0.20401018857955933,0.4721418023109436,-100.95081329345703,104.33777618408203,27.334089279174805,1,-2.1801750659942627,28.567535400390625,644.8583984375,0.5057758092880249,0.4467847943305969,0.4406788647174835,1,-68.85420989990234,30.447093963623047,645.730224609375,0.6444239020347595,0.4428739845752716,0.45067429542541504,60994397172,2090594778
1,4,1,2.4742889404296875,1,2.6226043701171875,1,0.36681368947029114,0.3524032235145569,-44.80731964111328,126.16397094726562,35.278160095214844,1,0.2024206966161728,0.46032899618148804,-101.49893951416016,106.49103546142578,28.1177978515625,1,-2.1602871417999268,28.552762985229492,644.8013916015625,0.5057348012924194,0.4468083679676056,0.44055309891700745,1,-68.83187866210938,30.429931640625,645.7476806640625,0.64437335729599,0.4429118037223816,0.45070454478263855,60994405505,2090603111
1,4,1,2.508575439453125,1,2.6157989501953125,1,0.36560776829719543,0.37655898928642273,-45.223182678222656,121.76081085205078,33.675567626953125,1,0.18954375386238098,0.46186506748199463,-105.93961334228516,106.21104431152344,28.015869140625,1,-2.1462624073028564,28.548280715942383,644.8123779296875,0.5057055354118347,0.446819007396698,0.4405761659145355,1,-68.8045425415039,30.415498733520508,645.6466674804688,0.6443419456481934,0.44292861223220825,0.4504784643650055,60994413838,2090611444
1,4,1,2.497772216796875,1,2.6457977294921875,1,0.3528379201889038,0.38734596967697144,-49.62691116333008,119.7945327758789,32.95991897583008,1,0.21442009508609772,0.4495305120944977,-97.36090850830078,108.45941925048828,28.83426856994629,1,-2.1331350803375244,28.533336639404297,644.7551879882812,0.5056785941123962,0.4468429386615753,0.44045013189315796,1,-68.78241729736328,30.39202308654785,645.5477294921875,0.6443209052085876,0.4429644048213959,0.45025673508644104,60994422175,2090619781
1,4,1,2.495452880859375,1,2.6464691162109375,1,0.3567611575126648,0.37875887751579285,-48.27397155761719,121.35982513427734,33.52956008911133,1,0.2010529637336731,0.44263485074043274,-101.97061920166016,109.71636199951172,29.291736602783203,1,-2.1256186962127686,28.52537727355957,644.8826904296875,0.5056619048118591,0.4468751847743988,0.440725713968277,1,-68.76499938964844,30.376346588134766,645.4688110351562,0.6443045735359192,0.4429866671562195,0.4500802755355835,60994430508,2090628114
1,4,1,2.5092315673828125,1,2.6469268798828125,1,0.36454272270202637,0.37892910838127136,-45.59046173095703,121.32877349853516,33.518314361572266,1,0.2071884572505951,0.47566133737564087,-99.85477447509766,103.69622802734375,27.100576400756836,1,-2.118558883666992,28.51922607421875,644.9517822265625,0.5056465864181519,0.446896493434906,0.44087472558021545,1,-68.75328826904297,30.370925903320312,645.4119873046875,0.6442944407463074,0.4429905116558075,0.4499543607234955,60994438841,2090636447
1,4,1,2.50860595703125,1,2.653472900390625,1,0.3530626595020294,0.3750839829444885,-49.54941940307617,122.02969360351562,33.77339553833008,1,0.2075997143983841,0.4780520796775818,-99.71294403076172,103.26045227050781,26.94194984436035,1,-2.1139514446258545,28.502525329589844,645.0216674804688,0.5056365132331848,0.44693976640701294,0.4410242438316345,1,-68.75303649902344,30.36905288696289,645.4591064453125,0.6442821621894836,0.4430004954338074,0.45005571842193604,60994447175,2090644781
1,4,1,2.497283935546875,1,2.6442413330078125,1,0.35727253556251526,0.38873592019081116,-48.097618103027344,119.54118347167969,32.86764144897461,1,0.20403537154197693,0.4431375563144684,-100.94212341308594,109.62472534179688,29.258403778076172,1,-2.114075183868408,28.51568031311035,645.0671997070312,0.5056363344192505,0.44691815972328186,0.44112467765808105,1,-68.75102996826172,30.375198364257812,645.4951782226562,0.6442689299583435,0.4429924488067627,0.4501340091228485,60994455508,2090653114
1,4,1,2.5218048095703125,1,2.6250457763671875,1,0.3603675961494446,0.3894563317298889,-47.03026580810547,119.40986633300781,32.81983947753906,1,0.20147985219955444,0.44340693950653076,-101.82341003417969,109.57561492919922,29.24053955078125,1,-2.1143651008605957,28.52490997314453,645.1357421875,0.5056363344192505,0.44690755009651184,0.44127461314201355,1,-68.75529479980469,30.381603240966797,645.552734375,0.6442634463310242,0.44298669695854187,0.4502599239349365,60994463841,2090661447
1,4,1,2.49969482421875,1,2.631072998046875,1,0.35796135663986206,0.3702327311038971,-47.86008071899414,122.91398620605469,34.09522247314453,1,0.20337897539138794,0.45325711369514465,-101.1684799194336,107.78010559082031,28.5870304107666,1,-2.117825984954834,28.542478561401367,645.1351318359375,0.5056435465812683,0.4468710720539093,0.4412756860256195,1,-68.75889587402344,30.397380828857422,645.6228637695312,0.6442533135414124,0.4429631233215332,0.45041424036026,60994472175,2090669781
1,4,1,2.49810791015625,1,2.6303253173828125,1,0.36636537313461304,0.36219489574432373,-44.9619140625,124.37911987304688,34.6285514831543,1,0.2120741605758667,0.44711363315582275,-98.16990661621094,108.89996337890625,28.994577407836914,1,-2.122384548187256,28.560749053955078,645.146240234375,0.5056529641151428,0.44683465361595154,0.44130221009254456,1,-68.77639770507812,30.42965316772461,645.7726440429688,0.6442521214485168,0.4429157078266144,0.45074570178985596,60994480508,2090678114
1,4,1,2.53448486328125,1,2.6197662353515625,1,0.3589397668838501,0.3742029070854187,-47.52267074584961,122.19031524658203,33.8317985534668,1,0.21038851141929626,0.4520133137702942,-98.75120544433594,108.0068359375,28.669517517089844,1,-2.130850076675415,28.573986053466797,645.20361328125,0.5056700706481934,0.44681432843208313,0.44142842292785645,1,-68.7907485961914,30.461204528808594,645.9105224609375,0.6442473530769348,0.44286829233169556,0.451050728559494,60994488841,2090686447
1,4,1,2.5152130126953125,1,2.671661376953125,1,0.363081693649292,0.3473811149597168,-46.094303131103516,127.07941436767578,35.61137008666992,1,0.2046542912721634,0.47097378969192505,-100.72867584228516,104.5506591796875,27.411602020263672,1,-2.1377482414245605,28.6065673828125,645.318603515625,0.5056834816932678,0.4467611312866211,0.44168224930763245,1,-68.79190063476562,30.530738830566406,645.9102783203125,0.6442494988441467,0.4427243769168854,0.45105987787246704,60994497175,2090694781
1,4,1,2.52740478515625,1,2.631439208984375,1,0.3600423038005829,0.37011727690696716,-47.142459869384766,122.93502807617188,34.10289764404297,1,0.19884394109249115,0.47652119398117065,-102.73240661621094,103.53948211669922,27.043569564819336,1,-2.1416091918945312,28.660737991333008,645.3880615234375,0.50569087266922,0.44665762782096863,0.44184014201164246,1,-68.79460906982422,30.584793090820312,645.9583740234375,0.6442429423332214,0.44261884689331055,0.45117175579071045,60994505508,2090703114
1,4,1,2.4988250732421875,1,2.6145172119140625,1,0.35880470275878906,0.37403538823127747,-47.569244384765625,122.2208251953125,33.84296798706055,1,0.2017517238855362,0.4640454947948456,-101.72965240478516,105.81359100341797,27.8712100982666,1,-2.1509885787963867,28.714859008789062,645.3992919921875,0.5057101845741272,0.4465469717979431,0.4418715834617615,1,-68.79393005371094,30.60929298400879,645.920654296875,0.6442508101463318,0.4425632059574127,0.451093465089798,60994513841,2090711447
1,4,1,2.493255615234375,1,2.631256103515625,1,0.3628605306148529,0.3764369785785675,-46.17056655883789,121.78305053710938,33.68364715576172,1,0.21045036613941193,0.44078657031059265,-98.7298812866211,110.05323791503906,29.414403915405273,1,-2.163717031478882,28.76567268371582,645.4436645507812,0.505736231803894,0.44644737243652344,0.44197455048561096,1,-68.80799865722656,30.630266189575195,645.9765625,0.64426589012146,0.4425271153450012,0.45122018456459045,60994522175,2090719781
1,4,1,2.51953125,1,2.629241943359375,1,0.3623359501361847,0.38223230838775635,-46.35148239135742,120.72666931152344,33.29914474487305,1,0.21589359641075134,0.4351757764816284,-96.85277557373047,111.07604217529297,29.786558151245117,1,-2.174196720123291,28.79004669189453,645.5120849609375,0.5057574510574341,0.44640541076660156,0.4421263337135315,1,-68.8187484741211,30.646753311157227,646.0923461914062,0.6442592740058899,0.4425080418586731,0.451474666595459,60994530507,2090728114
1,4,1,2.495941162109375,1,2.642822265625,1,0.35928040742874146,0.37453654408454895,-47.40518569946289,122.12947082519531,33.80971908569336,1,0.2174685299396515,0.43817609548568726,-96.30963134765625,110.52911376953125,29.587539672851562,1,-2.1820387840270996,28.800430297851562,645.557861328125,0.5057734251022339,0.44638964533805847,0.4422270357608795,1,-68.83551025390625,30.671417236328125,646.2537841796875,0.6442536115646362,0.44247809052467346,0.451830118894577,60994538840,2090736447
1,4,1,2.52960205078125,1,2.62518310546875,1,0.3570525050163269,0.4231935143470764,-48.173500061035156,113.26016998291016,30.58155059814453,1,0.22032974660396576,0.478655070066452,-95.32293701171875,103.1505126953125,26.90196990966797,1,-2.2136991024017334,28.779773712158203,645.696533203125,0.5058382749557495,0.44644954800605774,0.4425254464149475,1,-68.86058807373047,30.657093048095703,646.4853515625,0.6442479491233826,0.442537784576416,0.45233353972435,60994547174,2090744781
1,4,1,2.5104217529296875,1,2.6591796875,1,0.3376316428184509,0.4397827386856079,-54.87085723876953,110.23625183105469,29.480941772460938,1,0.1756477802991867,0.5736920833587646,-110.73170471191406,85.82698822021484,20.596660614013672,1,-2.2978248596191406,28.633031845092773,645.846435546875,0.5060125589370728,0.44677144289016724,0.44283223152160645,1,-68.8912124633789,30.560348510742188,646.5277099609375,0.6443012356758118,0.4427432715892792,0.45241886377334595,60994555509,2090753116
1,4,1,2.5254364013671875,1,2.6400299072265625,1,0.34097060561180115,0.5639046430587769,-53.71940612792969,87.6110610961914,21.24603271484375,1,0.19854459166526794,0.6270279288291931,-102.83563232421875,76.10480499267578,17.058061599731445,1,-2.3599724769592285,28.549850463867188,645.7901611328125,0.5061426758766174,0.44693639874458313,0.4426997900009155,1,-68.91813659667969,30.469118118286133,647.029052734375,0.6442325115203857,0.4429967403411865,0.4534943997859955,60994563842,2090761449
1,4,1,2.4940948486328125,1,2.6340179443359375,1,0.3374626338481903,0.5680092573165894,-54.92914581298828,86.86286163330078,20.97370719909668,1,0.1654541939496994,0.6715619564056396,-114.24700164794922,67.98704528808594,14.1034574508667,1,-2.395685911178589,28.42579460144043,645.8355712890625,0.5062169432640076,0.4471985101699829,0.44278258085250854,1,-68.87371063232422,30.38626480102539,646.719970703125,0.644217848777771,0.44312798976898193,0.45280614495277405,60994572176,2090769783
1,4,1,2.5438385009765625,1,2.609649658203125,1,0.33718377351760864,0.5602275133132935,-55.02531051635742,88.28131866455078,21.489994049072266,1,0.1799168884754181,0.662878692150116,-109.2594985961914,69.56985473632812,14.679557800292969,1,-2.392458915710449,28.4212646484375,645.9271240234375,0.5062093138694763,0.4472191631793976,0.44298055768013,1,-68.89154052734375,30.362239837646484,646.727783203125,0.6442529559135437,0.44317862391471863,0.45282381772994995,60994580509,2090778116
1,4,1,2.497589111328125,1,2.639251708984375,1,0.34198278188705444,0.578586995601654,-53.37035369873047,84.93470001220703,20.2719783782959,1,0.19246213138103485,0.6651697158813477,-104.9332046508789,69.1522445678711,14.527569770812988,1,-2.3865444660186768,28.402359008789062,645.9503173828125,0.5061968564987183,0.44726109504699707,0.44302845001220703,1,-68.94254302978516,30.316551208496094,646.9774169921875,0.6442965269088745,0.4433051347732544,0.45336779952049255,60994588842,2090786449
1,4,1,2.506103515625,1,2.611297607421875,1,0.3339468538761139,0.5826796293258667,-56.14158248901367,84.1886978149414,20.000438690185547,1,0.18354637920856476,0.6034234166145325,-108.00784301757812,80.40748596191406,18.624135971069336,1,-2.3953843116760254,28.402490615844727,645.9734497070312,0.5062150955200195,0.4472636580467224,0.44307875633239746,1,-68.95968627929688,30.29700469970703,647.044677734375,0.6443153619766235,0.44335418939590454,0.45351430773735046,60994597176,2090794783
1,4,1,2.5082855224609375,1,2.5984344482421875,1,0.3422737121582031,0.5853862166404724,-53.27003860473633,83.6953353881836,19.82085418701172,1,0.1841655969619751,0.6172268390655518,-107.79429626464844,77.89137268066406,17.708332061767578,1,-2.402952194213867,28.403583526611328,645.973388671875,0.5062308311462402,0.44726136326789856,0.443078875541687,1,-68.97979736328125,30.286762237548828,647.1233520507812,0.6443374752998352,0.44338545203208923,0.4536871910095215,60994605509,2090803116
1,4,1,2.498138427734375,1,2.6343994140625,1,0.3391200304031372,0.5810292959213257,-54.35759353637695,84.48953247070312,20.109909057617188,1,0.18804557621479034,0.6272745728492737,-106.4562759399414,76.05987548828125,17.04166603088379,1,-2.408057451248169,28.40506935119629,646.0194091796875,0.5062410235404968,0.4472639858722687,0.4431789219379425,1,-69.00416564941406,30.285743713378906,647.260009765625,0.6443538069725037,0.4434051215648651,0.4539874494075775,60994613842,2090811449
1,4,1,2.489105224609375,1,2.577606201171875,1,0.3358462452888489,0.558424711227417,-55.48655700683594,88.60993957519531,21.609657287597656,1,0.1869310885667801,0.599700927734375,-106.84061431884766,81.08602142333984,18.871164321899414,1,-2.4123287200927734,28.415546417236328,646.053955078125,0.5062496066093445,0.4472465515136719,0.443255215883255,1,-69.00192260742188,30.29147720336914,647.1658935546875,0.6443725228309631,0.443381130695343,0.453784704208374,60994622176,2090819783
1,4,1,2.4749298095703125,1,2.6029205322265625,1,0.3362489342689514,0.556260883808136,-55.34770965576172,89.00436401367188,21.753196716308594,1,0.1874406784772873,0.6222193241119385,-106.66487884521484,76.98131561279297,17.37716293334961,1,-2.419581890106201,28.420955657958984,646.0767211914062,0.5062644481658936,0.44723814725875854,0.4433053731918335,1,-69.01069641113281,30.296911239624023,647.1652221679688,0.6443908214569092,0.4433698058128357,0.45378589630126953,60994630509,2090828116
1,4,1,2.4955596923828125,1,2.56402587890625,1,0.3416711688041687,0.5629213452339172,-53.477813720703125,87.790283203125,21.311269760131836,1,0.15618307888507843,0.6211228370666504,-117.4441909790039,77.18119049072266,17.44991683959961,1,-2.426311492919922,28.451602935791016,646.1119995117188,0.5062780976295471,0.4471791088581085,0.443386048078537,1,-69.01998138427734,30.332767486572266,647.1263427734375,0.6444196105003357,0.44329074025154114,0.4537089467048645,60994638842,2090836449
1,4,1,2.497039794921875,1,2.608184814453125,1,0.3379041850566864,0.5827991962432861,-54.77688217163086,84.16690063476562,19.992515563964844,1,0.18366725742816925,0.6426897048950195,-107.96615600585938,73.24994659423828,16.01901626586914,1,-2.4363036155700684,28.486328125,646.1580810546875,0.5062984228134155,0.4471130073070526,0.443490594625473,1,-69.03164672851562,30.36019515991211,647.1353759765625,0.6444413065910339,0.44323521852493286,0.45373496413230896,60994647176,2090844783
1,4,1,2.4683074951171875,1,2.5922088623046875,1,0.33814316987991333,0.583959698677063,-54.69445037841797,83.95537567138672,19.91547393798828,1,0.17832744121551514,0.6733816862106323,-109.80760955810547,67.65535736083984,13.982745170593262,1,-2.441945791244507,28.531455993652344,646.1693115234375,0.506309986114502,0.4470210671424866,0.44352084398269653,1,-69.04390716552734,30.396728515625,647.1325073242188,0.6444672346115112,0.4431593716144562,0.45373642444610596,60994655509,2090853116
1,4,1,2.457550048828125,1,2.5752410888671875,1,0.3381728231906891,0.595876157283783,-54.684234619140625,81.78321075439453,19.124887466430664,1,0.17979474365711212,0.660374104976654,-109.3016128540039,70.02642059326172,14.845707893371582,1,-2.4506030082702637,28.57816505432129,646.2147216796875,0.5063274502754211,0.4469301402568817,0.4436255395412445,1,-69.04931640625,30.43158721923828,647.11767578125,0.6444819569587708,0.4430854320526123,0.4537104070186615,60994663842,2090861449
1,4,1,2.461334228515625,1,2.585540771484375,1,0.34284523129463196,0.5880781412124634,-53.07293701171875,83.20466613769531,19.64221954345703,1,0.17542120814323425,0.65940260887146,-110.80985260009766,70.2034912109375,14.910211563110352,1,-2.457719326019287,28.57799530029297,646.2720947265625,0.5063416957855225,0.44693759083747864,0.44375014305114746,1,-69.06301879882812,30.425064086914062,647.1884765625,0.6444927453994751,0.44310808181762695,0.4538653790950775,60994672176,2090869783
1,4,1,2.4735107421875,1,2.591644287109375,1,0.3426629602909088,0.5987818241119385,-53.13579177856445,81.25355529785156,18.932147979736328,1,0.16545619070529938,0.6745919585227966,-114.24632263183594,67.43472290039062,13.902496337890625,1,-2.4673080444335938,28.606346130371094,646.271240234375,0.5063616037368774,0.4468788504600525,0.4437519907951355,1,-69.06362915039062,30.444202423095703,647.151611328125,0.644503116607666,0.44306379556655884,0.45378854870796204,60994680509,2090878116
1,4,1,2.4688262939453125,1,2.5893096923828125,1,0.33673036098480225,0.6059607267379761,-55.18166732788086,79.94500732421875,18.455759048461914,1,0.17078423500061035,0.6490243673324585,-112.40892791748047,72.09527587890625,15.598711013793945,1,-2.475036144256592,28.610746383666992,646.363037109375,0.5063768625259399,0.44688111543655396,0.443951815366745,1,-69.08149719238281,30.44176483154297,647.2325439453125,0.6445198655128479,0.4430792033672333,0.45396688580513,60994688845,2090886452
1,4,1,2.4730224609375,1,2.574188232421875,1,0.33071690797805786,0.5987436175346375,-57.25544738769531,81.26052856445312,18.934635162353516,1,0.17194905877113342,0.6692306995391846,-112.0072250366211,68.41197967529297,14.258167266845703,1,-2.483417510986328,28.604846954345703,646.421142578125,0.5063937902450562,0.4469004273414612,0.44407719373703003,1,-69.0905990600586,30.433467864990234,647.2420654296875,0.6445363163948059,0.4430975615978241,0.45398837327957153,60994697179,2090894786
1,4,1,2.458465576171875,1,2.5892333984375,1,0.357400506734848,0.6185503005981445,-48.05348205566406,77.6501235961914,17.62059783935547,1,0.17737096548080444,0.6815738081932068,-110.13746643066406,66.16207122802734,13.439285278320312,1,-2.4479150772094727,28.584335327148438,646.3416748046875,0.5063206553459167,0.4469330608844757,0.44390177726745605,1,-69.05390930175781,30.428668975830078,647.1774291992188,0.644476592540741,0.4430992007255554,0.45383989810943604,60994705512,2090903119
1,4,1,2.443389892578125,1,2.6059112548828125,1,0.3785179555416107,0.5987218022346497,-40.771034240722656,81.26449584960938,18.936105728149414,1,0.22222810983657837,0.691266655921936,-94.66828155517578,64.395263671875,12.796152114868164,1,-2.4004993438720703,28.53290557861328,646.3770141601562,0.5062217712402344,0.44704383611679077,0.4439714550971985,1,-69.02600860595703,30.40907859802246,647.2197265625,0.6444084048271179,0.44314518570899963,0.45392218232154846,60994713845,2090911452
1,4,1,2.4665374755859375,1,2.59210205078125,1,0.36784979701042175,0.5995683670043945,-44.45000076293945,81.11018371582031,18.879928588867188,1,0.2174064666032791,0.6734619736671448,-96.33104705810547,67.64068603515625,13.977476119995117,1,-2.3925909996032715,28.516143798828125,646.38916015625,0.5062052607536316,0.44707995653152466,0.44399547576904297,1,-69.01814270019531,30.402503967285156,647.1617431640625,0.6444066166877747,0.4431512951850891,0.45379438996315,60994722179,2090919786
1,4,1,2.4649505615234375,1,2.584716796875,1,0.38120725750923157,0.6022927761077881,-39.843624114990234,80.61357116699219,18.69918441772461,1,0.21087288856506348,0.650322437286377,-98.58417510986328,71.858642578125,15.512646675109863,1,-2.405369281768799,28.492300033569336,646.4813842773438,0.5062310695648193,0.44714054465293884,0.44419264793395996,1,-69.04576110839844,30.377559661865234,647.2151489257812,0.6444506049156189,0.4432096481323242,0.453912615776062,60994730512,2090928119
1,4,1,2.4665069580078125,1,2.574554443359375,1,0.37751808762550354,0.6065801978111267,-41.1158561706543,79.83207702636719,18.414691925048828,1,0.19229623675346375,0.6511501669883728,-104.99041748046875,71.70773315429688,15.457712173461914,1,-2.4226908683776855,28.493562698364258,646.4814453125,0.5062670707702637,0.4471379220485687,0.44419315457344055,1,-69.08671569824219,30.379486083984375,647.4315185546875,0.6444813013076782,0.4432334899902344,0.45438894629478455,60994738845,2090936452
1,4,1,2.459503173828125,1,2.564605712890625,1,0.3743192255496979,0.5880448222160339,-42.2189826965332,83.21072387695312,19.644460678100586,1,0.20429761707782745,0.6321865916252136,-100.85167694091797,75.16448211669922,16.715862274169922,1,-2.436330795288086,28.491466522216797,646.5037841796875,0.5062953233718872,0.4471449851989746,0.444241464138031,1,-69.10671997070312,30.37466812133789,647.510009765625,0.6445031762123108,0.4432535171508789,0.45456236600875854,60994747179,2090944786
1,4,1,2.49249267578125,1,2.587127685546875,1,0.37740394473075867,0.5893747806549072,-41.15522003173828,82.96829986572266,19.556222915649414,1,0.213902086019516,0.6706597805023193,-97.53953552246094,68.15153503417969,14.163267135620117,1,-2.4455294609069824,28.48432159423828,646.514892578125,0.5063143372535706,0.44716107845306396,0.444264680147171,1,-69.12643432617188,30.371824264526367,647.529541015625,0.6445390582084656,0.44326186180114746,0.4546085596084595,60994755512,2090953119
1,4,1,2.5102691650390625,1,2.5594482421875,1,0.379408061504364,0.5962120294570923,-40.464088439941406,81.72200012207031,19.102611541748047,1,0.2068548947572708,0.6481098532676697,-99.96978759765625,72.26193237304688,15.659444808959961,1,-2.460501194000244,28.508037567138672,646.538330078125,0.506345272064209,0.4471149742603302,0.44431883096694946,1,-69.14923095703125,30.398719787597656,647.53662109375,0.6445842981338501,0.4432072043418884,0.4546326994895935,60994763845,2090961452
1,4,1,2.4730682373046875,1,2.57891845703125,1,0.3857535719871521,0.5868983864784241,-38.275814056396484,83.4197006225586,19.720548629760742,1,0.22039279341697693,0.6622753739356995,-95.30119323730469,69.6798095703125,14.71963882446289,1,-2.470959424972534,28.510608673095703,646.550048828125,0.5063669085502625,0.447111040353775,0.44434455037117004,1,-69.16322326660156,30.39496612548828,647.5214233398438,0.6446170210838318,0.44321298599243164,0.45460256934165955,60994772179,2090969786
1,4,1,2.441802978515625,1,2.544708251953125,1,0.37976017594337463,0.6099355816841125,-40.3426628112793,79.22042846679688,18.192142486572266,1,0.20416250824928284,0.6632718443870544,-100.89827728271484,69.49821472167969,14.65345287322998,1,-2.4798707962036133,28.540386199951172,646.5729370117188,0.506385087966919,0.44705235958099365,0.4443981647491455,1,-69.16732025146484,30.422584533691406,647.485107421875,0.6446344256401062,0.4431512951850891,0.45452880859375,60994780512,2090978119
1,4,1,2.446258544921875,1,2.5611724853515625,1,0.37754085659980774,0.5960647463798523,-41.10798263549805,81.74884796142578,19.11236572265625,1,0.19493140280246735,0.6601637601852417,-104.0816650390625,70.06473541259766,14.859712600708008,1,-2.4899654388427734,28.55095100402832,646.595703125,0.5064058899879456,0.4470333158969879,0.44444912672042847,1,-69.17662048339844,30.427087783813477,647.4241943359375,0.6446688175201416,0.4431340992450714,0.45440009236335754,60994788844,2090986452
1,4,1,2.454925537109375,1,2.5623779296875,1,0.3722257614135742,0.6172989010810852,-42.94093704223633,77.87823486328125,17.70360565185547,1,0.21042335033416748,0.6720114350318909,-98.73919677734375,67.90509796142578,14.073687553405762,1,-2.5006628036499023,28.565176010131836,646.6064453125,0.506428062915802,0.4470052421092987,0.44447433948516846,1,-69.1864013671875,30.4373836517334,647.37353515625,0.6447016596794128,0.4431062638759613,0.45429447293281555,60994797177,2090994785
1,4,1,2.4293670654296875,1,2.550018310546875,1,0.3718157708644867,0.6263988614082336,-43.08232879638672,76.21947479248047,17.0998592376709,1,0.19947786629199982,0.6668451428413391,-102.5137939453125,68.84680938720703,14.416519165039062,1,-2.514187812805176,28.58645248413086,646.5599975585938,0.5064565539360046,0.44695553183555603,0.4443764090538025,1,-69.21365356445312,30.461647033691406,647.439453125,0.644741415977478,0.44306468963623047,0.45444613695144653,60994805511,2091003119
1,4,1,2.4638824462890625,1,2.5716552734375,1,0.3761151134967804,0.6221132874488831,-41.59967041015625,77.00065612792969,17.384178161621094,1,0.20445802807807922,0.6778537631034851,-100.79637145996094,66.84017944335938,13.68603801727295,1,-2.535029888153076,28.574241638183594,646.5487670898438,0.5065000653266907,0.4469793736934662,0.4443506598472595,1,-69.2284164428711,30.44362449645996,647.3660888671875,0.6447902917861938,0.44309237599372864,0.4542887806892395,60994813845,2091011453
1,4,1,2.4653472900390625,1,2.5723419189453125,1,0.3803829252719879,0.6152046918869019,-40.127899169921875,78.25996398925781,17.842538833618164,1,0.21569612622261047,0.7011255025863647,-96.92085266113281,62.59813690185547,12.142056465148926,1,-2.5602707862854004,28.572856903076172,646.5020751953125,0.5065529346466064,0.4469763934612274,0.44424930214881897,1,-69.24749755859375,30.437488555908203,647.2783813476562,0.6448516845703125,0.4430936574935913,0.45410314202308655,60994822178,2091019786
1,4,1,2.4529266357421875,1,2.564117431640625,1,0.3862054646015167,0.6092354655265808,-38.11997985839844,79.34806060791016,18.23856544494629,1,0.2113901823759079,0.6774334907531738,-98.4057846069336,66.91677856445312,13.713994026184082,1,-2.5871763229370117,28.561176300048828,646.4447631835938,0.5066094994544983,0.4469933807849884,0.44412365555763245,1,-69.2732925415039,30.423328399658203,647.2494506835938,0.6449123024940491,0.443119078874588,0.4540446400642395,60994830512,2091028120
1,4,1,2.4638824462890625,1,2.552215576171875,1,0.36692652106285095,0.6296864748001099,-44.76839828491211,75.62020111083984,16.881723403930664,1,0.21854117512702942,0.6972948312759399,-95.93974304199219,63.296417236328125,12.396221160888672,1,-2.609015703201294,28.54918670654297,646.4556884765625,0.5066548585891724,0.4470194876194,0.444146066904068,1,-69.30142974853516,30.415058135986328,647.3145141601562,0.6449542045593262,0.4431445300579071,0.45419034361839294,60994838845,2091036453
1,4,1,2.4372711181640625,1,2.6138916015625,1,0.3713906407356262,0.6168439388275146,-43.22892379760742,77.96117401123047,17.733762741088867,1,0.23725108802318573,0.6838431358337402,-89.487548828125,65.74839782714844,13.288741111755371,1,-2.6403167247772217,28.553157806396484,646.5247192382812,0.5067192912101746,0.4470197558403015,0.44429653882980347,1,-69.34732055664062,30.422374725341797,647.458740234375,0.6450130343437195,0.4431479573249817,0.4545130133628845,60994847178,2091044786
1,4,1,2.451568603515625,1,2.5830078125,1,0.37232908606529236,0.6106181144714355,-42.905311584472656,79.09602355957031,18.1468448638916,1,0.21158355474472046,0.6514174938201904,-98.33910369873047,71.65902709960938,15.440020561218262,1,-2.67899227142334,28.521535873413086,646.59375,0.5067991614341736,0.44709348678588867,0.44444262981414795,1,-69.3797378540039,30.388614654541016,647.4641723632812,0.6450787782669067,0.44321832060813904,0.4545276165008545,60994855512,2091053120
1,4,1,2.4267425537109375,1,2.5546875,1,0.38401034474372864,0.6023289561271667,-38.8769645690918,80.60698699951172,18.696767807006836,1,0.21155411005020142,0.6455233097076416,-98.34925079345703,72.73342895507812,15.831024169921875,1,-2.709521770477295,28.516498565673828,646.5824584960938,0.5068627595901489,0.44710245728492737,0.444417804479599,1,-69.4005126953125,30.384201049804688,647.340576171875,0.6451526880264282,0.4432114064693451,0.45426517724990845,60994863845,2091061453
1,4,1,2.431915283203125,1,2.5406951904296875,1,0.3865586817264557,0.599281370639801,-37.9981575012207,81.16252899169922,18.898941040039062,1,0.20706427097320557,0.6369153261184692,-99.89759826660156,74.30252838134766,16.402061462402344,1,-2.710071563720703,28.4938907623291,646.59326171875,0.5068638324737549,0.44715046882629395,0.44443824887275696,1,-69.4133529663086,30.363452911376953,647.373779296875,0.645171046257019,0.44325849413871765,0.454336941242218,60994872178,2091069786
1,4,1,2.435791015625,1,2.5546112060546875,1,0.4399230480194092,0.6013158559799194,-19.595224380493164,80.79166412353516,18.763965606689453,1,0.2495260089635849,0.631504476070404,-85.25447845458984,75.28881072998047,16.761070251464844,1,-2.6605167388916016,28.482746124267578,646.6397705078125,0.50676029920578,0.4471793472766876,0.44453734159469604,1,-69.38898468017578,30.37909698486328,647.4977416992188,0.6450895667076111,0.44324228167533875,0.45460087060928345,60994880512,2091078120
1,4,1,2.45123291015625,1,2.55145263671875,1,0.45999211072921753,0.6046137809753418,-12.674321174621582,80.19050598144531,18.545183181762695,1,0.26411202549934387,0.6377937197685242,-80.22441864013672,74.14238739013672,16.343852996826172,1,-2.6204519271850586,28.500776290893555,646.6517333984375,0.5066768527030945,0.4471436142921448,0.44456520676612854,1,-69.36652374267578,30.41284942626953,647.442626953125,0.6450567841529846,0.44316551089286804,0.454481303691864,60994888845,2091086453
1,4,1,2.4506378173828125,1,2.5707244873046875,1,0.46222758293151855,0.5963737368583679,-11.90340805053711,81.69251251220703,19.091880798339844,1,0.26962897181510925,0.60501629114151,-78.32189178466797,80.11715698242188,18.518468856811523,1,-2.6164135932922363,28.480548858642578,646.6634521484375,0.5066684484481812,0.4471868574619293,0.4445880353450775,1,-69.33975982666016,30.390289306640625,647.1763305664062,0.6450681090354919,0.4431777596473694,0.453897625207901,60994897178,2091094786
1,4,1,2.43487548828125,1,2.5652923583984375,1,0.4527188241481781,0.5952967405319214,-15.182544708251953,81.8888168334961,19.163349151611328,1,0.27059632539749146,0.6375705599784851,-77.98828125,74.18306732177734,16.358644485473633,1,-2.6585025787353516,28.484703063964844,646.7093505859375,0.5067554116249084,0.44718384742736816,0.44468846917152405,1,-69.37498474121094,30.387468338012695,647.0731201171875,0.6451668739318848,0.4431701600551605,0.453682541847229,60994905512,2091103120
1,4,1,2.440032958984375,1,2.555908203125,1,0.4641231894493103,0.6060885787010193,-11.24969482421875,79.92166900634766,18.44739532470703,1,0.257551372051239,0.6250250935554504,-82.48689270019531,76.46990203857422,17.190961837768555,1,-2.7053112983703613,28.483295440673828,646.6854858398438,0.5068530440330505,0.4471836984157562,0.4446370005607605,1,-69.41827392578125,30.365562438964844,646.9573974609375,0.6452854871749878,0.44320037961006165,0.45343998074531555,60994913845,2091111453
1,4,1,2.4212799072265625,1,2.5644378662109375,1,0.44481536746025085,0.6035580039024353,-17.90808868408203,80.38294982910156,18.615249633789062,1,0.2700851261615753,0.6166284084320068,-78.16458129882812,78.0004653930664,17.748071670532227,1,-2.7420711517333984,28.491209030151367,646.73193359375,0.5069289803504944,0.44717299938201904,0.4447391629219055,1,-69.47254180908203,30.36603546142578,647.1004028320312,0.6453619003295898,0.44321778416633606,0.45376095175743103,60994922178,2091119786
1,4,1,2.4189605712890625,1,2.5306243896484375,1,0.46570372581481934,0.6364772915840149,-10.70465087890625,74.38235473632812,16.431203842163086,1,0.26712682843208313,0.6377055644989014,-79.18475341796875,74.15847778320312,16.349634170532227,1,-2.7885870933532715,28.516111373901367,646.6385498046875,0.5070266723632812,0.44710999727249146,0.4445401430130005,1,-69.52758026123047,30.399028778076172,647.1951293945312,0.6454517841339111,0.4431617259979248,0.453982412815094,60994930512,2091128120
1,4,1,2.431549072265625,1,2.5362091064453125,1,0.45464202761650085,0.6145617961883545,-14.519320487976074,78.3771743774414,17.885173797607422,1,0.2620672881603241,0.6310746073722839,-80.9295654296875,75.36719512939453,16.78957748413086,1,-2.8349287509918213,28.52753448486328,646.615234375,0.5071232318878174,0.447083443403244,0.444491446018219,1,-69.58576965332031,30.394821166992188,647.26513671875,0.6455546021461487,0.44317933917045593,0.45414626598358154,60994938845,2091136453
1,4,1,2.42669677734375,1,2.5000152587890625,1,0.46521425247192383,0.6252850294113159,-10.873444557189941,76.4225082397461,17.17373275756836,1,0.2568310499191284,0.6364957094192505,-82.73529815673828,74.37899780273438,16.42995834350586,1,-2.887906312942505,28.568056106567383,646.6950073242188,0.5072324872016907,0.44700950384140015,0.44467028975486755,1,-69.61282348632812,30.392696380615234,647.0706787109375,0.645659327507019,0.4431586265563965,0.45373257994651794,60994947183,2091144791
1,4,1,2.4253387451171875,1,2.523529052734375,1,0.45682841539382935,0.6315355896949768,-13.765335083007812,75.28311920166016,16.75908851623535,1,0.25272509455680847,0.6311310529708862,-84.15126037597656,75.35689544677734,16.785869598388672,1,-2.929638147354126,28.59152603149414,646.7062377929688,0.5073190927505493,0.4469623267650604,0.44469815492630005,1,-69.65373229980469,30.391958236694336,646.9786987304688,0.645767092704773,0.4431481659412384,0.453543484210968,60994955517,2091153125
1,4,1,2.4216156005859375,1,2.520599365234375,1,0.45521363615989685,0.6479119658470154,-14.322189331054688,72.29800415039062,15.672571182250977,1,0.2693403363227844,0.6539016962051392,-78.4214096069336,71.20616912841797,15.275185585021973,1,-2.9757394790649414,28.611827850341797,646.6929931640625,0.5074150562286377,0.44691863656044006,0.44467243552207947,1,-69.70339965820312,30.410686492919922,647.0757446289062,0.645845353603363,0.44312188029289246,0.453766793012619,60994963850,2091161458
1,4,1,2.426055908203125,1,2.5197601318359375,1,0.449031263589859,0.6451679468154907,-16.4542293548584,72.79820251464844,15.854618072509766,1,0.27582114934921265,0.6407383680343628,-76.18648529052734,73.60560607910156,16.148557662963867,1,-3.0335745811462402,28.626270294189453,646.576416015625,0.5075366497039795,0.4468742907047272,0.4444219172000885,1,-69.77207946777344,30.43124008178711,647.2492065429688,0.6459437012672424,0.4431017339229584,0.454159677028656,60994972183,2091169791
1,4,1,2.4114837646484375,1,2.51617431640625,1,0.46517494320869446,0.6407716274261475,-10.887003898620605,73.59956359863281,16.146289825439453,1,0.2551616430282593,0.6277965903282166,-83.31100463867188,75.96467590332031,17.00713539123535,1,-3.076176643371582,28.626110076904297,646.7147827148438,0.5076236724853516,0.4468916356563568,0.4447227120399475,1,-69.81306457519531,30.38872528076172,647.2041625976562,0.6460398435592651,0.44318363070487976,0.45406612753868103,60994980517,2091178125
1,4,1,2.419342041015625,1,2.5453033447265625,1,0.4632767140865326,0.6367528438568115,-11.541616439819336,74.33213806152344,16.412878036499023,1,0.2833842635154724,0.6371223330497742,-73.57830810546875,74.26477813720703,16.388378143310547,1,-3.124537944793701,28.628528594970703,646.6217651367188,0.5077252984046936,0.44687509536743164,0.44452157616615295,1,-69.85051727294922,30.372970581054688,647.06689453125,0.6461520195007324,0.44319838285446167,0.453776478767395,60994988850,2091186458
1,4,1,2.4154815673828125,1,2.536773681640625,1,0.47005558013916016,0.6470471024513245,-9.20389461517334,72.45565795898438,15.729939460754395,1,0.28552648425102234,0.6264554858207703,-72.83953857421875,76.20914459228516,17.09615135192871,1,-3.1593446731567383,28.627914428710938,646.6556396484375,0.5077973008155823,0.4468804597854614,0.4445953369140625,1,-69.89956665039062,30.35121726989746,647.1392211914062,0.6462352275848389,0.4432525336742401,0.45394086837768555,60994997183,2091194791
1,4,1,2.3859405517578125,1,2.5300445556640625,1,0.45751500129699707,0.6229767799377441,-13.528558731079102,76.84325408935547,17.326892852783203,1,0.26831454038619995,0.6226410865783691,-78.77517700195312,76.90445709228516,17.349178314208984,1,-3.209068775177002,28.61017417907715,646.6095581054688,0.5079013109207153,0.4469113349914551,0.44449371099472046,1,-69.9554443359375,30.329965591430664,647.26953125,0.6463180184364319,0.4433131217956543,0.45423197746276855,60995005517,2091203125
1,4,1,2.4236297607421875,1,2.4956817626953125,1,0.4477434456348419,0.6388420462608337,-16.89834213256836,73.95130157470703,16.27430534362793,1,0.2743251621723175,0.5953419804573059,-76.702392578125,81.88057708740234,19.160350799560547,1,-3.2503530979156494,28.597143173217773,646.5400390625,0.5079880356788635,0.44692960381507874,0.4443415105342865,1,-70.02088928222656,30.319690704345703,647.4212036132812,0.646415114402771,0.44335371255874634,0.45457300543785095,60995013850,2091211458
1,4,1,2.420806884765625,1,2.4889678955078125,1,0.44912493228912354,0.628608226776123,-16.421913146972656,75.8167495727539,16.953264236450195,1,0.27516284584999084,0.6036738753318787,-76.41351318359375,80.3618392944336,18.60755729675293,1,-3.286013126373291,28.564838409423828,646.6212768554688,0.5080612897872925,0.4470062553882599,0.4445140063762665,1,-70.04318237304688,30.282949447631836,647.28759765625,0.6464951038360596,0.44341233372688293,0.4542849361896515,60995022183,2091219791
1,4,1,2.37091064453125,1,2.4639129638671875,1,0.46110355854034424,0.6158567070960999,-12.291043281555176,78.14112854003906,17.799245834350586,1,0.25879958271980286,0.6015516519546509,-82.05644989013672,80.74868774414062,18.748313903808594,1,-3.3240413665771484,28.57680892944336,646.701416015625,0.5081393718719482,0.4469913840293884,0.4446898102760315,1,-70.06240844726562,30.27838134765625,647.21142578125,0.6465541124343872,0.4434119462966919,0.4541245102882385,60995030517,2091228125
1,4,1,2.4173736572265625,1,2.51641845703125,1,0.45311400294303894,0.6223565340042114,-15.046268463134766,76.956298828125,17.368072509765625,1,0.2717703878879547,0.6147662997245789,-77.5833969116211,78.3398666381836,17.871667861938477,1,-3.354739189147949,28.565473556518555,646.7127075195312,0.5082031488418579,0.4470161199569702,0.44471317529678345,1,-70.0859146118164,30.26812171936035,647.1466064453125,0.6466191411018372,0.4434247314929962,0.453988641500473,60995038850,2091236458
1,4,1,2.413726806640625,1,2.48846435546875,1,0.45659324526786804,0.6287691593170166,-13.846442222595215,75.78741455078125,16.942598342895508,1,0.2683969736099243,0.613305926322937,-78.74673461914062,78.60609436035156,17.968490600585938,1,-3.3733203411102295,28.554716110229492,646.6893920898438,0.5082420110702515,0.44703540205955505,0.444661408662796,1,-70.10948944091797,30.264907836914062,647.11767578125,0.6466752290725708,0.44342759251594543,0.4539313316345215,60995047183,2091244791
1,4,1,2.397216796875,1,2.5020599365234375,1,0.497337281703949,0.6361001133918762,0.20432452857494354,74.45111846923828,16.45618438720703,1,0.307983934879303,0.6142862439155579,-65.09500885009766,78.42735290527344,17.903532028198242,1,-3.3527753353118896,28.590595245361328,646.7465209960938,0.5081985592842102,0.4469684064388275,0.444789856672287,1,-70.1126937866211,30.28952407836914,647.3427124023438,0.6466248035430908,0.44340574741363525,0.454420804977417,60995055516,2091253125
1,4,1,2.364227294921875,1,2.5228729248046875,1,0.5125298500061035,0.6334862112998962,5.443536758422852,74.9275894165039,16.62958526611328,1,0.31525617837905884,0.6306508183479309,-62.587127685546875,75.44442749023438,16.817731857299805,1,-3.337202310562134,28.5904483795166,646.7127685546875,0.5081666111946106,0.4469645917415619,0.44471633434295654,1,-70.09661865234375,30.290966033935547,647.298095703125,0.6466028690338135,0.44339704513549805,0.454321026802063,60995063849,2091261458
1,4,1,2.384735107421875,1,2.5193023681640625,1,0.5058571100234985,0.6371755003929138,3.142418384552002,74.25508117675781,16.384864807128906,1,0.31188228726387024,0.6030383706092834,-63.75064468383789,80.47766876220703,18.64968490600586,1,-3.34724760055542,28.62606430053711,646.699951171875,0.5081875920295715,0.4468894302845001,0.444693386554718,1,-70.10565185546875,30.325809478759766,647.1895751953125,0.6466488242149353,0.4433111250400543,0.45409372448921204,60995072182,2091269791
1,4,1,2.359130859375,1,2.5036468505859375,1,0.5090965032577515,0.6280915141105652,4.25954532623291,75.91091918945312,16.987573623657227,1,0.3214849531650543,0.5886129140853882,-60.43912887573242,83.107177734375,19.60678482055664,1,-3.3647115230560303,28.626365661621094,646.6760864257812,0.5082241296768188,0.4468858242034912,0.44464176893234253,1,-70.1490478515625,30.34005355834961,647.3099365234375,0.6467080116271973,0.4432971179485321,0.4543653428554535,60995080518,2091278127
1,4,1,2.4310455322265625,1,2.503753662109375,1,0.49154603481292725,0.6507652401924133,-1.7928155660629272,71.77790832519531,15.483256340026855,1,0.30504336953163147,0.607069194316864,-66.10907745361328,79.74293518066406,18.382251739501953,1,-3.3869481086730957,28.6384334564209,646.687255859375,0.508270263671875,0.44686219096183777,0.44466790556907654,1,-70.18373107910156,30.353496551513672,647.4229736328125,0.6467511057853699,0.44328388571739197,0.45461902022361755,60995088851,2091286460
1,4,1,2.3610382080078125,1,2.514495849609375,1,0.49578481912612915,0.618852436542511,-0.33104851841926575,77.59504699707031,17.60053253173828,1,0.31768742203712463,0.619286298751831,-61.748722076416016,77.51598358154297,17.571712493896484,1,-3.409885883331299,28.647172927856445,646.6635131835938,0.5083181858062744,0.44684121012687683,0.44461774826049805,1,-70.20654296875,30.365554809570312,647.4508056640625,0.6467911601066589,0.4432625472545624,0.4546860456466675,60995097184,2091294793
1,4,1,2.37274169921875,1,2.4988555908203125,1,0.4865971505641937,0.6435844302177429,-3.4994518756866455,73.08686065673828,15.95964527130127,1,0.32665592432022095,0.6257047653198242,-58.65589141845703,76.34600067138672,17.145872116088867,1,-3.431094169616699,28.640380859375,646.6517333984375,0.5083624720573425,0.44685372710227966,0.4445914924144745,1,-70.22782897949219,30.341106414794922,647.447509765625,0.6468360424041748,0.44331252574920654,0.454680472612381,60995105518,2091303127
1,4,1,2.376220703125,1,2.4760894775390625,1,0.48809996247291565,0.6282688975334167,-2.9812071323394775,75.87860870361328,16.97578239440918,1,0.3097929358482361,0.6178181767463684,-64.47116088867188,77.7835693359375,17.669147491455078,1,-3.452488899230957,28.649755477905273,646.709228515625,0.5084062218666077,0.44684141874313354,0.444717675447464,1,-70.23306274414062,30.336597442626953,647.31494140625,0.6468805074691772,0.44330474734306335,0.45439520478248596,60995113851,2091311460
1,4,1,2.3878326416015625,1,2.4956817626953125,1,0.49869784712791443,0.6330012083053589,0.67351233959198,75.01597595214844,16.661849975585938,1,0.3199191391468048,0.6111664772033691,-60.979095458984375,78.99607849121094,18.110414505004883,1,-3.4754390716552734,28.63817596435547,646.6746826171875,0.508454442024231,0.44686102867126465,0.44464150071144104,1,-70.23928833007812,30.30514144897461,647.2220458984375,0.6469169855117798,0.4433577060699463,0.4541919231414795,60995122184,2091319793
1,4,1,2.38018798828125,1,2.502227783203125,1,0.5002028346061707,0.644611656665802,1.192512035369873,72.89959716796875,15.891526222229004,1,0.31103813648223877,0.6077079176902771,-64.04175567626953,79.62650299072266,18.33989143371582,1,-3.490795850753784,28.6329345703125,646.686279296875,0.508486270904541,0.4468732476234436,0.44466617703437805,1,-70.25820922851562,30.287092208862305,647.2056884765625,0.6469603180885315,0.443392813205719,0.45415860414505005,60995130518,2091328127
1,4,1,2.350189208984375,1,2.4846649169921875,1,0.5085461735725403,0.6461889743804932,4.0697407722473145,72.61209106445312,15.786861419677734,1,0.318654328584671,0.5919725894927979,-61.415283203125,82.49476623535156,19.383878707885742,1,-3.5048882961273193,28.62394142150879,646.7212524414062,0.5085151195526123,0.44689610600471497,0.44474101066589355,1,-70.28264617919922,30.278175354003906,647.2703857421875,0.6469945311546326,0.44341951608657837,0.45430269837379456,60995138851,2091336460
1,4,1,2.3955078125,1,2.4847869873046875,1,0.5106849670410156,0.6375908255577087,4.8073296546936035,74.17937469482422,16.35731315612793,1,0.31235089898109436,0.6077122688293457,-63.58903884887695,79.62568664550781,18.339628219604492,1,-3.521162748336792,28.59454345703125,646.7676391601562,0.5085484385490417,0.44696250557899475,0.44483813643455505,1,-70.3082046508789,30.27032470703125,647.3596801757812,0.6470247507095337,0.44344717264175415,0.45450013875961304,60995147184,2091344793
1,4,1,2.3786163330078125,1,2.51708984375,1,0.5014783143997192,0.6369060277938843,1.6323763132095337,74.30419921875,16.402748107910156,1,0.307474821805954,0.6210528612136841,-65.27058410644531,77.19395446777344,17.454557418823242,1,-3.5387473106384277,28.587322235107422,646.8140869140625,0.5085843801498413,0.44698312878608704,0.44493818283081055,1,-70.32624816894531,30.269540786743164,647.4249877929688,0.6470454931259155,0.44345712661743164,0.454645037651062,60995155517,2091353126
1,4,1,2.3606719970703125,1,2.458831787109375,1,0.507347822189331,0.6072555184364319,3.656506061553955,79.7089614868164,18.36993980407715,1,0.3026534914970398,0.6201581954956055,-66.9332275390625,77.35704803466797,17.513866424560547,1,-3.5505990982055664,28.558345794677734,646.8256225585938,0.5086089372634888,0.44704434275627136,0.4449595510959625,1,-70.33043670654297,30.25692367553711,647.3778686523438,0.6470661163330078,0.44347715377807617,0.45454272627830505,60995163851,2091361460
1,4,1,2.3812408447265625,1,2.4991607666015625,1,0.5111367702484131,0.6268428564071655,4.963107585906982,76.1385498046875,17.070358276367188,1,0.3159915506839752,0.6492788791656494,-62.33355712890625,72.04886627197266,15.581899642944336,1,-3.5631885528564453,28.545074462890625,646.8256225585938,0.5086351037025452,0.44707176089286804,0.444957971572876,1,-70.33610534667969,30.24921226501465,647.3417358398438,0.647087037563324,0.44348838925361633,0.45446500182151794,60995172184,2091369793
1,4,1,2.38458251953125,1,2.4835357666015625,1,0.5087598562240601,0.6153969168663025,4.143459796905518,78.22492218017578,17.82982635498047,1,0.31839388608932495,0.6319140791893005,-61.50509262084961,75.2141342163086,16.73396873474121,1,-3.5712995529174805,28.53987693786621,646.814453125,0.5086521506309509,0.4470810890197754,0.444933146238327,1,-70.35574340820312,30.25202178955078,647.4322509765625,0.6471046209335327,0.44349420070648193,0.45466533303260803,60995180518,2091378127
1,4,1,2.3651580810546875,1,2.501861572265625,1,0.5051962733268738,0.6237074136734009,2.9145264625549316,76.71007537841797,17.27842140197754,1,0.3106447756290436,0.6560327410697937,-64.17741394042969,70.81775665283203,15.133763313293457,1,-3.576896905899048,28.525394439697266,646.825439453125,0.5086636543273926,0.4471123218536377,0.44495517015457153,1,-70.35803985595703,30.243362426757812,647.4063720703125,0.6471160054206848,0.4435087740421295,0.45460882782936096,60995188851,2091386460
1,4,1,2.348236083984375,1,2.5063629150390625,1,0.5184565782546997,0.6232686638832092,7.487399578094482,76.79004669189453,17.307565689086914,1,0.30638211965560913,0.6513606309890747,-65.64739227294922,71.66937255859375,15.44375228881836,1,-3.5796544551849365,28.539081573486328,646.8717041015625,0.5086687207221985,0.4470897614955902,0.4450574815273285,1,-70.35954284667969,30.250957489013672,647.4554443359375,0.6471067070960999,0.4434993863105774,0.4547160267829895,60995197184,2091394793
1,4,1,2.3536834716796875,1,2.4753570556640625,1,0.49967601895332336,0.6155146360397339,1.0108495950698853,78.20346069335938,17.821996688842773,1,0.31036776304244995,0.6472530961036682,-64.2729263305664,72.4181137084961,15.71624755859375,1,-3.579594612121582,28.531150817871094,646.8487548828125,0.5086689591407776,0.4471033215522766,0.44500666856765747,1,-70.36320495605469,30.251327514648438,647.5018310546875,0.6471024751663208,0.44350460171699524,0.454816997051239,60995205519,2091403128
1,4,1,2.372406005859375,1,2.4902801513671875,1,0.5119245052337646,0.6283693909645081,5.234797477722168,75.86028289794922,16.96910285949707,1,0.3159283399581909,0.6322302222251892,-62.35533905029297,75.15653228759766,16.712894439697266,1,-3.5802419185638428,28.542755126953125,646.8599853515625,0.5086700916290283,0.44708073139190674,0.44503253698349,1,-70.36688232421875,30.26211166381836,647.5721435546875,0.6470921635627747,0.4434913694858551,0.454971045255661,60995213852,2091411461
1,4,1,2.35345458984375,1,2.46185302734375,1,0.5086446404457092,0.6389475464820862,4.103712558746338,73.93206787109375,16.2673282623291,1,0.3003775477409363,0.6179140210151672,-67.71810150146484,77.76610565185547,17.66277313232422,1,-3.576735496520996,28.557863235473633,646.9065551757812,0.508662223815918,0.44705528020858765,0.4451355040073395,1,-70.36616516113281,30.270427703857422,647.60791015625,0.6470816135406494,0.4434787631034851,0.455049067735672,60995222185,2091419794
1,4,1,2.35247802734375,1,2.498382568359375,1,0.47597256302833557,0.6225665807723999,-7.163399696350098,76.91802215576172,17.354154586791992,1,0.28702977299690247,0.6352603435516357,-72.32113647460938,74.60417175292969,16.511960983276367,1,-3.6357784271240234,28.549846649169922,646.9053344726562,0.5087849497795105,0.4470715820789337,0.44513243436813354,1,-70.40042114257812,30.24782943725586,647.4105224609375,0.6472024917602539,0.44349998235702515,0.45462819933891296,60995230519,2091428128
1,4,1,2.384307861328125,1,2.48797607421875,1,0.40350276231765747,0.635652482509613,-32.15492248535156,74.53269958496094,16.485918045043945,1,0.18730229139328003,0.679893970489502,-106.71260833740234,66.4682846069336,13.550671577453613,1,-3.84399676322937,28.529491424560547,646.971923828125,0.5092169046401978,0.44712141156196594,0.4452769458293915,1,-70.59785461425781,30.276899337768555,647.9126586914062,0.6474828720092773,0.4435041844844818,0.455761194229126,60995238852,2091436461
1,4,1,2.3467254638671875,1,2.4795074462890625,1,0.3029702305793762,0.6315445303916931,-66.82400512695312,75.28152465820312,16.758453369140625,1,0.11476531624794006,0.6740794777870178,-131.727294921875,67.52813720703125,13.936427116394043,1,-4.1514387130737305,28.485197067260742,646.966552734375,0.5098561644554138,0.4472116231918335,0.44526368379592896,1,-70.85435485839844,30.21063232421875,648.2980346679688,0.6479145884513855,0.44368976354599,0.45664340257644653,60995247185,2091444794
1,4,1,2.375274658203125,1,2.5396881103515625,1,0.2219196856021881,0.6514348387718201,-94.7746353149414,71.65585327148438,15.438822746276855,1,0.07575333118438721,0.6786772608757019,-145.1807403564453,66.6900863647461,13.63134765625,1,-4.478821754455566,28.473936080932617,647.03076171875,0.5105355978012085,0.4472421109676361,0.4454061686992645,1,-71.10356140136719,30.179475784301758,648.826171875,0.6482941508293152,0.44382110238075256,0.457836776971817,60995255519,2091453128
1,4,1,2.3758697509765625,1,2.4554290771484375,1,0.15221568942070007,0.6409549117088318,-118.8123779296875,73.5661849975586,16.134111404418945,1,-0.02224312536418438,0.6984190344810486,-178.97523498535156,63.09149169921875,12.321617126464844,1,-4.745321273803711,28.47354507446289,647.107177734375,0.5110881924629211,0.4472517967224121,0.445576012134552,1,-71.2406005859375,30.158626556396484,649.1292724609375,0.6484993696212769,0.44390249252319336,0.458519846200943,60995263852,2091461461
1,4,1,2.37109375,1,2.483428955078125,1,0.12231294810771942,0.671927809715271,-129.12445068359375,67.92034912109375,14.079229354858398,1,-0.05223777890205383,0.7103155255317688,-189.3190155029297,60.922950744628906,11.53239631652832,1,-4.939552307128906,28.47391128540039,647.1729736328125,0.511490523815155,0.44725877046585083,0.44572195410728455,1,-71.44866943359375,30.248979568481445,651.2034912109375,0.6483986973762512,0.4439806342124939,0.4630550146102905,60995272185,2091469794
1,4,1,2.406982421875,1,2.4900970458984375,1,0.0834454670548439,0.6230189800262451,-142.52809143066406,76.83553314208984,17.324134826660156,1,-0.0596662200987339,0.7005759477615356,-191.88076782226562,62.69831085205078,12.178581237792969,1,-4.996981620788574,28.484224319458008,647.183349609375,0.511609673500061,0.44723865389823914,0.4457467794418335,1,-71.4876937866211,30.281570434570312,651.5780029296875,0.6483834981918335,0.4439612925052643,0.46387648582458496,60995280519,2091478128
1,4,1,2.3729095458984375,1,2.4997100830078125,1,0.1023084744811058,0.6342344880104065,-136.0230712890625,74.79118347167969,16.579967498779297,1,-0.05808545649051666,0.723741352558136,-191.33563232421875,58.475669860839844,10.64164924621582,1,-4.979009628295898,28.482891082763672,647.1951904296875,0.5115721225738525,0.4472428858280182,0.4457719922065735,1,-71.47550964355469,30.25335121154785,651.35205078125,0.6484161019325256,0.44399046897888184,0.463382363319397,60995288852,2091486461
1,4,1,2.413177490234375,1,2.4961395263671875,1,0.10052848607301712,0.6546940803527832,-136.63693237304688,71.061767578125,15.222589492797852,1,-0.05639774352312088,0.7301782965660095,-190.75363159179688,57.30234146118164,10.214598655700684,1,-4.953649044036865,28.48371696472168,647.1959228515625,0.5115194320678711,0.44724130630493164,0.44577330350875854,1,-71.47101593017578,30.25876808166504,651.5596923828125,0.6483540534973145,0.4440057575702667,0.463829904794693,60995297185,2091494794
1,4,1,2.3834991455078125,1,2.519500732421875,1,0.09121724218130112,0.6340038776397705,-139.8479461669922,74.83319854736328,16.595325469970703,1,-0.03984975069761276,0.7288922667503357,-185.04698181152344,57.53675842285156,10.299909591674805,1,-4.940436840057373,28.48436737060547,647.2307739257812,0.5114913582801819,0.4472442865371704,0.44584882259368896,1,-71.45049285888672,30.22402000427246,651.1644287109375,0.6484124660491943,0.4440268874168396,0.4629678428173065,60995305518,2091503127
1,4,1,2.4015350341796875,1,2.5327911376953125,1,0.10721611976623535,0.6645708084106445,-134.33065795898438,69.26140594482422,14.567362785339355,1,-0.020800640806555748,0.728793740272522,-178.47781372070312,57.55473709106445,10.30643081665039,1,-4.93022346496582,28.478595733642578,647.23095703125,0.5114700794219971,0.44725626707077026,0.445848286151886,1,-71.46171569824219,30.221580505371094,651.5499877929688,0.6483376026153564,0.44408079981803894,0.46380192041397095,60995313851,2091511461
1,4,1,2.37744140625,1,2.514251708984375,1,0.09592153131961823,0.6536833047866821,-138.22564697265625,71.24597930908203,15.289670944213867,1,-0.02590009942650795,0.7404999732971191,-180.2363739013672,55.420867919921875,9.529800415039062,1,-4.914283752441406,28.47732162475586,647.1622314453125,0.5114383101463318,0.4472504258155823,0.44569873809814453,1,-71.4552001953125,30.227344512939453,651.6354370117188,0.6483025550842285,0.4440798759460449,0.463985413312912,60995322184,2091519794
1,4,1,2.413238525390625,1,2.5176239013671875,1,0.09944291412830353,0.6605993509292603,-137.0112762451172,69.98534393310547,14.830798149108887,1,-0.023734088987112045,0.7520646452903748,-179.4894256591797,53.31285858154297,8.762484550476074,1,-4.898733139038086,28.465055465698242,647.058349609375,0.5114079117774963,0.44726306200027466,0.44547146558761597,1,-71.32742309570312,30.11931800842285,649.4471435546875,0.648597240447998,0.4440237879753113,0.45922067761421204,60995330517,2091528127
1,4,1,2.395233154296875,1,2.4831390380859375,1,0.10396749526262283,0.6580768823623657,-135.45095825195312,70.44514465332031,14.998154640197754,1,-0.036104511469602585,0.7354978322982788,-183.7554168701172,56.33270263671875,9.861613273620605,1,-4.882452964782715,28.45828628540039,646.897216796875,0.5113769769668579,0.44725725054740906,0.445120632648468,1,-71.31721496582031,30.12994384765625,649.4129638671875,0.6485849022865295,0.4439975917339325,0.45914599299430847,60995338856,2091536466
1,4,1,2.38824462890625,1,2.4889984130859375,1,0.09411702305078506,0.6540228128433228,-138.84793090820312,71.18412780761719,15.267128944396973,1,-0.04075241461396217,0.7373313903808594,-185.35826110839844,55.99848175048828,9.739949226379395,1,-4.869993209838867,28.457202911376953,646.81591796875,0.5113524794578552,0.44724950194358826,0.444943904876709,1,-71.46412658691406,30.289012908935547,652.4847412109375,0.6481053233146667,0.44406118988990784,0.4658278822898865,60995347189,2091544799
1,4,1,2.3914794921875,1,2.465667724609375,1,0.08215352147817612,0.641822338104248,-142.97361755371094,73.40805053710938,16.076583862304688,1,-0.044209931045770645,0.7389309406280518,-186.55059814453125,55.7069091796875,9.633833885192871,1,-4.85994815826416,28.45507049560547,646.7933959960938,0.5113320350646973,0.4472511410713196,0.44489455223083496,1,-71.2972183227539,30.133487701416016,649.3685913085938,0.6485550403594971,0.44398465752601624,0.45904606580734253,60995355522,2091553132
1,4,1,2.3872833251953125,1,2.4770660400390625,1,0.09022516757249832,0.6448124051094055,-140.1900634765625,72.86300659179688,15.87819766998291,1,-0.03499355912208557,0.7419719696044922,-183.37228393554688,55.15254592895508,9.432165145874023,1,-4.8494038581848145,28.458473205566406,646.7821044921875,0.5113102793693542,0.447242796421051,0.44487038254737854,1,-71.28572082519531,30.138294219970703,649.3602294921875,0.6485335230827332,0.44397374987602234,0.459026038646698,60995363856,2091561466
1,4,1,2.40838623046875,1,2.4961700439453125,1,0.09354285150766373,0.6470891833305359,-139.04595947265625,72.44798278808594,15.72718620300293,1,-0.03556782752275467,0.7332737445831299,-183.57034301757812,56.73809814453125,10.009209632873535,1,-4.843626022338867,28.456737518310547,646.747802734375,0.5112988948822021,0.4472421407699585,0.44479554891586304,1,-71.28387451171875,30.14382553100586,649.39697265625,0.648520290851593,0.4439670443534851,0.459105521440506,60995372189,2091569799
1,4,1,2.4204254150390625,1,2.513397216796875,1,0.0858725905418396,0.6536622643470764,-141.6910858154297,71.24987030029297,15.29103946685791,1,-0.01812647469341755,0.7312866449356079,-177.55560302734375,57.100303649902344,10.14102840423584,1,-4.842022895812988,28.47112464904785,646.7822875976562,0.5112949013710022,0.4472166895866394,0.44487226009368896,1,-71.44402313232422,30.306888580322266,652.5889892578125,0.6480377316474915,0.4440378248691559,0.466050386428833,60995380522,2091578132
1,4,1,2.406524658203125,1,2.5131072998046875,1,0.08489958196878433,0.6418405771255493,-142.02662658691406,73.40473175048828,16.0753116607666,1,-0.010793113149702549,0.7219852805137634,-175.02667236328125,58.79579162597656,10.758133888244629,1,-4.839432239532471,28.47632598876953,646.7595825195312,0.5112898945808411,0.447203129529953,0.44482356309890747,1,-71.449951171875,30.318288803100586,652.6383056640625,0.648037314414978,0.44402068853378296,0.46615973114967346,60995388856,2091586466
1,4,1,2.38226318359375,1,2.4730987548828125,1,0.09084315598011017,0.6507610082626343,-139.97694396972656,71.77867889404297,15.483543395996094,1,-0.004546250216662884,0.7434336543083191,-172.87242126464844,54.8861198425293,9.335153579711914,1,-4.841699600219727,28.48965072631836,646.73681640625,0.5112950205802917,0.4471728205680847,0.44477590918540955,1,-71.45610809326172,30.3328800201416,652.6875,0.6480373740196228,0.4439970552921295,0.46626919507980347,60995397189,2091594799
1,4,1,2.410980224609375,1,2.497528076171875,1,0.09172379225492477,0.6574180126190186,-139.6732635498047,70.56525421142578,15.0418701171875,1,-0.009939568117260933,0.7269619703292847,-174.7322998046875,57.88859558105469,10.428035736083984,1,-4.844040870666504,28.505447387695312,646.713623046875,0.511300265789032,0.44713738560676575,0.44472774863243103,1,-71.45787048339844,30.343149185180664,652.625244140625,0.64805668592453,0.44396814703941345,0.46613675355911255,60995405522,2091603132
1,4,1,2.382537841796875,1,2.490814208984375,1,0.10167885571718216,0.6590973138809204,-136.24021911621094,70.2591552734375,14.930426597595215,1,-0.0025319422129541636,0.7229097485542297,-172.17776489257812,58.62726593017578,10.696794509887695,1,-4.849631309509277,28.51599884033203,646.7019653320312,0.5113120079040527,0.44711408019065857,0.4447038769721985,1,-71.4530258178711,30.341201782226562,652.4943237304688,0.6480799317359924,0.44395551085472107,0.4658529460430145,60995413856,2091611466
1,4,1,2.3881378173828125,1,2.4690704345703125,1,0.08781055361032486,0.6641456484794617,-141.02276611328125,69.33892059326172,14.59550952911377,1,-0.010749321430921555,0.7166092991828918,-175.01158142089844,59.77571487426758,11.114830017089844,1,-4.858787536621094,28.53250503540039,646.667236328125,0.5113316774368286,0.4470757246017456,0.44463077187538147,1,-71.44296264648438,30.32059669494629,652.1054077148438,0.6481578946113586,0.443948358297348,0.46500882506370544,60995422189,2091619799
1,4,1,2.369781494140625,1,2.5220947265625,1,0.08756554126739502,0.6441376805305481,-141.1072540283203,72.98600006103516,15.922998428344727,1,-0.0282785352319479,0.721835196018219,-181.0565948486328,58.823158264160156,10.768044471740723,1,-4.93930196762085,28.53897476196289,646.7466430664062,0.5114976763725281,0.44707199931144714,0.44480523467063904,1,-71.43404388427734,30.26858139038086,651.1211547851562,0.648389458656311,0.44392991065979004,0.46287670731544495,60995430522,2091628132
1,4,1,2.428680419921875,1,2.4962615966796875,1,0.04409746825695038,0.6815876960754395,-156.097412109375,66.15953063964844,13.438332557678223,1,-0.06471660733222961,0.6970837712287903,-193.62240600585938,63.33487319946289,12.41024112701416,1,-5.044098854064941,28.542055130004883,646.6407470703125,0.5117175579071045,0.44705238938331604,0.44457754492759705,1,-71.50860595703125,30.287296295166016,651.24755859375,0.6485103964805603,0.4439074397087097,0.46316927671432495,60995438856,2091636466
1,4,1,2.405181884765625,1,2.54205322265625,1,0.04578574374318123,0.6788541674613953,-155.51519775390625,66.6578140258789,13.619698524475098,1,-0.029083680361509323,0.7009158134460449,-181.33424377441406,62.636356353759766,12.156054496765137,1,-5.097026824951172,28.55160903930664,646.6279907226562,0.5118278861045837,0.4470309615135193,0.44455209374427795,1,-71.55786895751953,30.279924392700195,651.0088500976562,0.648672342300415,0.44389209151268005,0.462664932012558,60995447189,2091644799
1,4,1,2.39837646484375,1,2.4174346923828125,1,0.04886368662118912,0.6673934459686279,-154.45375061035156,68.74690246582031,14.380045890808105,1,-0.05826948583126068,0.6769084930419922,-191.3990936279297,67.01245880126953,13.748777389526367,1,-5.1202239990234375,28.566648483276367,646.69677734375,0.511874794960022,0.447008341550827,0.44470372796058655,1,-71.58162689208984,30.283430099487305,651.0406494140625,0.6487129926681519,0.44388890266418457,0.46273961663246155,60995455522,2091653132
1,4,1,2.3887786865234375,1,2.5007781982421875,1,0.05218137428164482,0.6828858256340027,-153.30963134765625,65.92290496826172,13.352212905883789,1,-0.028873329982161522,0.7227538228034973,-181.26170349121094,58.655696868896484,10.707121849060059,1,-5.1378068923950195,28.587833404541016,646.6959228515625,0.5119112730026245,0.44696447253227234,0.44470492005348206,1,-71.59263610839844,30.29861831665039,651.038818359375,0.6487360000610352,0.44385746121406555,0.46274030208587646,60995463856,2091661466
1,4,1,2.39190673828125,1,2.472442626953125,1,0.050480879843235016,0.6934455633163452,-153.89605712890625,63.9980583190918,12.651569366455078,1,-0.05255978927016258,0.7046218514442444,-189.43008422851562,61.9608268737793,11.910102844238281,1,-5.15830135345459,28.58051109313965,646.6385498046875,0.5119550228118896,0.44697245955467224,0.4445798099040985,1,-71.62385559082031,30.300308227539062,651.1517944335938,0.6487712860107422,0.44386833906173706,0.46299147605895996,60995472192,2091669802
1,4,1,2.382568359375,1,2.5098876953125,1,0.04282880574464798,0.6833816766738892,-156.534912109375,65.83252716064453,13.319306373596191,1,-0.03051089309155941,0.7030574679374695,-181.826416015625,62.2459602355957,12.013936042785645,1,-5.184291362762451,28.607702255249023,646.544677734375,0.5120108127593994,0.44690462946891785,0.444379985332489,1,-71.63128662109375,30.305044174194336,651.0780029296875,0.6488053798675537,0.4438491761684418,0.4628346264362335,60995480525,2091678135
1,4,1,2.4096832275390625,1,2.4564208984375,1,0.04905201494693756,0.6722407341003418,-154.38880920410156,67.86328125,14.058521270751953,1,-0.06707701832056046,0.7013537883758545,-194.4364013671875,62.55651092529297,12.126975059509277,1,-5.205219745635986,28.628711700439453,646.486083984375,0.5120553970336914,0.44685399532318115,0.44425591826438904,1,-71.6442642211914,30.325424194335938,650.97802734375,0.6488573551177979,0.4437946081161499,0.46262484788894653,60995488859,2091686469
1,4,1,2.3667449951171875,1,2.4773101806640625,1,0.04380727931857109,0.6456612348556519,-156.19747924804688,72.70829010009766,15.821826934814453,1,-0.0546308197081089,0.7350229620933533,-190.144287109375,56.41926956176758,9.893136024475098,1,-5.233151435852051,28.634777069091797,646.300048828125,0.5121170878410339,0.44681835174560547,0.44385361671447754,1,-71.65699768066406,30.35135269165039,650.6737060546875,0.648961067199707,0.44370248913764954,0.4619748294353485,60995497192,2091694802
1,4,1,2.3686981201171875,1,2.4354705810546875,1,0.04750847816467285,0.6480919718742371,-154.9210968017578,72.26519012451172,15.66063117980957,1,-0.0715564712882042,0.7401048541069031,-195.98117065429688,55.49290084838867,9.556015968322754,1,-5.255773544311523,28.675861358642578,646.334716796875,0.5121634006500244,0.44673770666122437,0.4439345598220825,1,-71.70510864257812,30.42824935913086,651.03564453125,0.6489672064781189,0.4435907006263733,0.46277716755867004,60995505525,2091703135
1,4,1,2.3896484375,1,2.470245361328125,1,0.04211129993200302,0.6665071249008179,-156.7823486328125,68.90848541259766,14.43879222869873,1,-0.045349787920713425,0.7450692057609558,-186.9436798095703,54.587974548339844,9.226643562316895,1,-5.2755608558654785,28.74833869934082,646.39306640625,0.5122032761573792,0.446595162153244,0.444070965051651,1,-71.73924255371094,30.451766967773438,651.0780029296875,0.6490263342857361,0.4435477554798126,0.4628797471523285,60995513859,2091711469
1,4,1,2.39691162109375,1,2.46832275390625,1,0.041182991117239,0.6771509051322937,-157.1024627685547,66.96827697753906,13.732693672180176,1,-0.04440631717443466,0.7096606492996216,-186.6183319091797,61.04233169555664,11.575830459594727,1,-5.293082237243652,28.83373260498047,646.343994140625,0.5122405290603638,0.4464125633239746,0.44397595524787903,1,-71.77049255371094,30.488319396972656,651.0596923828125,0.6490950584411621,0.443470299243927,0.4628525376319885,60995522192,2091719802
1,4,1,2.3799591064453125,1,2.4626312255859375,1,0.03601790592074394,0.6619895696640015,-158.88368225097656,69.73194885253906,14.738564491271973,1,-0.05667624622583389,0.7049452662467957,-190.8496551513672,61.901885986328125,11.888630867004395,1,-5.314268112182617,28.86662483215332,646.366943359375,0.5122841000556946,0.4463474154472351,0.44403037428855896,1,-71.79102325439453,30.52172088623047,651.0172729492188,0.6491479277610779,0.44339627027511597,0.4627702832221985,60995530525,2091728135
1,4,1,2.38409423828125,1,2.446685791015625,1,0.0319296196103096,0.6469117403030396,-160.2935333251953,72.48033905029297,15.738924980163574,1,-0.05341148376464844,0.7191098928451538,-189.7238006591797,59.319923400878906,10.948866844177246,1,-5.3322601318359375,28.90290069580078,646.3211669921875,0.5123223662376404,0.44626671075820923,0.44393616914749146,1,-71.76422882080078,30.526521682739258,650.2030639648438,0.6493011116981506,0.44328203797340393,0.4610084891319275,60995538859,2091736469
1,4,1,2.4151458740234375,1,2.467010498046875,1,0.042448561638593674,0.6721141338348389,-156.66603088378906,67.88639831542969,14.06684684753418,1,-0.04801147058606148,0.7236926555633545,-187.86158752441406,58.48456573486328,10.644850730895996,1,-5.354971885681152,28.967411041259766,646.2394409179688,0.5123710632324219,0.4461231827735901,0.44376763701438904,1,-71.77259826660156,30.560382843017578,650.142333984375,0.6493337154388428,0.4432046115398407,0.4608840346336365,60995547192,2091744802
1,4,1,2.37969970703125,1,2.4367523193359375,1,0.043535541743040085,0.6713752746582031,-156.2911834716797,68.02108001708984,14.115857124328613,1,-0.060158777981996536,0.7218474745750427,-192.0506134033203,58.820892333984375,10.767306327819824,1,-5.3791303634643555,29.02454376220703,646.1801147460938,0.5124223828315735,0.4459976255893707,0.4436469078063965,1,-71.81951141357422,30.6184024810791,650.55224609375,0.6493249535560608,0.4431379735469818,0.46178707480430603,60995555525,2091753135
1,4,1,2.380126953125,1,2.4694671630859375,1,0.045942265540361404,0.6714479923248291,-155.4612274169922,68.0078353881836,14.111023902893066,1,-0.060593388974666595,0.7129168510437012,-192.20050048828125,60.44881057739258,11.35975456237793,1,-5.398154258728027,29.04446792602539,646.1329345703125,0.5124629139900208,0.4459504783153534,0.44354739785194397,1,-71.84910583496094,30.643259048461914,650.7017211914062,0.6493474245071411,0.443106085062027,0.46211984753608704,60995563859,2091761469
1,4,1,2.3884124755859375,1,2.497772216796875,1,0.04084936901926994,0.6610903143882751,-157.217529296875,69.89583587646484,14.798233985900879,1,-0.044474102556705475,0.7049221396446228,-186.64169311523438,61.90608596801758,11.89021110534668,1,-5.418956279754639,29.052997589111328,645.982177734375,0.5125092267990112,0.44591400027275085,0.443221777677536,1,-71.86405944824219,30.66187858581543,650.6154174804688,0.6494001150131226,0.4430566728115082,0.46193966269493103,60995572192,2091769802
1,4,1,2.386444091796875,1,2.4091644287109375,1,0.05169486999511719,0.6522274017333984,-153.4774169921875,71.51139831542969,15.386289596557617,1,-0.07078808546066284,0.7057062387466431,-195.7161865234375,61.76318359375,11.83813190460205,1,-5.4353227615356445,29.04074478149414,645.8438720703125,0.5125461220741272,0.44592198729515076,0.442920446395874,1,-71.885009765625,30.643539428710938,650.552001953125,0.6494595408439636,0.443086177110672,0.46180540323257446,60995580524,2091778135
1,4,1,2.3627777099609375,1,2.484527587890625,1,0.05673128366470337,0.6673963665962219,-151.74058532714844,68.74636840820312,14.379846572875977,1,-0.048120155930519104,0.7275708913803101,-187.89906311035156,57.777610778808594,10.387591361999512,1,-5.444855690002441,29.03508758544922,645.7398681640625,0.5125679969787598,0.4459206461906433,0.4426940977573395,1,-71.90486145019531,30.6325626373291,650.4644165039062,0.6495228409767151,0.44309738278388977,0.46161964535713196,60995588858,2091786469
1,4,1,2.4024810791015625,1,2.521209716796875,1,0.04757016897201538,0.6589749455451965,-154.8998565673828,70.28146362304688,14.938529014587402,1,-0.02449692413210869,0.7246178984642029,-179.7524871826172,58.31592559814453,10.583442687988281,1,-5.457048416137695,29.031421661376953,645.6818237304688,0.5125946402549744,0.4459209442138672,0.44256791472435,1,-71.9267807006836,30.630329132080078,650.4359130859375,0.6495751738548279,0.4430982768535614,0.4615631103515625,60995597191,2091794802
1,4,1,2.366241455078125,1,2.484161376953125,1,0.041976165026426315,0.6394072771072388,-156.82894897460938,73.8482666015625,16.236835479736328,1,-0.03160800412297249,0.7239230275154114,-182.20477294921875,58.442569732666016,10.629557609558105,1,-5.46658992767334,29.03598403930664,645.6823120117188,0.5126144886016846,0.44591158628463745,0.442569762468338,1,-71.94482421875,30.629253387451172,650.3124389648438,0.6496440172195435,0.44308459758758545,0.46130093932151794,60995605526,2091803137
1,4,1,2.369110107421875,1,2.4578704833984375,1,0.04170205816626549,0.6276821494102478,-156.9234619140625,75.98555755615234,17.014698028564453,1,-0.038825470954179764,0.7235409021377563,-184.69375610351562,58.51222229003906,10.654942512512207,1,-5.481269836425781,29.04642677307129,645.6589965820312,0.5126454830169678,0.4458869993686676,0.44252079725265503,1,-71.96813201904297,30.64023208618164,650.3924560546875,0.6496713161468506,0.44307228922843933,0.46148043870925903,60995613860,2091811471
1,4,1,2.40936279296875,1,2.4688262939453125,1,0.04926646128296852,0.6437966823577881,-154.31484985351562,73.04815673828125,15.945598602294922,1,-0.046757832169532776,0.7273760437965393,-187.4292449951172,57.81312561035156,10.400489807128906,1,-5.494880676269531,29.066768646240234,645.7169799804688,0.5126726031303406,0.4458521604537964,0.4426495134830475,1,-71.98332214355469,30.648496627807617,650.3380126953125,0.6497164368629456,0.44304823875427246,0.461367666721344,60995622193,2091819804
1,4,1,2.4107818603515625,1,2.50811767578125,1,0.04203095659613609,0.6629514694213867,-156.81004333496094,69.55657958984375,14.674789428710938,1,-0.030195327475667,0.7171515822410583,-181.71759033203125,59.67683792114258,11.07888126373291,1,-5.511443138122559,29.107666015625,645.578857421875,0.5127097964286804,0.44575023651123047,0.4423554837703705,1,-72.00933837890625,30.670188903808594,650.4510498046875,0.6497408747673035,0.4430181682109833,0.461620569229126,60995630526,2091828137
1,4,1,2.3643341064453125,1,2.4827117919921875,1,0.03889261931180954,0.6758180260658264,-157.89230346679688,67.21122741699219,13.821147918701172,1,-0.03388909250497818,0.715162456035614,-182.9914093017578,60.03947448730469,11.210749626159668,1,-5.531766414642334,29.15362548828125,645.4627685546875,0.512754499912262,0.4456404745578766,0.44211000204086304,1,-72.02034759521484,30.68817138671875,650.3661499023438,0.6497851610183716,0.44297024607658386,0.4614425003528595,60995638860,2091836471
1,4,1,2.364166259765625,1,2.4948577880859375,1,0.04318882152438164,0.6804564595222473,-156.41075134277344,66.36573791503906,13.513388633728027,1,-0.04051249101758003,0.7081578969955444,-185.27552795410156,61.31627655029297,11.675492286682129,1,-5.545651912689209,29.200931549072266,645.3689575195312,0.5127852559089661,0.44553080201148987,0.441912978887558,1,-72.00300598144531,30.692691802978516,649.6968994140625,0.6499215364456177,0.4428746700286865,0.45999568700790405,60995647193,2091844804
1,4,1,2.3731231689453125,1,2.44366455078125,1,0.03397049382328987,0.6615805625915527,-159.58975219726562,69.80648803710938,14.765728950500488,1,-0.054910413920879364,0.7424419522285461,-190.24070739746094,55.066890716552734,9.400957107543945,1,-5.533822059631348,29.242273330688477,645.4955444335938,0.5127578973770142,0.445461243391037,0.442192941904068,1,-72.06558990478516,30.81781768798828,650.7319946289062,0.6497836709022522,0.4427509605884552,0.46225982904434204,60995655526,2091853137
1,4,1,2.3691864013671875,1,2.5019378662109375,1,0.07027070224285126,0.5984591245651245,-147.07147216796875,81.31241607666016,18.953495025634766,1,-0.017471184954047203,0.6985174417495728,-177.3296356201172,63.07353591918945,12.315159797668457,1,-5.503771781921387,29.2891845703125,645.3933715820312,0.5126972794532776,0.44535133242607117,0.441976934671402,1,-71.90467071533203,30.736698150634766,648.053466796875,0.6501426100730896,0.44257137179374695,0.45643389225006104,60995663860,2091861471
1,4,1,2.3988800048828125,1,2.422454833984375,1,0.06128707155585289,0.6637579798698425,-150.16949462890625,69.40958404541016,14.621199607849121,1,-0.04609694331884384,0.6772347092628479,-187.2013397216797,66.9530029296875,13.727182388305664,1,-5.504626274108887,29.365447998046875,645.24365234375,0.5127019286155701,0.44517457485198975,0.4416621923446655,1,-71.88070678710938,30.758684158325195,647.7485961914062,0.6501718759536743,0.44248640537261963,0.45577365159988403,60995672193,2091869804
1,4,1,2.3828887939453125,1,2.450927734375,1,0.053800053894519806,0.6760978698730469,-152.75143432617188,67.16021728515625,13.80259895324707,1,-0.04007439687848091,0.6822018027305603,-185.1244354248047,66.047607421875,13.397578239440918,1,-5.514340400695801,29.403610229492188,645.1616821289062,0.5127237439155579,0.44508519768714905,0.441489577293396,1,-71.906982421875,30.794544219970703,647.8016967773438,0.650212287902832,0.44241929054260254,0.45589932799339294,60995680526,2091878137
1,4,1,2.3585052490234375,1,2.448028564453125,1,0.05981561169028282,0.656524121761322,-150.67694091796875,70.72817993164062,15.1011323928833,1,-0.0306019838899374,0.7140416502952576,-181.85784912109375,60.243804931640625,11.285086631774902,1,-5.522488594055176,29.419057846069336,645.1722412109375,0.5127404928207397,0.4450545310974121,0.44151464104652405,1,-71.91783142089844,30.82520866394043,647.7525634765625,0.6502472758293152,0.4423495829105377,0.45580005645751953,60995688860,2091886471
1,4,1,2.3690948486328125,1,2.44000244140625,1,0.045618824660778046,0.6532595157623291,-155.57276916503906,71.3232650756836,15.317760467529297,1,-0.04446734860539436,0.6925504207611084,-186.63937377929688,64.16124725341797,12.710977554321289,1,-5.529601097106934,29.417644500732422,645.1260986328125,0.5127562284469604,0.4450516104698181,0.441414475440979,1,-71.92406463623047,30.81291961669922,647.66650390625,0.6502824425697327,0.4423637092113495,0.455614298582077,60995697193,2091894804
1,4,1,2.380828857421875,1,2.4279632568359375,1,0.0517035648226738,0.6481190919876099,-153.4744110107422,72.26026916503906,15.658768653869629,1,-0.03754429519176483,0.6954531073570251,-184.25193786621094,63.63212585449219,12.518454551696777,1,-5.5386505126953125,29.415679931640625,645.0913696289062,0.5127758383750916,0.44505125284194946,0.44133898615837097,1,-71.93707275390625,30.808151245117188,647.6773071289062,0.6503065228462219,0.44237494468688965,0.45564004778862,60995705526,2091903137
1,4,1,2.376922607421875,1,2.4607391357421875,1,0.04197978228330612,0.6676028966903687,-156.82769775390625,68.7087173461914,14.366141319274902,1,-0.01735844276845455,0.6955296397209167,-177.29075622558594,63.6181755065918,12.513343811035156,1,-5.552353858947754,29.40687370300293,645.0338134765625,0.5128055810928345,0.44506216049194336,0.44121333956718445,1,-71.95854949951172,30.788806915283203,647.7325439453125,0.6503366827964783,0.4424220025539398,0.455761581659317,60995713851,2091911462
1,4,1,2.3796234130859375,1,2.432861328125,1,0.05888286978006363,0.6770659685134888,-150.99859619140625,66.98377990722656,13.738320350646973,1,-0.04401655122637749,0.6743867993354797,-186.48391723632812,67.47210693359375,13.916099548339844,1,-5.5656538009643555,29.399940490722656,645.0911254882812,0.5128322243690491,0.44508376717567444,0.44133687019348145,1,-71.9879150390625,30.76593780517578,647.8819580078125,0.6503587365150452,0.44248858094215393,0.45608773827552795,60995722184,2091919795
1,4,1,2.3758087158203125,1,2.449432373046875,1,0.05517897754907608,0.6508678793907166,-152.27590942382812,71.75920867919922,15.47645092010498,1,-0.030378978699445724,0.6885517835617065,-181.78094482421875,64.8901138305664,12.976274490356445,1,-5.579265594482422,29.384056091308594,645.0910034179688,0.5128605961799622,0.4451166093349457,0.44133472442626953,1,-72.01930236816406,30.75244903564453,647.9804077148438,0.6503981351852417,0.44252917170524597,0.456305593252182,60995730521,2091928132
1,4,1,2.3649444580078125,1,2.4857177734375,1,0.06159636750817299,0.6537759304046631,-150.06283569335938,71.22915649414062,15.283478736877441,1,-0.009738707914948463,0.7144917845726013,-174.6630401611328,60.16172409057617,11.255265235900879,1,-5.590608596801758,29.35392189025879,645.0924072265625,0.5128843784332275,0.44517916440963745,0.441334068775177,1,-72.01766967773438,30.723045349121094,647.8382568359375,0.6504316329956055,0.4425713121891022,0.455994576215744,60995738854,2091936465
1,4,1,2.381500244140625,1,2.413909912109375,1,0.056764740496873856,0.6542130708694458,-151.7290496826172,71.14942932128906,15.254507064819336,1,-0.034593984484672546,0.7156323790550232,-183.2344970703125,59.95378112792969,11.17965030670166,1,-5.5994873046875,29.309226989746094,645.092529296875,0.5129029154777527,0.44527170062065125,0.4413284957408905,1,-72.00886535644531,30.692476272583008,647.6975708007812,0.6504501104354858,0.44261613488197327,0.455685019493103,60995747187,2091944798
1,4,1,2.3744964599609375,1,2.458099365234375,1,0.06449678540229797,0.6429222226142883,-149.0626220703125,73.20756530761719,16.003604888916016,1,-0.03901258483529091,0.7132886648178101,-184.75827026367188,60.38102722167969,11.335104942321777,1,-5.6107869148254395,29.27324676513672,645.0924072265625,0.5129265189170837,0.4453461170196533,0.44132372736930847,1,-72.01875305175781,30.667125701904297,647.6949462890625,0.6504713296890259,0.4426681101322174,0.455678254365921,60995755529,2091953140
1,4,1,2.3504486083984375,1,2.4360809326171875,1,0.07529643923044205,0.6250507831573486,-145.3383026123047,76.4652099609375,17.18927764892578,1,-0.027563873678445816,0.7246756553649902,-180.8101348876953,58.30537033081055,10.579658508300781,1,-5.621309757232666,29.24213409423828,645.0802612304688,0.5129488706588745,0.44540902972221375,0.44129347801208496,1,-72.02812957763672,30.641048431396484,647.7281494140625,0.650482177734375,0.442726194858551,0.455748587846756,60995763863,2091961474
1,4,1,2.363861083984375,1,2.4314422607421875,1,0.07110992074012756,0.6371448636054993,-146.78204345703125,74.26066589355469,16.38688850402832,1,-0.03052368201315403,0.7081024050712585,-181.83084106445312,61.32637023925781,11.67922306060791,1,-5.626031875610352,29.233261108398438,645.0572509765625,0.5129591822624207,0.4454244375228882,0.44124239683151245,1,-72.03117370605469,30.63201904296875,647.7161865234375,0.6504915952682495,0.4427432417869568,0.45572230219841003,60995772196,2091969807
1,4,1,2.364501953125,1,2.43328857421875,1,0.06723427027463913,0.6516014933586121,-148.1185760498047,71.6254653930664,15.427826881408691,1,-0.0360042080283165,0.7083680629730225,-183.72080993652344,61.2779541015625,11.661591529846191,1,-5.628334045410156,29.225486755371094,645.0343017578125,0.5129644870758057,0.44543763995170593,0.441191703081131,1,-72.03489685058594,30.62086296081543,647.7156982421875,0.6504995226860046,0.4427662193775177,0.45572057366371155,60995780529,2091978140
1,4,1,2.329864501953125,1,2.4437408447265625,1,0.07925432175397873,0.6576189994812012,-143.97340393066406,70.52857971191406,15.028549194335938,1,-0.012340487912297249,0.7048848867416382,-175.56027221679688,61.91289138793945,11.892599105834961,1,-5.623757362365723,29.21901512145996,645.0226440429688,0.5129551887512207,0.4454495906829834,0.44116541743278503,1,-72.02973937988281,30.611286163330078,647.69287109375,0.6504948139190674,0.44278305768966675,0.4556688368320465,60995788863,2091986474
1,4,1,2.3318023681640625,1,2.420074462890625,1,0.060506075620651245,0.6292852759361267,-150.43881225585938,75.69332885742188,16.90834617614746,1,-0.023190811276435852,0.707047700881958,-179.3020477294922,61.51864242553711,11.749183654785156,1,-5.617502212524414,29.215402603149414,645.0220947265625,0.5129421949386597,0.44545701146125793,0.44116368889808655,1,-72.02133178710938,30.614185333251953,647.6943359375,0.6504769921302795,0.44277724623680115,0.4556702971458435,60995797196,2091994807
1,4,1,2.3589324951171875,1,2.4337615966796875,1,0.06276564300060272,0.6414071321487427,-149.65960693359375,73.48371887207031,16.104143142700195,1,-0.021025197580456734,0.707005500793457,-178.55523681640625,61.52632522583008,11.751961708068848,1,-5.607117652893066,29.208724975585938,644.9764404296875,0.5129214525222778,0.4454651176929474,0.4410635232925415,1,-72.04100036621094,30.637374877929688,648.2991943359375,0.6503608822822571,0.44280779361724854,0.45698270201683044,60995805529,2092003140
1,4,1,2.355224609375,1,2.435882568359375,1,0.056274037808179855,0.6444255113601685,-151.8982696533203,72.93353271484375,15.903873443603516,1,-0.027812616899609566,0.7074968218803406,-180.89590454101562,61.43675231933594,11.719375610351562,1,-5.597311019897461,29.211498260498047,644.9194946289062,0.5129022002220154,0.4454522430896759,0.44094014167785645,1,-71.9857406616211,30.62861442565918,647.5006103515625,0.6504536271095276,0.4427223801612854,0.45524609088897705,60995813863,2092011474
1,4,1,2.3458404541015625,1,2.4134979248046875,1,0.0716729685664177,0.5822810530662537,-146.58787536621094,84.26136016845703,20.02686882019043,1,-0.05864954739809036,0.6353734135627747,-191.53018188476562,74.58357238769531,16.50444984436035,1,-5.609074592590332,29.259557723999023,645.0466918945312,0.5129239559173584,0.4453687071800232,0.44122275710105896,1,-72.01689910888672,30.723636627197266,648.197021484375,0.6503372192382812,0.44261670112609863,0.456768274307251,60995822196,2092019807
1,4,1,2.28887939453125,1,2.4005889892578125,1,0.07904510200023651,0.5377863645553589,-144.04556274414062,92.3719482421875,22.9788761138916,1,-0.03141682967543602,0.5912075042724609,-182.1388397216797,82.63426208496094,19.434568405151367,1,-5.605018615722656,29.330486297607422,645.1039428710938,0.5129141807556152,0.44522911310195923,0.44135624170303345,1,-72.0579605102539,30.83775520324707,649.3362426757812,0.6501269936561584,0.4425293803215027,0.4592505395412445,60995830529,2092028140
1,4,1,2.3141632080078125,1,2.4443817138671875,1,0.07727159559726715,0.5339879393577576,-144.65716552734375,93.06431579589844,23.230850219726562,1,-0.0252497848123312,0.5530365705490112,-180.01211547851562,89.59211730957031,21.967103958129883,1,-5.581954002380371,29.348834991455078,645.1725463867188,0.5128645896911621,0.4451998770236969,0.44150710105895996,1,-72.04019165039062,30.88995933532715,649.520751953125,0.6500426530838013,0.44244587421417236,0.45965126156806946,60995838863,2092036474
1,4,1,2.3365478515625,1,2.429901123046875,1,0.08571525663137436,0.5402364134788513,-141.7453155517578,91.92533111572266,22.81633758544922,1,-0.021180301904678345,0.597327709197998,-178.6087188720703,81.51863861083984,19.02855682373047,1,-5.55748176574707,29.296154022216797,645.254150390625,0.512812077999115,0.44531920552253723,0.4416767954826355,1,-72.03668212890625,30.87203025817871,649.8828125,0.6499422788619995,0.4425297677516937,0.460428923368454,60995847196,2092044807
1,4,1,2.3249053955078125,1,2.419708251953125,1,0.07785607874393463,0.524063766002655,-144.45559692382812,94.87330627441406,23.88934326171875,1,-0.029749063774943352,0.6029118895530701,-181.56370544433594,80.50072479248047,18.658109664916992,1,-5.5327253341674805,29.2391357421875,645.2310180664062,0.5127610564231873,0.4454343616962433,0.44161853194236755,1,-72.0262680053711,30.841699600219727,650.0114135742188,0.6498878598213196,0.4426088035106659,0.46069973707199097,60995855521,2092053132
1,4,1,2.3004608154296875,1,2.3931427001953125,1,0.08226680010557175,0.5222391486167908,-142.93453979492188,95.20591735839844,24.010324478149414,1,-0.04011150449514389,0.5800228714942932,-185.13723754882812,84.67298126220703,20.17670249938965,1,-5.514166831970215,29.20962142944336,645.1734619140625,0.5127235651016235,0.44548824429512024,0.44148945808410645,1,-71.90786743164062,30.71331214904785,648.0206298828125,0.6501578688621521,0.4426153302192688,0.45636066794395447,60995863866,2092061477
1,4,1,2.3249359130859375,1,2.41143798828125,1,0.07728610932826996,0.5760030746459961,-144.65216064453125,85.40574645996094,20.44334602355957,1,-0.0338844396173954,0.604812741279602,-182.9897918701172,80.15425109863281,18.53197479248047,1,-5.507906436920166,29.183414459228516,645.1165161132812,0.512711763381958,0.4455353617668152,0.44136232137680054,1,-71.91885375976562,30.68680763244629,648.0648193359375,0.6501692533493042,0.4426756799221039,0.4564549922943115,60995872199,2092069810
1,4,1,2.2938232421875,1,2.4443206787109375,1,0.08885045349597931,0.5284129977226257,-140.6641387939453,94.08055877685547,23.600706100463867,1,-0.016322705894708633,0.6176707744598389,-176.93357849121094,77.81045532226562,17.678958892822266,1,-5.503364562988281,29.134449005126953,645.16455078125,0.5127013921737671,0.44564273953437805,0.441459983587265,1,-71.90310668945312,30.631322860717773,647.8885498046875,0.6501824855804443,0.44276732206344604,0.45606356859207153,60995880524,2092078135
1,4,1,2.3021697998046875,1,2.4674835205078125,1,0.07620226591825485,0.5130636692047119,-145.0259246826172,96.87846374511719,24.619089126586914,1,-0.018705453723669052,0.592910647392273,-177.75526428222656,82.32376098632812,19.321672439575195,1,-5.497185707092285,29.056293487548828,645.2681884765625,0.512686550617218,0.44581758975982666,0.4416744112968445,1,-71.98773193359375,30.65079689025879,649.48681640625,0.6499443650245667,0.44293373823165894,0.45953330397605896,60995888857,2092086468
1,4,1,2.3223419189453125,1,2.480682373046875,1,0.09049522131681442,0.5422776937484741,-140.09693908691406,91.5532455444336,22.680925369262695,1,-0.002859072759747505,0.6120564341545105,-172.2905731201172,78.83384704589844,18.051389694213867,1,-5.493166446685791,29.020511627197266,645.3592529296875,0.512676477432251,0.44590306282043457,0.44186732172966003,1,-71.994140625,30.61555290222168,649.5474853515625,0.64994215965271,0.44301411509513855,0.4596607983112335,60995897199,2092094810
1,4,1,2.3402252197265625,1,2.4214935302734375,1,0.08190812915563583,0.5501219034194946,-143.0582275390625,90.1233901977539,22.16049575805664,1,-0.035957321524620056,0.6156405210494995,-183.7046356201172,78.18053436279297,17.813589096069336,1,-5.494844913482666,29.005817413330078,645.3248291015625,0.5126806497573853,0.4459291398525238,0.4417906403541565,1,-71.88404083251953,30.493900299072266,647.4776000976562,0.6502500772476196,0.4429977238178253,0.455154150724411,60995905532,2092103143
1,4,1,2.3296356201171875,1,2.43072509765625,1,0.08236969262361526,0.5472164750099182,-142.8990478515625,90.65300750732422,22.353195190429688,1,-0.01905921660363674,0.6153263449668884,-177.8772735595703,78.23780059814453,17.834470748901367,1,-5.503691673278809,28.99405288696289,645.2899780273438,0.5126998424530029,0.44594910740852356,0.4417135417461395,1,-71.89830780029297,30.480682373046875,647.5346069335938,0.6502649188041687,0.4430323541164398,0.455278605222702,60995913865,2092111476
1,4,1,2.307373046875,1,2.411041259765625,1,0.07984660565853119,0.5569186210632324,-143.76914978027344,88.88446807861328,21.709550857543945,1,-0.031779054552316666,0.620247483253479,-182.2637481689453,77.34075164794922,17.507993698120117,1,-5.512677192687988,28.986684799194336,645.255615234375,0.5127192735671997,0.44596004486083984,0.441638320684433,1,-71.898193359375,30.467920303344727,647.510498046875,0.650270938873291,0.44305557012557983,0.455224871635437,60995922199,2092119810
1,4,1,2.3081512451171875,1,2.4531707763671875,1,0.08102128654718399,0.5319695472717285,-143.3640594482422,93.43224334716797,23.364809036254883,1,-0.009821304120123386,0.6302195191383362,-174.6915283203125,75.52303314208984,16.846399307250977,1,-5.525478363037109,28.98162078857422,645.2440185546875,0.5127462148666382,0.4459690749645233,0.44161272048950195,1,-71.92570495605469,30.46932601928711,647.7059936523438,0.6502771377563477,0.44307786226272583,0.4556533098220825,60995930532,2092128143
1,4,1,2.3101348876953125,1,2.426971435546875,1,0.06501148641109467,0.5478128790855408,-148.8851318359375,90.54429626464844,22.313663482666016,1,-0.025208918377757072,0.6126579642295837,-179.99801635742188,78.72419738769531,18.0114688873291,1,-5.540518760681152,28.985492706298828,645.2667236328125,0.5127770900726318,0.4459638297557831,0.4416627287864685,1,-71.93193054199219,30.465694427490234,647.5020141601562,0.6503428816795349,0.4430589973926544,0.455214262008667,60995938865,2092136476
1,4,1,2.3357696533203125,1,2.37274169921875,1,0.06467175483703613,0.5399124026298523,-149.0022735595703,91.98442840576172,22.83779525756836,1,-0.03638690337538719,0.5820997953414917,-183.852783203125,84.29439544677734,20.03887367248535,1,-5.563018321990967,29.00356674194336,645.3466796875,0.5128223299980164,0.4459364414215088,0.44183894991874695,1,-71.95228576660156,30.485774993896484,647.5552368164062,0.6503710150718689,0.4430243968963623,0.4553366005420685,60995947199,2092144810
1,4,1,2.3365020751953125,1,2.395538330078125,1,0.07089632004499435,0.5402709245681763,-146.85569763183594,91.91905975341797,22.814014434814453,1,-0.03371181711554527,0.5823616981506348,-182.93026733398438,84.24665069580078,20.02152442932129,1,-5.5892486572265625,29.018829345703125,645.3231201171875,0.5128774642944336,0.4459018111228943,0.441790372133255,1,-71.98825073242188,30.51262092590332,647.7265625,0.6504008173942566,0.44299110770225525,0.45571833848953247,60995955532,2092153143
1,4,1,2.3062591552734375,1,2.3951263427734375,1,0.0832856297492981,0.5369046926498413,-142.58319091796875,92.53265380859375,23.037384033203125,1,-0.035231851041316986,0.5691848397254944,-183.4544677734375,86.64857482910156,20.895719528198242,1,-5.613312721252441,29.03186798095703,645.3455810546875,0.5129271149635315,0.44587764143943787,0.44184133410453796,1,-72.0264892578125,30.54108238220215,647.944091796875,0.6504232287406921,0.4429604411125183,0.45620036125183105,60995963865,2092161476
1,4,1,2.3056793212890625,1,2.393798828125,1,0.09110996127128601,0.5145054459571838,-139.8849334716797,96.61563873291016,24.5234432220459,1,-0.026934245601296425,0.5585110783576965,-180.59300231933594,88.59420013427734,21.603897094726562,1,-5.639895915985107,29.047136306762695,645.3917846679688,0.5129815340042114,0.44585174322128296,0.44194403290748596,1,-72.07644653320312,30.57693099975586,648.3604736328125,0.6504183411598206,0.44294023513793945,0.45711496472358704,60995972198,2092169810
1,4,1,2.3277587890625,1,2.4205322265625,1,0.0871255174279213,0.52512127161026,-141.25900268554688,94.68055725097656,23.819143295288086,1,-0.02857212908565998,0.5970337390899658,-181.1578369140625,81.57219696044922,19.048112869262695,1,-5.6586222648620605,29.06401252746582,645.44921875,0.513019323348999,0.44582399725914,0.44207125902175903,1,-72.17291259765625,30.65681266784668,649.8026733398438,0.6502441167831421,0.44296181201934814,0.46025919914245605,60995980531,2092178143
1,4,1,2.324432373046875,1,2.3989715576171875,1,0.08625783771276474,0.5176659226417542,-141.55821228027344,96.03953552246094,24.313791275024414,1,-0.028586814180016518,0.5765685439109802,-181.16290283203125,85.30266571044922,20.405820846557617,1,-5.678196907043457,29.072185516357422,645.4838256835938,0.5130593180656433,0.44581139087677,0.442147821187973,1,-72.18400573730469,30.658226013183594,649.7653198242188,0.6502766013145447,0.44295403361320496,0.460181325674057,60995988864,2092186476
1,4,1,2.3473663330078125,1,2.4153594970703125,1,0.09095358103513718,0.5271691679954529,-139.93887329101562,94.3072738647461,23.683265686035156,1,-0.02600557543337345,0.5694219470024109,-180.2727508544922,86.6053237915039,20.88003921508789,1,-5.701637268066406,29.075183868408203,645.517822265625,0.5131074786186218,0.44580939412117004,0.44222238659858704,1,-72.20919799804688,30.661184310913086,649.8681030273438,0.650301992893219,0.4429611265659332,0.46040940284729004,60995997201,2092194813
1,4,1,2.316741943359375,1,2.39581298828125,1,0.0805884376168251,0.5022311806678772,-143.51332092285156,98.85301971435547,25.337783813476562,1,-0.03385484218597412,0.5871773362159729,-182.97959899902344,83.36885070800781,19.702001571655273,1,-5.728433132171631,29.050607681274414,645.58544921875,0.5131618976593018,0.44586867094039917,0.442366361618042,1,-72.24421691894531,30.644773483276367,650.0430908203125,0.6503288745880127,0.4430173933506012,0.4607928693294525,60996005534,2092203146
1,4,1,2.30078125,1,2.4124603271484375,1,0.06959611177444458,0.5256325006484985,-147.30409240722656,94.58738708496094,23.785192489624023,1,-0.031033625826239586,0.5886962413787842,-182.00668334960938,83.09197235107422,19.60123062133789,1,-5.753589153289795,29.03602409362793,645.6071166992188,0.5132139921188354,0.445901483297348,0.44241198897361755,1,-72.15606689453125,30.508075714111328,647.80859375,0.6507261395454407,0.44301074743270874,0.45593446493148804,60996013867,2092211479
1,4,1,2.354888916015625,1,2.3979644775390625,1,0.06829207390546799,0.5450389981269836,-147.75379943847656,91.04994201660156,22.497663497924805,1,-0.025075344368815422,0.6051140427589417,-179.9519500732422,80.09929656982422,18.512041091918945,1,-5.791933059692383,29.01998519897461,645.583984375,0.5132943391799927,0.44593173265457153,0.44236040115356445,1,-72.19185638427734,30.48720932006836,647.8961181640625,0.6507773399353027,0.44306498765945435,0.456128865480423,60996022201,2092219813
1,4,1,2.3231353759765625,1,2.443939208984375,1,0.08012967556715012,0.5497028827667236,-143.67153930664062,90.1998062133789,22.188232421875,1,-0.012643741443753242,0.6307369470596313,-175.6648712158203,75.42874145507812,16.81200408935547,1,-5.823394298553467,28.998397827148438,645.549072265625,0.5133606791496277,0.44597190618515015,0.44228237867355347,1,-72.21713256835938,30.448795318603516,647.8778076171875,0.6508345007896423,0.4431418478488922,0.4560902416706085,60996030534,2092228146
1,4,1,2.3797607421875,1,2.406158447265625,1,0.08364030718803406,0.5724853277206421,-142.46087646484375,86.04694366455078,20.676753997802734,1,-0.014443672262132168,0.6202548146247864,-176.28558349609375,77.33940887451172,17.507505416870117,1,-5.85123872756958,28.979883193969727,645.5496215820312,0.5134187936782837,0.4460102617740631,0.44228169322013855,1,-72.28790283203125,30.444774627685547,648.44677734375,0.6508327722549438,0.44322338700294495,0.45733365416526794,60996038867,2092236479
1,4,1,2.3676300048828125,1,2.4214935302734375,1,0.08931108564138412,0.5796935558319092,-140.50531005859375,84.73300170898438,20.19856071472168,1,-0.020300552248954773,0.6034666299819946,-178.3053436279297,80.3996353149414,18.621261596679688,1,-5.87097692489624,28.95175552368164,645.58447265625,0.5134592056274414,0.4460727572441101,0.4423540234565735,1,-72.43212890625,30.517061233520508,650.6256103515625,0.650565505027771,0.44335442781448364,0.4620766043663025,60996047201,2092244813
1,4,1,2.3114013671875,1,2.4330902099609375,1,0.09474419802427292,0.5348582863807678,-138.63165283203125,92.90569305419922,23.17313575744629,1,-0.018246734514832497,0.5877622961997986,-177.59706115722656,83.26223754882812,19.663179397583008,1,-5.892148971557617,28.93007469177246,645.5609741210938,0.513503909111023,0.4461146295070648,0.44230055809020996,1,-72.4023666381836,30.4613037109375,649.8604125976562,0.6507022380828857,0.44337090849876404,0.46041178703308105,60996055534,2092253146
1,4,1,2.292572021484375,1,2.433685302734375,1,0.09654286503791809,0.5431099534034729,-138.0113983154297,91.40155029296875,22.625701904296875,1,-0.012464812025427818,0.5836553573608398,-175.6031494140625,84.01085662841797,19.9356632232666,1,-5.9142255783081055,28.948190689086914,645.514892578125,0.5135508179664612,0.4460713863372803,0.44220343232154846,1,-72.42817687988281,30.474361419677734,649.927001953125,0.6507380604743958,0.4433525502681732,0.4605633318424225,60996063867,2092261479
1,4,1,2.32452392578125,1,2.4376220703125,1,0.09542500227689743,0.5680686831474304,-138.39686584472656,86.85202026367188,20.969804763793945,1,-0.02401067689061165,0.5975086688995361,-179.5847930908203,81.48564147949219,19.016586303710938,1,-5.907973289489746,28.9518985748291,645.514404296875,0.5135378837585449,0.4460636377334595,0.44220274686813354,1,-72.35029602050781,30.40099334716797,648.3008422851562,0.6509995460510254,0.4432947337627411,0.457027792930603,60996072201,2092269813
1,4,1,2.309478759765625,1,2.4093017578125,1,0.13982918858528137,0.5737013220787048,-123.08390045166016,85.82528686523438,20.59612464904785,1,0.004875342361629009,0.6068440675735474,-169.6233367919922,79.78396606445312,18.39720344543457,1,-5.8694658279418945,28.9833927154541,645.5947265625,0.5134558081626892,0.4460086226463318,0.442380428314209,1,-72.3128433227539,30.41103744506836,647.9278564453125,0.6510192155838013,0.44322603940963745,0.45621588826179504,60996080534,2092278146
1,4,1,2.342529296875,1,2.474151611328125,1,0.1302599012851715,0.5666988492012024,-126.38391876220703,87.10173034667969,21.060640335083008,1,0.017350196838378906,0.612830638885498,-165.32131958007812,78.69273376464844,18.0000057220459,1,-5.875389575958252,29.0078125,645.5472412109375,0.5134690999984741,0.4459521174430847,0.442280650138855,1,-72.30714416503906,30.451723098754883,647.7860717773438,0.6510441303253174,0.44312381744384766,0.455914169549942,60996088867,2092286479
1,4,1,2.3275604248046875,1,2.3936920166015625,1,0.13521695137023926,0.5562515258789062,-124.6744613647461,89.00607299804688,21.75382423400879,1,-0.028348950669169426,0.6171870827674866,-181.08087158203125,77.89861297607422,17.711023330688477,1,-5.8935723304748535,29.017900466918945,645.5233154296875,0.5135074853897095,0.4459282159805298,0.4422304928302765,1,-72.33024597167969,30.476110458374023,647.7333984375,0.6511054039001465,0.4430665969848633,0.45580947399139404,60996097201,2092294813
1,4,1,2.3091583251953125,1,2.4401092529296875,1,0.12812867760658264,0.5266192555427551,-127.1188735961914,94.40750885009766,23.719749450683594,1,-0.01262268889695406,0.6076962947845459,-175.6575927734375,79.62860107421875,18.3406982421875,1,-5.918122291564941,29.041194915771484,645.6043090820312,0.5135568380355835,0.4458901584148407,0.4424097537994385,1,-72.34873962402344,30.49220848083496,647.6451416015625,0.6511664986610413,0.4430219829082489,0.4556257128715515,60996105534,2092303146
1,4,1,2.348876953125,1,2.4379119873046875,1,0.1135094165802002,0.5463175177574158,-132.16038513183594,90.81685638427734,22.412870407104492,1,0.0002295693993801251,0.6085715293884277,-171.22544860839844,79.46907043457031,18.282625198364258,1,-5.946005821228027,29.074260711669922,645.6278076171875,0.5136142373085022,0.44582462310791016,0.442465603351593,1,-72.37432861328125,30.500354766845703,647.617431640625,0.6512265801429749,0.44300150871276855,0.455573171377182,60996113867,2092311479
1,4,1,2.3197174072265625,1,2.435546875,1,0.1177411824464798,0.5529701113700867,-130.7010498046875,89.60421752929688,21.971525192260742,1,-0.006100725848227739,0.6114051938056946,-173.40847778320312,78.95256805419922,18.094619750976562,1,-5.973527431488037,29.123628616333008,645.5703735351562,0.5136727690696716,0.4457152783870697,0.44234806299209595,1,-72.41230773925781,30.530941009521484,647.6556396484375,0.651295006275177,0.4429432451725006,0.45566871762275696,60996122201,2092319813
1,4,1,2.3169403076171875,1,2.4355316162109375,1,0.11868193745613098,0.5610617399215698,-130.3766326904297,88.1292724609375,21.434602737426758,1,-0.004929742310196161,0.6005989909172058,-173.00465393066406,80.92231750488281,18.811555862426758,1,-5.998268127441406,29.14174461364746,645.46533203125,0.5137266516685486,0.44566452503204346,0.44212302565574646,1,-72.45021057128906,30.54603385925293,647.7314453125,0.6513533592224121,0.44292187690734863,0.45584332942962646,60996130537,2092328149
1,4,1,2.2633209228515625,1,2.4595489501953125,1,0.12706811726093292,0.558001697063446,-127.48461151123047,88.68705749511719,21.637657165527344,1,0.015940671786665916,0.6105445623397827,-165.80740356445312,79.10943603515625,18.151695251464844,1,-6.019431114196777,29.16461753845215,645.4647827148438,0.5137706995010376,0.44561704993247986,0.44212526082992554,1,-72.48153686523438,30.55520248413086,647.8181762695312,0.6513953804969788,0.44291406869888306,0.45603904128074646,60996138870,2092336482
1,4,1,2.3310394287109375,1,2.4422454833984375,1,0.129325270652771,0.5754528641700745,-126.70622253417969,85.50601959228516,20.4798641204834,1,0.00992250069975853,0.6241911053657532,-167.88279724121094,76.6219253540039,17.246313095092773,1,-6.046545028686523,29.19064712524414,645.4979858398438,0.5138264298439026,0.4455673396587372,0.44220128655433655,1,-72.49658203125,30.559770584106445,647.7764892578125,0.6514373421669006,0.442899227142334,0.45595332980155945,60996147204,2092344816
1,4,1,2.310455322265625,1,2.482574462890625,1,0.1316780000925064,0.5571282505989075,-125.89488220214844,88.84626007080078,21.695688247680664,1,0.01564842090010643,0.6172272562980652,-165.908203125,77.89130401611328,17.708288192749023,1,-6.068747520446777,29.189619064331055,645.50927734375,0.5138723850250244,0.44557085633277893,0.4422261118888855,1,-72.5113754272461,30.54669952392578,647.7498168945312,0.6514748334884644,0.4429227411746979,0.45589759945869446,60996155537,2092353149
1,4,1,2.36083984375,1,2.3822021484375,1,0.12248727679252625,0.5844861268997192,-129.06434631347656,83.85941314697266,19.88054084777832,1,-0.010155229829251766,0.5764694213867188,-174.8066864013672,85.32073974609375,20.41241455078125,1,-6.081941604614258,29.18710708618164,645.5552368164062,0.5138989090919495,0.4455817937850952,0.44232577085494995,1,-72.51978302001953,30.530624389648438,647.6549682617188,0.6515170931816101,0.44294360280036926,0.455692857503891,60996163870,2092361482
1,4,1,2.35406494140625,1,2.4329833984375,1,0.11851580440998077,0.5802441835403442,-130.4339141845703,84.63265228271484,20.1619815826416,1,0.01783098839223385,0.632330060005188,-165.155517578125,75.13832092285156,16.706350326538086,1,-6.093494892120361,29.186542510986328,645.4970703125,0.5139243006706238,0.44557562470436096,0.44219970703125,1,-72.52052307128906,30.520832061767578,647.5357055664062,0.651549756526947,0.4429483711719513,0.45543453097343445,60996172204,2092369816
1,4,1,2.329864501953125,1,2.434295654296875,1,0.12177835404872894,0.5756641626358032,-129.30882263183594,85.46749114990234,20.465919494628906,1,0.0074330479837954044,0.6090796589851379,-168.74127197265625,79.37643432617188,18.248964309692383,1,-6.100185394287109,29.164188385009766,645.485595703125,0.5139384865760803,0.44562044739723206,0.44217196106910706,1,-72.52178955078125,30.493106842041016,647.452880859375,0.6515741944313049,0.4429948925971985,0.455252468585968,60996180537,2092378149
1,4,1,2.380645751953125,1,2.4534149169921875,1,0.1202792078256607,0.5905304551124573,-129.8258056640625,82.75764465332031,19.47957420349121,1,0.008601616136729717,0.6133674383163452,-168.3383026123047,78.59486389160156,17.964433670043945,1,-6.100940704345703,29.153018951416016,645.4403076171875,0.5139411091804504,0.4456378221511841,0.442072331905365,1,-72.52255249023438,30.48166275024414,647.4049682617188,0.6515883207321167,0.4430122971534729,0.45514777302742004,60996188870,2092386482
1,4,1,2.3301239013671875,1,2.4323272705078125,1,0.13560985028743744,0.556647539138794,-124.5389633178711,88.93387603759766,21.727542877197266,1,0.001348159508779645,0.6150248646736145,-170.83969116210938,78.29275512695312,17.854446411132812,1,-6.0978899002075195,29.12919044494629,645.394287109375,0.5139358639717102,0.4456813633441925,0.44196924567222595,1,-72.51504516601562,30.46358299255371,647.3355712890625,0.6515910029411316,0.4430406987667084,0.45499399304389954,60996197204,2092394816
1,4,1,2.358917236328125,1,2.460845947265625,1,0.12851202487945557,0.5806025862693787,-126.98667907714844,84.56729888916016,20.138263702392578,1,0.002485476201400161,0.6216659545898438,-170.44749450683594,77.08220672607422,17.413860321044922,1,-6.0887956619262695,29.13282012939453,645.3486938476562,0.5139179229736328,0.44566819071769714,0.4418705105781555,1,-72.50950622558594,30.465198516845703,647.3013916015625,0.651588499546051,0.4430329501628876,0.45491915941238403,60996205537,2092403149
1,4,1,2.3284149169921875,1,2.425323486328125,1,0.13170677423477173,0.5479732751846313,-125.88494873046875,90.51505279541016,22.30303382873535,1,-0.009124767035245895,0.6433126926422119,-174.45132446289062,73.1363754272461,15.977694511413574,1,-6.072768211364746,29.111732482910156,645.3374633789062,0.5138848423957825,0.4457104206085205,0.44184306263923645,1,-72.49513244628906,30.45269775390625,647.2214965820312,0.6515796780586243,0.44304847717285156,0.45474162697792053,60996213870,2092411482
1,4,1,2.3673248291015625,1,2.43878173828125,1,0.13095448911190033,0.5863872170448303,-126.14437866210938,83.51287078857422,19.754436492919922,1,0.009586748667061329,0.639217734336853,-167.9985809326172,73.8828353881836,16.249387741088867,1,-6.032100677490234,29.092533111572266,645.154541015625,0.5138041377067566,0.44572728872299194,0.4414428770542145,1,-72.46926879882812,30.449787139892578,647.2149658203125,0.651528000831604,0.4430536925792694,0.454721063375473,60996222203,2092419816
1,4,1,2.3387451171875,1,2.4913177490234375,1,0.16296739876270294,0.5594635009765625,-115.1045913696289,88.42058563232422,21.540733337402344,1,0.041381191462278366,0.6870719194412231,-157.0341339111328,65.15988159179688,13.074494361877441,1,-5.877678871154785,29.04953956604004,645.1807861328125,0.5134817361831665,0.4458198547363281,0.44149115681648254,1,-72.36436462402344,30.44355010986328,646.989990234375,0.6513699889183044,0.44303762912750244,0.45420995354652405,60996230536,2092428149
1,4,1,2.304779052734375,1,2.468017578125,1,0.24952149391174316,0.6193984150886536,-85.25603485107422,77.49553680419922,17.56430435180664,1,0.09868794679641724,0.6977441906929016,-137.2716522216797,63.21449279785156,12.366450309753418,1,-5.584356784820557,29.00046157836914,645.12744140625,0.5128713846206665,0.4459153413772583,0.44136324524879456,1,-72.11040496826172,30.40862274169922,646.7601318359375,0.6509048342704773,0.4430805444717407,0.45364898443222046,60996238869,2092436482
1,4,1,2.3420257568359375,1,2.4709320068359375,1,0.32215970754623413,0.7201225161552429,-60.206424713134766,59.13533401489258,10.881696701049805,1,0.16097968816757202,0.7736127972602844,-115.79006958007812,49.38502883911133,7.332857608795166,1,-5.246501445770264,28.911388397216797,645.1138305664062,0.5121672749519348,0.4460987150669098,0.4413158893585205,1,-71.81292724609375,30.349239349365234,646.4967041015625,0.6503580808639526,0.44316983222961426,0.45300227403640747,60996247203,2092444816
1,4,1,2.3715362548828125,1,2.4773712158203125,1,0.4148976504802704,0.8681764602661133,-28.22535514831543,32.147743225097656,1.0590533018112183,1,0.2362128496170044,0.8426727056503296,-89.84557342529297,36.79661178588867,2.751095771789551,1,-4.956853866577148,28.7330322265625,645.096435546875,0.5115640163421631,0.446466326713562,0.44124993681907654,1,-71.46967315673828,30.205429077148438,646.1583251953125,0.6497357487678528,0.44342416524887085,0.45217180252075195,60996255536,2092453149
1,4,1,2.3788299560546875,1,2.5389404296875,1,0.4908636212348938,1.067560076713562,-2.0281498432159424,-4.196325302124023,-12.169123649597168,1,0.3320973813533783,1.0135287046432495,-56.77937316894531,5.6525797843933105,-8.584342002868652,1,-4.730630397796631,28.50939178466797,645.055908203125,0.5110933780670166,0.44692477583885193,0.441129207611084,1,-71.10820770263672,30.016803741455078,645.9913940429688,0.6490309238433838,0.4437936246395111,0.451701283454895,60996263869,2092461482
1,4,0,nan,0,nan,0,nan,nan,nan,nan,nan,0,nan,nan,nan,nan,nan,0,nan,nan,nan,nan,nan,nan,0,nan,nan,nan,nan,nan,nan,60996272203,2092469816
1,4,0,nan,0,nan,0,nan,nan,nan,nan,nan,0,nan,nan,nan,nan,nan,0,nan,nan,nan,nan,nan,nan,0,nan,nan,nan,nan,nan,nan,60996280536,2092478149
1,4,0,nan,0,nan,0,nan,nan,nan,nan,nan,0,nan,nan,nan,nan,nan,0,nan,nan,nan,nan,nan,nan,0,nan,nan,nan,nan,nan,nan,60996288869,2092486482
1,4,0,nan,0,nan,0,nan,nan,nan,nan,nan,0,nan,nan,nan,nan,nan,0,nan,nan,nan,nan,nan,nan,0,nan,nan,nan,nan,nan,nan,60996297202,2092494815
1,4,0,nan,1,2.593597412109375,0,nan,nan,nan,nan,nan,1,0.6684241890907288,1.4552146196365356,59.20439529418945,-74.85881805419922,-37.88814926147461,0,nan,nan,nan,nan,nan,nan,1,-69.84809875488281,29.236074447631836,645.0892333984375,0.6466521620750427,0.445297509431839,0.44935765862464905,60996305536,2092503149
1,4,0,nan,0,nan,0,nan,nan,nan,nan,nan,0,nan,nan,nan,nan,nan,0,nan,nan,nan,nan,nan,nan,0,nan,nan,nan,nan,nan,nan,60996313869,2092511482
1,4,0,nan,0,nan,0,nan,nan,nan,nan,nan,0,nan,nan,nan,nan,nan,0,nan,nan,nan,nan,nan,nan,0,nan,nan,nan,nan,nan,nan,60996322203,2092519816
1,4,0,nan,0,nan,0,nan,nan,nan,nan,nan,0,nan,nan,nan,nan,nan,0,nan,nan,nan,nan,nan,nan,0,nan,nan,nan,nan,nan,nan,60996330536,2092528149
1,4,0,nan,0,nan,0,nan,nan,nan,nan,nan,0,nan,nan,nan,nan,nan,0,nan,nan,nan,nan,nan,nan,0,nan,nan,nan,nan,nan,nan,60996338869,2092536482
1,4,0,nan,0,nan,0,nan,nan,nan,nan,nan,0,nan,nan,nan,nan,nan,0,nan,nan,nan,nan,nan,nan,0,nan,nan,nan,nan,nan,nan,60996347203,2092544816
1,4,0,nan,0,nan,0,nan,nan,nan,nan,nan,0,nan,nan,nan,nan,nan,0,nan,nan,nan,nan,nan,nan,0,nan,nan,nan,nan,nan,nan,60996355536,2092553149
1,4,0,nan,0,nan,0,nan,nan,nan,nan,nan,0,nan,nan,nan,nan,nan,0,nan,nan,nan,nan,nan,nan,0,nan,nan,nan,nan,nan,nan,60996363869,2092561482
1,4,0,nan,0,nan,0,nan,nan,nan,nan,nan,0,nan,nan,nan,nan,nan,0,nan,nan,nan,nan,nan,nan,0,nan,nan,nan,nan,nan,nan,60996372203,2092569816
1,4,0,nan,0,nan,0,nan,nan,nan,nan,nan,0,nan,nan,nan,nan,nan,0,nan,nan,nan,nan,nan,nan,0,nan,nan,nan,nan,nan,nan,60996380534,2092578147
1,4,0,nan,0,nan,0,nan,nan,nan,nan,nan,0,nan,nan,nan,nan,nan,0,nan,nan,nan,nan,nan,nan,0,nan,nan,nan,nan,nan,nan,60996388872,2092586485
1,4,0,nan,0,nan,0,nan,nan,nan,nan,nan,0,nan,nan,nan,nan,nan,0,nan,nan,nan,nan,nan,nan,0,nan,nan,nan,nan,nan,nan,60996397205,2092594818
1,4,0,nan,0,nan,0,nan,nan,nan,nan,nan,0,nan,nan,nan,nan,nan,0,nan,nan,nan,nan,nan,nan,0,nan,nan,nan,nan,nan,nan,60996405539,2092603152
1,4,0,nan,0,nan,0,nan,nan,nan,nan,nan,0,nan,nan,nan,nan,nan,0,nan,nan,nan,nan,nan,nan,0,nan,nan,nan,nan,nan,nan,60996413872,2092611485
1,4,0,nan,0,nan,0,nan,nan,nan,nan,nan,0,nan,nan,nan,nan,nan,0,nan,nan,nan,nan,nan,nan,0,nan,nan,nan,nan,nan,nan,60996422206,2092619819
1,4,0,nan,0,nan,0,nan,nan,nan,nan,nan,0,nan,nan,nan,nan,nan,0,nan,nan,nan,nan,nan,nan,0,nan,nan,nan,nan,nan,nan,60996430539,2092628152
1,4,0,nan,0,nan,0,nan,nan,nan,nan,nan,0,nan,nan,nan,nan,nan,0,nan,nan,nan,nan,nan,nan,0,nan,nan,nan,nan,nan,nan,60996438872,2092636485
1,4,0,nan,0,nan,0,nan,nan,nan,nan,nan,0,nan,nan,nan,nan,nan,0,nan,nan,nan,nan,nan,nan,0,nan,nan,nan,nan,nan,nan,60996447205,2092644818
1,4,0,nan,0,nan,0,nan,nan,nan,nan,nan,0,nan,nan,nan,nan,nan,0,nan,nan,nan,nan,nan,nan,0,nan,nan,nan,nan,nan,nan,60996455541,2092653154
1,4,0,nan,0,nan,0,nan,nan,nan,nan,nan,0,nan,nan,nan,nan,nan,0,nan,nan,nan,nan,nan,nan,0,nan,nan,nan,nan,nan,nan,60996463874,2092661487
1,4,0,nan,0,nan,0,nan,nan,nan,nan,nan,0,nan,nan,nan,nan,nan,0,nan,nan,nan,nan,nan,nan,0,nan,nan,nan,nan,nan,nan,60996472206,2092669820
1,4,0,nan,0,nan,0,nan,nan,nan,nan,nan,0,nan,nan,nan,nan,nan,0,nan,nan,nan,nan,nan,nan,0,nan,nan,nan,nan,nan,nan,60996480540,2092678154
1,4,0,nan,0,nan,0,nan,nan,nan,nan,nan,0,nan,nan,nan,nan,nan,0,nan,nan,nan,nan,nan,nan,0,nan,nan,nan,nan,nan,nan,60996488873,2092686487
1,4,0,nan,0,nan,0,nan,nan,nan,nan,nan,0,nan,nan,nan,nan,nan,0,nan,nan,nan,nan,nan,nan,0,nan,nan,nan,nan,nan,nan,60996497206,2092694820
1,4,0,nan,0,nan,0,nan,nan,nan,nan,nan,0,nan,nan,nan,nan,nan,0,nan,nan,nan,nan,nan,nan,0,nan,nan,nan,nan,nan,nan,60996505540,2092703154
1,4,0,nan,0,nan,0,nan,nan,nan,nan,nan,0,nan,nan,nan,nan,nan,0,nan,nan,nan,nan,nan,nan,0,nan,nan,nan,nan,nan,nan,60996513873,2092711487
1,4,0,nan,0,nan,0,nan,nan,nan,nan,nan,0,nan,nan,nan,nan,nan,0,nan,nan,nan,nan,nan,nan,0,nan,nan,nan,nan,nan,nan,60996522209,2092719823
1,4,1,2.6194610595703125,0,nan,1,0.4398173391819,0.922783374786377,-19.631671905517578,22.193862915039062,-2.5638084411621094,0,nan,nan,nan,nan,nan,1,-4.653234481811523,29.01228904724121,643.162841796875,0.5109637379646301,0.4456457197666168,0.4370860159397125,0,nan,nan,nan,nan,nan,nan,60996530543,2092728157
1,4,1,2.352935791015625,1,2.59344482421875,1,0.4230567216873169,0.9587461948394775,-25.41165542602539,15.638501167297363,-4.949802398681641,1,0.1578478217124939,0.906241238117218,-116.87010955810547,25.209224700927734,-1.4663985967636108,1,-4.883706569671631,29.294458389282227,643.2357177734375,0.5114440321922302,0.4450685977935791,0.4372851848602295,1,-71.40519714355469,30.379350662231445,645.2411499023438,0.6498388648033142,0.4429456293582916,0.4502018094062805,60996538876,2092736490
1,4,1,2.342681884765625,1,2.5286712646484375,1,0.2780463695526123,0.8905066847801208,-75.41911315917969,28.077329635620117,-0.42241719365119934,1,0.06424136459827423,0.9317339062690735,-149.15069580078125,20.562345504760742,-3.1576826572418213,1,-5.118303298950195,29.401840209960938,643.220703125,0.5119349360466003,0.4448432922363281,0.437270849943161,1,-71.59033203125,30.495914459228516,645.5510864257812,0.6501417756080627,0.4427441954612732,0.4509298503398895,60996547209,2092744823
1,4,1,2.3295135498046875,1,2.5048370361328125,1,0.23564235866069794,0.8266526460647583,-90.04232788085938,39.71681594848633,3.8138890266418457,1,0.01495345402508974,0.8776467442512512,-166.14784240722656,30.421459197998047,0.430756539106369,1,-5.332876205444336,29.536006927490234,643.305419921875,0.5123818516731262,0.44457513093948364,0.437476247549057,1,-71.75411987304688,30.616352081298828,646.0819091796875,0.6503427624702454,0.4425637125968933,0.45212987065315247,60996555543,2092753157
1,4,1,2.32977294921875,1,2.4775543212890625,1,0.1734035462141037,0.7953450083732605,-111.5056381225586,45.423622131347656,5.891087055206299,1,-0.05019504204392433,0.840787410736084,-188.61459350585938,37.1402587890625,2.876227617263794,1,-5.507425785064697,29.730426788330078,643.1754150390625,0.512749195098877,0.4441544711589813,0.43722349405288696,1,-71.84028625488281,30.756101608276367,646.2437744140625,0.6504785418510437,0.4422956109046936,0.45251837372779846,60996563868,2092761482
1,4,1,2.3294525146484375,1,2.4739227294921875,1,0.13141822814941406,0.6999226808547974,-125.98446655273438,62.8173828125,12.221932411193848,1,-0.049017079174518585,0.8223026394844055,-188.2083740234375,40.50971221923828,4.102576732635498,1,-5.578866004943848,29.77053451538086,643.2890014648438,0.5128962397575378,0.44408565759658813,0.43747663497924805,1,-71.94160461425781,30.850008010864258,647.43115234375,0.650379478931427,0.44225645065307617,0.45511594414711,60996572201,2092769815
1,4,1,2.3353271484375,1,2.5313568115234375,1,0.11611142009496689,0.7394881248474121,-131.26307678222656,55.605316162109375,9.596915245056152,1,-0.04283229261636734,0.8254687190055847,-186.0755157470703,39.932613372802734,3.892427444458008,1,-5.600879192352295,29.881052017211914,643.059814453125,0.5129468441009521,0.4438266158103943,0.43699461221694946,1,-71.90547943115234,30.84975814819336,646.630126953125,0.6505126953125,0.44215238094329834,0.45337975025177,60996580534,2092778148
1,4,1,2.3752899169921875,1,2.474395751953125,1,0.12015654891729355,0.7404564023017883,-129.86810302734375,55.4288215637207,9.532662391662598,1,-0.05718010663986206,0.8299827575683594,-191.02340698242188,39.10976791381836,3.5930168628692627,1,-5.544034957885742,29.948997497558594,643.2639770507812,0.5128235220909119,0.4437119960784912,0.437445729970932,1,-71.88069152832031,30.879112243652344,646.7882080078125,0.6504201889038086,0.44211244583129883,0.453718900680542,60996588868,2092786482
1,4,1,2.3295745849609375,1,2.4656219482421875,1,0.10635033994913101,0.7278012037277222,-134.6292266845703,57.73564147949219,10.372265815734863,1,-0.059303246438503265,0.8212270736694336,-191.75559997558594,40.705772399902344,4.173925876617432,1,-5.464694023132324,29.922954559326172,642.8896484375,0.5126652121543884,0.443717896938324,0.436628520488739,1,-71.8740463256836,30.915645599365234,647.5263671875,0.6502149701118469,0.4421335458755493,0.45531415939331055,60996597202,2092794816
1,4,1,2.347991943359375,1,2.51165771484375,1,0.11522901803255081,0.7275434732437134,-131.5673828125,57.78261947631836,10.389348030090332,1,-0.03899633511900902,0.8678747415542603,-184.75267028808594,32.202728271484375,1.0791081190109253,1,-5.365127086639404,29.956998825073242,643.0733642578125,0.512453019618988,0.4436711072921753,0.4370298981666565,1,-71.82113647460938,30.9442081451416,647.2291870117188,0.6501824259757996,0.44203582406044006,0.4546646773815155,60996605535,2092803149
1,4,1,2.31488037109375,1,2.5064849853515625,1,0.11882166564464569,0.724408745765686,-130.3284454345703,58.35401153564453,10.597386360168457,1,-0.025261985138058662,0.8490398526191711,-180.0163116455078,35.63600540161133,2.3286609649658203,1,-5.302844047546387,29.954227447509766,643.109130859375,0.5123220086097717,0.44368159770965576,0.43710604310035706,1,-71.76605224609375,30.92405891418457,647.14697265625,0.6500899791717529,0.4420667588710785,0.454471617937088,60996613869,2092811483
1,4,1,2.3082275390625,1,2.4677581787109375,1,0.12967084348201752,0.7144400477409363,-126.5870590209961,60.171138763427734,11.258713722229004,1,-0.042255379259586334,0.8447727560997009,-185.87657165527344,36.4138069152832,2.6117935180664062,1,-5.208667755126953,29.97181510925293,642.9625244140625,0.5121277570724487,0.4436263144016266,0.4367886781692505,1,-71.7559814453125,30.983562469482422,647.6029052734375,0.6499509811401367,0.44200360774993896,0.4554605185985565,60996622202,2092819816
1,4,1,2.345123291015625,1,2.497772216796875,1,0.11877179890871048,0.7164211869239807,-130.34564208984375,59.81002426147461,11.127299308776855,1,-0.023861495777964592,0.8549277782440186,-179.53335571289062,34.56272888183594,1.9380110502243042,1,-5.115992069244385,29.98001480102539,643.044921875,0.5119321346282959,0.44362014532089233,0.43696701526641846,1,-71.76049041748047,31.112010955810547,649.2852783203125,0.6495262980461121,0.44195878505706787,0.4591076374053955,60996630535,2092828149
1,4,1,2.350189208984375,1,2.450408935546875,1,0.12855865061283112,0.6994203925132751,-126.97058868408203,62.908939361572266,12.255212783813477,1,-0.04385955631732941,0.8716744780540466,-186.42977905273438,31.510114669799805,0.8269788026809692,1,-5.031552314758301,29.9771671295166,642.909423828125,0.5117579698562622,0.44360870122909546,0.43667125701904297,1,-71.49111938476562,30.950532913208008,646.2962646484375,0.6497411131858826,0.4419011175632477,0.4525754153728485,60996638869,2092836483
1,4,1,2.3443756103515625,1,2.4728546142578125,1,0.12134435772895813,0.707328736782074,-129.45848083496094,61.46739959716797,11.730547904968262,1,-0.031171822920441628,0.8694700598716736,-182.0543670654297,31.911958694458008,0.9732250571250916,1,-4.921979904174805,29.999300003051758,642.9688720703125,0.5115274786949158,0.443570613861084,0.4368012845516205,1,-71.38603210449219,30.988933563232422,645.892333984375,0.6496277451515198,0.4417687654495239,0.45168471336364746,60996647202,2092844816
1,4,1,2.34326171875,1,2.4620513916015625,1,0.12206057459115982,0.719120979309082,-129.21148681640625,59.31788635253906,10.948188781738281,1,-0.039497192949056625,0.8730692863464355,-184.9253692626953,31.255840301513672,0.7344722747802734,1,-4.83358097076416,29.991317749023438,642.9132690429688,0.5113434791564941,0.4435802102088928,0.4366781413555145,1,-71.46878051757812,31.185657501220703,648.9093017578125,0.649021327495575,0.44175851345062256,0.4582381546497345,60996655536,2092853150
1,4,1,2.3372650146484375,1,2.520751953125,1,0.12269251048564911,0.7121745944023132,-128.99356079101562,60.584083557128906,11.409038543701172,1,-0.006133099552243948,0.8313099145889282,-173.4196319580078,38.86784362792969,3.504995584487915,1,-4.725675582885742,30.0167179107666,642.9150390625,0.5111175179481506,0.44352787733078003,0.436683714389801,1,-71.2201156616211,31.033592224121094,645.9271850585938,0.6492748260498047,0.44168129563331604,0.45172688364982605,60996663868,2092861482
1,4,1,2.3284149169921875,1,2.4488983154296875,1,0.11296983808279037,0.7141400575637817,-132.3464813232422,60.22584915161133,11.278595924377441,1,-0.03749644756317139,0.8363175988197327,-184.2354278564453,37.95505142211914,3.1727378368377686,1,-4.626141548156738,30.012351989746094,642.8826904296875,0.5109097361564636,0.44353294372558594,0.4366114139556885,1,-71.13211059570312,31.056869506835938,646.102294921875,0.6490472555160522,0.4416563808917999,0.4520871341228485,60996672202,2092869816
1,4,1,2.319061279296875,1,2.461273193359375,1,0.13172230124473572,0.7230426073074341,-125.87960052490234,58.60304260253906,10.687997817993164,1,0.005543829407542944,0.8271543979644775,-169.39279174804688,39.62532424926758,3.780705213546753,1,-4.513936996459961,29.999921798706055,642.8729858398438,0.5106750130653381,0.4435577392578125,0.43658700585365295,1,-71.08509826660156,31.067989349365234,646.2530517578125,0.6489109992980957,0.441653311252594,0.452402800321579,60996680535,2092878149
1,4,1,2.3116607666015625,1,2.4793243408203125,1,0.1271224170923233,0.7129112482070923,-127.46589660644531,60.449825286865234,11.360115051269531,1,-0.006634187418967485,0.8292353749275208,-173.5924530029297,39.24601364135742,3.6425716876983643,1,-4.416194438934326,29.984769821166992,642.8294677734375,0.5104711651802063,0.44358375668525696,0.436489075422287,1,-70.91260528564453,31.054323196411133,645.85400390625,0.6486563682556152,0.4416293203830719,0.45149973034858704,60996688868,2092886482
1,4,1,2.3223724365234375,1,2.473480224609375,1,0.12573407590389252,0.6965746879577637,-127.9446792602539,63.427677154541016,12.444031715393066,1,0.0017105921870097518,0.8145122528076172,-170.71469116210938,41.92975616455078,4.619455814361572,1,-4.299734592437744,29.95647430419922,642.8865966796875,0.5102264881134033,0.44365018606185913,0.4366074204444885,1,-70.86982727050781,31.071434020996094,646.2078857421875,0.6484768986701965,0.4416406452655792,0.45225536823272705,60996697202,2092894816
1,4,1,2.3136138916015625,1,2.5001983642578125,1,0.107038713991642,0.7148934602737427,-134.39186096191406,60.088478088378906,11.228644371032715,1,0.004033542703837156,0.8011515736579895,-169.9136199951172,44.36518096923828,5.505793571472168,1,-4.2065935134887695,29.942935943603516,642.72900390625,0.5100339651107788,0.44365811347961426,0.43626245856285095,1,-70.7149658203125,31.055591583251953,645.8013305664062,0.6482602953910828,0.44162020087242126,0.451339989900589,60996705535,2092903149
1,4,1,2.3371124267578125,1,2.4729766845703125,1,0.11511819809675217,0.7116984128952026,-131.60560607910156,60.6708984375,11.440605163574219,1,0.0008521450217813253,0.8242478370666504,-171.0107421875,40.155128479003906,3.9735310077667236,1,-4.085628509521484,29.932682037353516,642.8217163085938,0.5097792744636536,0.4436916410923004,0.43646055459976196,1,-70.62529754638672,31.058856964111328,645.8927001953125,0.6480510830879211,0.4416256546974182,0.45151659846305847,60996713868,2092911482
1,4,1,2.317474365234375,1,2.5024261474609375,1,0.12182435393333435,0.7266494035720825,-129.29295349121094,57.94560241699219,10.44865894317627,1,3.047744758077897e-05,0.8036510348320007,-171.29409790039062,43.909576416015625,5.339975357055664,1,-3.9939441680908203,29.916072845458984,642.85693359375,0.5095868110656738,0.4437308609485626,0.4365333914756775,1,-70.50631713867188,31.049209594726562,645.7896728515625,0.6478309035301208,0.4416322708129883,0.45126527547836304,60996722201,2092919816
1,4,1,2.31683349609375,1,2.4822540283203125,1,0.12610553205013275,0.7151050567626953,-127.81656646728516,60.04991149902344,11.214611053466797,1,0.01671292819082737,0.8106335401535034,-165.54107666015625,42.63677978515625,4.876766204833984,1,-3.880916118621826,29.850969314575195,642.701171875,0.5093526244163513,0.4438462257385254,0.43618521094322205,1,-70.43440246582031,31.045230865478516,645.98046875,0.6476331949234009,0.44166576862335205,0.451659619808197,60996730534,2092928149
1,4,1,2.2865753173828125,1,2.470794677734375,1,0.1320154368877411,0.6993896961212158,-125.77851867675781,62.9145393371582,12.257281303405762,1,-0.00850670225918293,0.8132421970367432,-174.23818969726562,42.16127395629883,4.703676700592041,1,-3.7846009731292725,29.75653648376465,642.8056640625,0.5091496109962463,0.44405609369277954,0.436397910118103,1,-70.28692626953125,30.999923706054688,645.5896606445312,0.6474273800849915,0.44170838594436646,0.450776070356369,60996738867,2092936482
1,4,1,2.3390045166015625,1,2.446258544921875,1,0.09986153990030289,0.71409672498703,-136.86692810058594,60.23371887207031,11.281472206115723,1,0.004606225993484259,0.8163178563117981,-169.7161407470703,41.60064697265625,4.499621868133545,1,-3.6905293464660645,29.70796012878418,642.5548095703125,0.5089561939239502,0.4441249966621399,0.4358459413051605,1,-70.235107421875,31.00075912475586,645.883056640625,0.6472452878952026,0.4417453706264496,0.45139703154563904,60996747201,2092944816
1,4,1,2.3446197509765625,1,2.414093017578125,1,0.1017673909664154,0.6755138635635376,-136.20968627929688,67.26667022705078,13.841313362121582,1,-0.03060837835073471,0.7490432262420654,-181.86004638671875,53.86360168457031,8.962977409362793,1,-3.6392171382904053,29.726757049560547,642.9776000976562,0.5088428854942322,0.44414034485816956,0.436765193939209,1,-70.32621002197266,31.183629989624023,649.40576171875,0.6465411186218262,0.44182994961738586,0.4590422213077545,60996755534,2092953149
1,4,1,2.3350982666015625,1,2.403961181640625,1,0.10637838393449783,0.6736529469490051,-134.61956787109375,67.60588836669922,13.964756965637207,1,-0.04595524072647095,0.7174822688102722,-187.15248107910156,59.616600036621094,11.056899070739746,1,-3.6020326614379883,29.723806381225586,643.080810546875,0.5087636709213257,0.44415977597236633,0.4369882345199585,1,-70.16886901855469,31.133747100830078,648.3717041015625,0.646477460861206,0.4417976438999176,0.4567683935165405,60996763867,2092961482
1,4,1,2.3052825927734375,1,2.406951904296875,1,0.107375867664814,0.6477524638175964,-134.27557373046875,72.32707977294922,15.68317985534668,1,-0.026559952646493912,0.7023552656173706,-180.46392822265625,62.37398910522461,12.060492515563965,1,-3.5303115844726562,29.659204483032227,642.7863159179688,0.508617639541626,0.4442563056945801,0.436339795589447,1,-70.0943832397461,31.09825897216797,647.9234619140625,0.6464368104934692,0.4418122172355652,0.45577937364578247,60996772209,2092969824
1,4,1,2.3148956298828125,1,2.44635009765625,1,0.10245988517999649,0.6296342015266418,-135.9708709716797,75.62973022460938,16.885181427001953,1,-0.013598858378827572,0.712647557258606,-175.99424743652344,60.497859954833984,11.377730369567871,1,-3.4538018703460693,29.575464248657227,642.8230590820312,0.5084571242332458,0.44443514943122864,0.4364074766635895,1,-70.01116943359375,31.082935333251953,648.0555419921875,0.6462318897247314,0.4418613314628601,0.4560428857803345,60996780539,2092978154
1,4,1,2.2986602783203125,1,2.422882080078125,1,0.101901575922966,0.6353829503059387,-136.16339111328125,74.58181762695312,16.503787994384766,1,-0.026816219091415405,0.7340044975280762,-180.55230712890625,56.6048698425293,9.960762023925781,1,-3.391768455505371,29.530868530273438,643.085205078125,0.5083240270614624,0.4445614218711853,0.436969518661499,1,-69.99230194091797,31.09760856628418,648.7431640625,0.6460198760032654,0.44192108511924744,0.45752403140068054,60996788872,2092986487
1,4,1,2.341400146484375,1,2.4011077880859375,1,0.09662706404924393,0.6610732674598694,-137.9823455810547,69.89894104003906,14.799406051635742,1,-0.02497866377234459,0.7432712316513062,-179.91860961914062,54.91574478149414,9.345900535583496,1,-3.3450326919555664,29.497394561767578,642.8006591796875,0.5082299113273621,0.44459471106529236,0.436347097158432,1,-69.94868469238281,31.067134857177734,648.5836181640625,0.6459701657295227,0.4419631361961365,0.45716553926467896,60996797214,2092994829
1,4,1,2.3105010986328125,1,2.4169158935546875,1,0.1063753217458725,0.6607644557952881,-134.62062072753906,69.95523071289062,14.819844245910645,1,-0.029309788718819618,0.7375858426094055,-181.41221618652344,55.95205307006836,9.723140716552734,1,-3.2917022705078125,29.461204528808594,642.6082763671875,0.5081207156181335,0.4446454346179962,0.435924232006073,1,-69.90409088134766,31.0709171295166,648.66552734375,0.6458576321601868,0.44196611642837524,0.457332581281662,60996805548,2093003163
1,4,1,2.3544921875,1,2.4517364501953125,1,0.10172786563634872,0.6555497050285339,-136.22332763671875,70.9057846069336,15.165851593017578,1,-0.011928674764931202,0.7296068072319031,-175.41827392578125,57.406524658203125,10.252479553222656,1,-3.255521535873413,29.449138641357422,642.6318359375,0.5080446600914001,0.4446735680103302,0.43597331643104553,1,-69.9053955078125,31.119140625,649.2210083007812,0.6457208395004272,0.4419393837451935,0.45853787660598755,60996813881,2093011496
1,4,1,2.342041015625,1,2.4307708740234375,1,0.10983143746852875,0.681660532951355,-133.4287567138672,66.14627075195312,13.43346881866455,1,-0.023462433367967606,0.7317955493927002,-179.39573669433594,57.00754928588867,10.107266426086426,1,-3.237839698791504,29.456676483154297,642.6206665039062,0.5080077052116394,0.4446565508842468,0.43594998121261597,1,-69.89300537109375,31.15064239501953,649.272216796875,0.6456823348999023,0.4418812394142151,0.45864975452423096,60996822214,2093019829
1,4,1,2.3503875732421875,1,2.4744415283203125,1,0.10345900058746338,0.6625216007232666,-135.62632751464844,69.63494873046875,14.703267097473145,1,0.006225836928933859,0.7254763245582581,-169.15762329101562,58.15943145751953,10.526531219482422,1,-3.2332167625427246,29.47187042236328,642.666015625,0.507997453212738,0.4446307420730591,0.4360504150390625,1,-69.88856506347656,31.18777847290039,649.4046020507812,0.645639955997467,0.4418221116065979,0.4589395225048065,60996830547,2093028162
1,4,1,2.3446197509765625,1,2.437652587890625,1,0.1066819429397583,0.6444017291069031,-134.51487731933594,72.93785095214844,15.90546703338623,1,-0.009109781123697758,0.7019512057304382,-174.44615173339844,62.447635650634766,12.087302207946777,1,-3.23819899559021,29.48267936706543,642.642333984375,0.5080081820487976,0.4446052610874176,0.4360005259513855,1,-69.9234619140625,31.236854553222656,649.6497802734375,0.6456502676010132,0.4417531490325928,0.45948314666748047,60996838881,2093036496
1,4,1,2.34454345703125,1,2.43621826171875,1,0.09754341095685959,0.6250046491622925,-137.6663360595703,76.47360229492188,17.1923885345459,1,-0.02938145585358143,0.7039563655853271,-181.4369354248047,62.0821418762207,11.954238891601562,1,-3.2636232376098633,29.48874282836914,642.493408203125,0.5080631971359253,0.4445735812187195,0.43567851185798645,1,-69.94950866699219,31.276683807373047,649.8036499023438,0.6456652879714966,0.4416912794113159,0.4598265290260315,60996847214,2093044829
1,4,1,2.3580169677734375,1,2.43768310546875,1,0.10004598647356033,0.6383488178253174,-136.80332946777344,74.04121398925781,16.307044982910156,1,-0.012506158091127872,0.7181518077850342,-175.61741638183594,59.49456787109375,11.01244831085205,1,-3.300699234008789,29.510250091552734,642.4822387695312,0.508141040802002,0.44452738761901855,0.4356575310230255,1,-69.79000854492188,31.116621017456055,645.7548828125,0.6463547348976135,0.44148963689804077,0.45103347301483154,60996855548,2093053163
1,4,1,2.3644561767578125,1,2.4307403564453125,1,0.10135228931903839,0.6319898962974548,-136.3528289794922,75.20033264160156,16.72887420654297,1,-0.019491614773869514,0.7263079285621643,-178.02639770507812,58.00785827636719,10.471320152282715,1,-3.341520071029663,29.565143585205078,642.5850830078125,0.5082250833511353,0.4444263279438019,0.435888409614563,1,-69.79806518554688,31.14545440673828,645.4110107421875,0.6464584469795227,0.4413844645023346,0.450297474861145,60996863881,2093061496
1,4,1,2.3367919921875,1,2.4469451904296875,1,0.1035795584321022,0.6356319785118103,-135.58474731445312,74.53643798828125,16.4873046875,1,-0.01912369579076767,0.7254359722137451,-177.89950561523438,58.16679763793945,10.529155731201172,1,-3.400174617767334,29.63576889038086,642.6632690429688,0.5083467960357666,0.4442894458770752,0.43606820702552795,1,-69.86433410644531,31.19460678100586,645.479736328125,0.6465782523155212,0.4412916302680969,0.45046770572662354,60996872214,2093069829
1,4,1,2.372406005859375,1,2.43231201171875,1,0.102760910987854,0.6680430173873901,-135.86705017089844,68.62848663330078,14.336969375610352,1,-0.017605742439627647,0.6998841166496277,-177.37600708007812,62.82441329956055,12.224461555480957,1,-3.462345600128174,29.64655303955078,642.4228515625,0.5084801316261292,0.4442360997200012,0.43554872274398804,1,-70.13967895507812,31.420434951782227,649.59619140625,0.646108090877533,0.4413679242134094,0.45944252610206604,60996880548,2093078163
1,4,1,2.3604736328125,1,2.438446044921875,1,0.09930672496557236,0.6511058807373047,-137.05825805664062,71.71581268310547,15.46069622039795,1,-0.004092701245099306,0.704827070236206,-172.71600341796875,61.92342758178711,11.896492004394531,1,-3.538503646850586,29.670209884643555,642.4085693359375,0.5086398720741272,0.44418495893478394,0.43552181124687195,1,-70.01006317138672,31.20365333557129,645.2586669921875,0.6469365954399109,0.44124332070350647,0.45002588629722595,60996888881,2093086496
1,4,1,2.4107818603515625,1,2.488922119140625,1,0.11155218631029129,0.6684967279434204,-132.83534240722656,68.5457992553711,14.306838989257812,1,-0.006274379324167967,0.6973851323127747,-173.46835327148438,63.27994155883789,12.390233993530273,1,-3.634840488433838,29.685256958007812,642.6019287109375,0.5088390111923218,0.4441783130168915,0.435944527387619,1,-70.29169464111328,31.415376663208008,649.333740234375,0.6464871168136597,0.4413435757160187,0.45891073346138,60996897206,2093094821
1,4,1,2.38531494140625,1,2.496124267578125,1,0.10198568552732468,0.6503754258155823,-136.1343994140625,71.84896850585938,15.50915241241455,1,0.013624534010887146,0.709251880645752,-166.60614013671875,61.116844177246094,11.602987289428711,1,-3.719538688659668,29.662946701049805,642.0189208984375,0.5090246200561523,0.44414961338043213,0.43467751145362854,1,-70.38581848144531,31.399709701538086,648.86865234375,0.6467983722686768,0.4413144588470459,0.4579271376132965,60996905548,2093103163
1,4,1,2.397979736328125,1,2.5104827880859375,1,0.09504765272140503,0.660616934299469,-138.52700805664062,69.98211669921875,14.829647064208984,1,0.00036528860800899565,0.7201812267303467,-171.17864990234375,59.124603271484375,10.877890586853027,1,-3.8164098262786865,29.710012435913086,642.5874633789062,0.5092194676399231,0.44412463903427124,0.4359186589717865,1,-70.47930908203125,31.419879913330078,649.207275390625,0.6469055414199829,0.44131729006767273,0.45868197083473206,60996913885,2093111500
1,4,1,2.3868865966796875,1,2.47723388671875,1,0.11508939415216446,0.628522515296936,-131.6155242919922,75.83235931396484,16.958969116210938,1,0.011528422124683857,0.7129496335983276,-167.32899475097656,60.44281005859375,11.357568740844727,1,-3.922070264816284,29.669591903686523,641.9248657226562,0.5094506144523621,0.4441232979297638,0.43447691202163696,1,-70.5846176147461,31.399667739868164,648.7540283203125,0.647237241268158,0.4412990212440491,0.45772600173950195,60996922218,2093119833
1,4,1,2.3692779541015625,1,2.5279083251953125,1,0.11114868521690369,0.6400856971740723,-132.97450256347656,73.72462463378906,16.191774368286133,1,0.0014147368492558599,0.7164657711982727,-170.81674194335938,59.80187225341797,11.124370574951172,1,-4.022841453552246,29.756881713867188,642.1981201171875,0.509657621383667,0.4439767301082611,0.43508288264274597,1,-70.68236541748047,31.443941116333008,649.0321655273438,0.6473681330680847,0.4412442445755005,0.45835477113723755,60996930552,2093128167
1,4,1,2.3864288330078125,1,2.474365234375,1,0.10111693292856216,0.6537327170372009,-136.43397521972656,71.23699188232422,15.286370277404785,1,0.002528813201934099,0.6974879503250122,-170.43255615234375,63.26122283935547,12.383403778076172,1,-4.128988742828369,29.763214111328125,642.0142822265625,0.5098829865455627,0.4439396858215332,0.43468642234802246,1,-70.5998764038086,31.218807220458984,644.84912109375,0.6482651233673096,0.44115644693374634,0.44928178191185,60996938885,2093136500
1,4,1,2.3958892822265625,1,2.53387451171875,1,0.09987694770097733,0.6446511149406433,-136.86160278320312,72.89241027832031,15.888904571533203,1,0.012399010360240936,0.7252423167228699,-167.02874755859375,58.202064514160156,10.542098045349121,1,-4.238107204437256,29.89339828491211,642.158203125,0.5101091265678406,0.4436872601509094,0.43501773476600647,1,-70.90972900390625,31.552749633789062,648.8775024414062,0.6478754878044128,0.4409993290901184,0.458089143037796,60996947218,2093144833
1,4,1,2.4230804443359375,1,2.480712890625,1,0.10666116327047348,0.6362813711166382,-134.52203369140625,74.4180679321289,16.44416046142578,1,-0.013668782077729702,0.7158151865005493,-176.0183563232422,59.92047882080078,11.167546272277832,1,-4.35137939453125,29.86678123474121,641.64404296875,0.5103550553321838,0.4436758756637573,0.4339001178741455,1,-70.8141860961914,31.337425231933594,644.7291870117188,0.6487404704093933,0.440894216299057,0.4490896463394165,60996955552,2093153167
1,4,1,2.397216796875,1,2.563140869140625,1,0.1029362753033638,0.6621947884559631,-135.8065948486328,69.69452667236328,14.724902153015137,1,0.013762017711997032,0.7167640924453735,-166.5587158203125,59.74749755859375,11.104551315307617,1,-4.454615592956543,30.007518768310547,641.734130859375,0.5105698704719543,0.4433945119380951,0.43411627411842346,1,-71.13997650146484,31.640926361083984,648.9830322265625,0.6483228206634521,0.44083118438720703,0.458382785320282,60996963885,2093161500
1,4,1,2.3972930908203125,1,2.490081787109375,1,0.11911237984895706,0.6364847421646118,-130.2281951904297,74.38098907470703,16.430709838867188,1,-0.0025763418525457382,0.7116369009017944,-172.19308471679688,60.68209457397461,11.444740295410156,1,-4.566717147827148,30.0657958984375,641.525390625,0.5108084082603455,0.44324585795402527,0.4336729645729065,1,-71.04501342773438,31.477916717529297,644.75048828125,0.6492134928703308,0.4406053423881531,0.4492093324661255,60996972217,2093169833
1,4,1,2.4055023193359375,1,2.5072784423828125,1,0.09314437210559845,0.6416040062904358,-139.18336486816406,73.44784545898438,16.09108543395996,1,0.0043951463885605335,0.7105783224105835,-169.78892517089844,60.87504959106445,11.514934539794922,1,-4.664712905883789,30.11600685119629,641.706298828125,0.5110107660293579,0.4431646764278412,0.43407368659973145,1,-71.3696060180664,31.755067825317383,648.933837890625,0.6488081812858582,0.44058912992477417,0.458346426486969,60996980550,2093178166
1,4,1,2.4189605712890625,1,2.5141143798828125,1,0.11600791662931442,0.6710899472236633,-131.2987823486328,68.07307434082031,14.134808540344238,1,-0.007302514277398586,0.7143757343292236,-173.8229217529297,60.182865142822266,11.2629976272583,1,-4.769400596618652,30.24226188659668,641.5447998046875,0.5112330317497253,0.4428806006908417,0.4337422251701355,1,-71.45449829101562,31.80527687072754,648.5147705078125,0.6490902900695801,0.44042980670928955,0.45746952295303345,60996988884,2093186500
1,4,1,2.4179229736328125,1,2.516754150390625,1,0.08572131395339966,0.6595389246940613,-141.7432403564453,70.17863464355469,14.90119457244873,1,0.007380033377557993,0.6975341439247131,-168.75958251953125,63.25279235839844,12.380386352539062,1,-4.851685523986816,30.243694305419922,641.2583618164062,0.5114108920097351,0.442840039730072,0.4331221878528595,1,-71.5519790649414,31.815187454223633,648.5445556640625,0.6492836475372314,0.4404131770133972,0.4575580060482025,60996997209,2093194825
1,4,1,2.398651123046875,1,2.4200286865234375,1,0.10850246250629425,0.6417361497879028,-133.88705444335938,73.42375946044922,16.082321166992188,1,-0.0248432494699955,0.6925680637359619,-179.8719024658203,64.15803527832031,12.709778785705566,1,-4.982268333435059,30.27175521850586,641.3349609375,0.5116835832595825,0.4427914023399353,0.433294415473938,1,-71.64492797851562,31.8203182220459,648.1475219726562,0.6495775580406189,0.4403494894504547,0.45672449469566345,60997005542,2093203158
1,4,1,2.4101715087890625,1,2.5367889404296875,1,0.11124913394451141,0.6419768929481506,-132.93984985351562,73.3798599243164,16.066341400146484,1,0.008395334705710411,0.6924207210540771,-168.40943908691406,64.18487548828125,12.719583511352539,1,-5.044415473937988,30.311840057373047,641.312255859375,0.5118143558502197,0.44270485639572144,0.43325167894363403,1,-71.5234375,31.651668548583984,644.221435546875,0.650343656539917,0.4401731789112091,0.4482055604457855,60997013884,2093211500
1,4,1,2.4234619140625,1,2.574310302734375,1,0.10694226622581482,0.6422539949417114,-134.4250946044922,73.32937622070312,16.047941207885742,1,0.03454570472240448,0.6862974166870117,-159.39137268066406,65.30105590820312,13.125800132751465,1,-5.154041290283203,30.279495239257812,641.0825805664062,0.5120489597320557,0.44274190068244934,0.43275079131126404,1,-71.63725280761719,31.626495361328125,644.3020629882812,0.6505593061447144,0.44023603200912476,0.44840288162231445,60997022217,2093219833
1,4,1,2.421905517578125,1,2.559478759765625,1,0.10121390968561172,0.6492681503295898,-136.4005584716797,72.0508041381836,15.582582473754883,1,0.021492965519428253,0.7044406533241272,-163.8926544189453,61.99384689331055,11.922128677368164,1,-5.22567081451416,30.310104370117188,641.1729125976562,0.5121976137161255,0.44268983602523804,0.43295222520828247,1,-71.69482421875,31.635570526123047,644.0894165039062,0.6507343053817749,0.44018852710723877,0.447959303855896,60997030550,2093228166
1,4,1,2.41973876953125,1,2.5272064208984375,1,0.10010723769664764,0.6469129323959351,-136.78219604492188,72.48011016845703,15.738886833190918,1,0.0034383186139166355,0.7079046368598938,-170.118896484375,61.362396240234375,11.692381858825684,1,-5.308294773101807,30.2813720703125,641.0230712890625,0.5123741030693054,0.4427298903465271,0.4326247572898865,1,-71.7807846069336,31.592628479003906,643.930419921875,0.6509548425674438,0.4402560591697693,0.44763076305389404,60997038884,2093236500
1,4,0,nan,1,2.505859375,0,nan,nan,nan,nan,nan,1,-0.00727695832028985,0.7032459378242493,-173.81410217285156,62.21166229248047,12.001340866088867,0,nan,nan,nan,nan,nan,nan,1,-72.08417510986328,31.80617332458496,648.1602172851562,0.6504808068275452,0.44037947058677673,0.4568537175655365,60997047219,2093244835
1,4,1,2.419158935546875,1,2.554595947265625,1,0.11799190193414688,0.6454088687896729,-130.61459350585938,72.75428009033203,15.838665008544922,1,0.0059383325278759,0.7104854583740234,-169.25674438476562,60.891963958740234,11.521140098571777,1,-5.451005935668945,30.307418823242188,641.020751953125,0.5126738548278809,0.44267505407333374,0.43262580037117004,1,-71.91808319091797,31.611007690429688,643.8287353515625,0.6512668132781982,0.44020402431488037,0.44744688272476196,60997055552,2093253168
1,4,1,2.4267578125,1,2.510101318359375,1,0.10604945570230484,0.6619057655334473,-134.7329864501953,69.74720764160156,14.744133949279785,1,0.007776092272251844,0.6997614502906799,-168.62298583984375,62.84678268432617,12.232605934143066,1,-5.524738311767578,30.206554412841797,640.5423583984375,0.5128389000892639,0.4428224563598633,0.4315754771232605,1,-72.23460388183594,31.735450744628906,647.871826171875,0.6508663892745972,0.4404866397380829,0.45625782012939453,60997063886,2093261502
1,4,1,2.42266845703125,1,2.535247802734375,1,0.11340833455324173,0.653349757194519,-132.1952362060547,71.30683135986328,15.311688423156738,1,0.010362322442233562,0.6794345378875732,-167.73110961914062,66.552001953125,13.581235885620117,1,-5.597632884979248,30.272350311279297,640.8709106445312,0.5129849910736084,0.4427281618118286,0.43229860067367554,1,-72.29487609863281,31.81064224243164,647.95751953125,0.6509682536125183,0.4403427839279175,0.45646747946739197,60997072219,2093269835
1,4,1,2.4127960205078125,1,2.5469512939453125,1,0.10811131447553635,0.6409131288528442,-134.02195739746094,73.57377624511719,16.136890411376953,1,0.005084039643406868,0.6997386813163757,-169.55136108398438,62.8509521484375,12.234092712402344,1,-5.64620304107666,30.270893096923828,641.06201171875,0.5130829811096191,0.44275614619255066,0.43271392583847046,1,-72.09989166259766,31.566024780273438,643.5067138671875,0.6517297029495239,0.44025376439094543,0.4467896819114685,60997080552,2093278168
1,4,1,2.40447998046875,1,2.550048828125,1,0.09952843189239502,0.6515970230102539,-136.98179626464844,71.62628936767578,15.42810344696045,1,0.04928020015358925,0.7206913828849792,-154.31011962890625,59.031646728515625,10.843984603881836,1,-5.698416233062744,30.19952392578125,640.5850830078125,0.5132030844688416,0.44284236431121826,0.43167048692703247,1,-72.182861328125,31.51343536376953,643.664306640625,0.6518610715866089,0.4403839707374573,0.44714197516441345,60997088886,2093286502
1,4,1,2.3945465087890625,1,2.5269927978515625,1,0.11148487776517868,0.6722269654273987,-132.85858154296875,67.8658447265625,14.059338569641113,1,0.014403983019292355,0.7267265915870667,-166.3373565673828,57.931541442871094,10.443523406982422,1,-5.761184215545654,30.405366897583008,640.6160888671875,0.513333797454834,0.4424172341823578,0.431767076253891,1,-72.26081848144531,31.717273712158203,643.82177734375,0.6519807577133179,0.4399817883968353,0.447528600692749,60997097219,2093294835
1,4,1,2.4228515625,1,2.5515899658203125,1,0.10496934503316879,0.6560311317443848,-135.10546875,70.81804656982422,15.133880615234375,1,0.009321837686002254,0.7007622122764587,-168.08993530273438,62.664371490478516,12.166157722473145,1,-5.821112155914307,30.247859954833984,640.9556884765625,0.5134527087211609,0.44278985261917114,0.432483434677124,1,-72.28082275390625,31.536998748779297,643.595703125,0.6520828008651733,0.44032564759254456,0.44702082872390747,60997105552,2093303168
1,4,1,2.4214324951171875,1,2.5018310546875,1,0.11495848745107651,0.6600024104118347,-131.66067504882812,70.09415435791016,14.870396614074707,1,0.007196034304797649,0.702471137046814,-168.82302856445312,62.35285568237305,12.052863121032715,1,-5.870492935180664,30.40796661376953,640.819091796875,0.513559103012085,0.4424382746219635,0.43220996856689453,1,-72.34486389160156,31.68521499633789,643.5923461914062,0.6522162556648254,0.4400172531604767,0.447049617767334,60997113886,2093311502
1,4,1,2.410186767578125,1,2.5499114990234375,1,0.1208200678229332,0.6572432518005371,-129.6392822265625,70.59709930419922,15.053466796875,1,0.008582599461078644,0.7116884589195251,-168.34486389160156,60.67271041870117,11.441306114196777,1,-5.909466743469238,30.34884262084961,640.6489868164062,0.5136448740959167,0.4425390660762787,0.4318336844444275,1,-72.40467834472656,31.6468448638916,643.650146484375,0.6523255109786987,0.44010457396507263,0.447183221578598,60997122211,2093319827
1,4,1,2.417938232421875,1,2.5884552001953125,1,0.10645920038223267,0.6576665639877319,-134.59169006347656,70.51994323730469,15.02536678314209,1,0.021081484854221344,0.7066469192504883,-164.03457641601562,61.59168243408203,11.775810241699219,1,-5.95873498916626,30.326683044433594,640.6483764648438,0.5137485265731812,0.4425850510597229,0.4318302273750305,1,-72.46741485595703,31.63907241821289,643.6929931640625,0.6524447202682495,0.44012635946273804,0.44728949666023254,60997130552,2093328168
1,4,1,2.4319000244140625,1,2.5985565185546875,1,0.10107384622097015,0.6533209085464478,-136.4488525390625,71.31206512451172,15.313702583312988,1,0.007472554221749306,0.694013237953186,-168.7276611328125,63.89455795288086,12.614041328430176,1,-6.021583557128906,30.45050048828125,640.791015625,0.5138770341873169,0.44234561920166016,0.432157963514328,1,-72.48198699951172,31.741703033447266,643.3856201171875,0.6525558829307556,0.43987178802490234,0.44664466381073,60997138886,2093336502
1,4,1,2.38623046875,1,2.52655029296875,1,0.10724259912967682,0.6556723117828369,-134.321533203125,70.88343811035156,15.157691955566406,1,-0.02103118970990181,0.7134511470794678,-178.55731201171875,60.35139846801758,11.324358940124512,1,-6.100048065185547,30.347570419311523,640.7584228515625,0.5140429139137268,0.442555695772171,0.43207478523254395,1,-72.61212158203125,31.668230056762695,643.9918823242188,0.6526662707328796,0.44010573625564575,0.44797283411026,60997147219,2093344835
1,4,1,2.4276275634765625,1,2.5457000732421875,1,0.07752468436956406,0.6888373494148254,-144.56988525390625,64.83805847167969,12.957356452941895,1,-0.049228113144636154,0.7480586767196655,-188.28114318847656,54.04305648803711,9.028325080871582,1,-6.278222560882568,30.394550323486328,640.8673095703125,0.5144146084785461,0.44247177243232727,0.43232104182243347,1,-72.82218933105469,31.795387268066406,645.80419921875,0.6526227593421936,0.440085232257843,0.4519486129283905,60997155552,2093353168
1,4,1,2.4179534912109375,1,2.5382843017578125,1,0.04312428459525108,0.7296081781387329,-156.4330291748047,57.40627670288086,10.25236988067627,1,-0.030591482296586037,0.7598946690559387,-181.85421752929688,51.88555908203125,8.243037223815918,1,-6.407607078552246,30.347410202026367,640.7743530273438,0.5146887898445129,0.44255751371383667,0.432115763425827,1,-72.91595458984375,31.771995544433594,645.6146240234375,0.6528671979904175,0.4401080906391144,0.4515591859817505,60997163877,2093361493
1,4,1,2.4276580810546875,1,2.5283660888671875,1,0.05848029628396034,0.7035388350486755,-151.13742065429688,62.15822219848633,11.982019424438477,1,-0.0417017862200737,0.7505743503570557,-185.68565368652344,53.58452606201172,8.861326217651367,1,-6.48409366607666,30.26714324951172,641.1124267578125,0.5148414373397827,0.442768931388855,0.43283984065055847,1,-72.96778106689453,31.664379119873047,645.32861328125,0.6530506610870361,0.44029244780540466,0.4509400725364685,60997172222,2093369838
1,4,1,2.4261016845703125,1,2.520111083984375,1,0.05418039858341217,0.6993317008018494,-152.62026977539062,62.92514419555664,12.261049270629883,1,-0.0352780818939209,0.736903190612793,-183.4704132080078,56.07651901245117,9.76838493347168,1,-6.527815818786621,30.316795349121094,640.9194946289062,0.5149378776550293,0.44264012575149536,0.4324290454387665,1,-73.03587341308594,31.719356536865234,645.481201171875,0.653151273727417,0.4401988983154297,0.451293021440506,60997180555,2093378171
1,4,1,2.4497222900390625,1,2.5482330322265625,1,0.038667671382427216,0.7178335189819336,-157.96990966796875,59.55257797241211,11.033594131469727,1,-0.03697660192847252,0.7496645450592041,-184.05616760253906,53.750343322753906,8.921759605407715,1,-6.5799760818481445,30.192424774169922,640.5546875,0.5150567293167114,0.4428514540195465,0.43162164092063904,1,-73.10710144042969,31.622947692871094,645.6561279296875,0.6532529592514038,0.4404217600822449,0.4516739547252655,60997188889,2093386505
1,4,1,2.449920654296875,1,2.5951080322265625,1,0.048653580248355865,0.7214405536651611,-154.52621459960938,58.895076751708984,10.794269561767578,1,-0.009022440761327744,0.7553507685661316,-174.41604614257812,52.713836669921875,8.544510841369629,1,-6.662503242492676,30.224658966064453,640.9376220703125,0.515220582485199,0.4428342282772064,0.43245863914489746,1,-73.1693115234375,31.610078811645508,645.5711059570312,0.6534044742584229,0.4404369294643402,0.45150384306907654,60997197222,2093394838
1,4,1,2.4283294677734375,1,2.5319671630859375,1,0.05624235048890114,0.7225225567817688,-151.9091796875,58.6978759765625,10.72245979309082,1,-0.031237469986081123,0.7399993538856506,-182.0769805908203,55.512142181396484,9.563002586364746,1,-6.721817493438721,30.175865173339844,641.0186767578125,0.5153432488441467,0.44294634461402893,0.432629257440567,1,-73.2435073852539,31.55506706237793,645.7570190429688,0.6535091400146484,0.4405754804611206,0.45191505551338196,60997205555,2093403171
1,4,1,2.43817138671875,1,2.5319061279296875,1,0.041321393102407455,0.6718888282775879,-157.05474853515625,67.92745971679688,14.08178997039795,1,-0.05010436847805977,0.7566236257553101,-188.58331298828125,52.48184585571289,8.460003852844238,1,-6.7598724365234375,30.051515579223633,641.0050659179688,0.5154237747192383,0.44320356845855713,0.43258363008499146,1,-73.27916717529297,31.445327758789062,645.48681640625,0.6536552309989929,0.4407665729522705,0.451325923204422,60997213880,2093411496
1,4,1,2.423492431640625,1,2.5281524658203125,1,0.05045478045940399,0.7017689347267151,-153.90505981445312,62.480838775634766,12.099455833435059,1,-0.04384569823741913,0.7447637915611267,-186.42498779296875,54.64366149902344,9.246894836425781,1,-6.8263444900512695,30.052616119384766,640.8341064453125,0.5155677795410156,0.44317886233329773,0.43221449851989746,1,-73.34037780761719,31.451862335205078,645.6159057617188,0.6537477970123291,0.44077008962631226,0.451619952917099,60997222212,2093419829
1,4,1,2.4222869873046875,1,2.5227813720703125,1,0.045853741466999054,0.7136778235435486,-155.4917449951172,60.310081481933594,11.309272766113281,1,-0.037322644144296646,0.7419866919517517,-184.1754913330078,55.14989471435547,9.431089401245117,1,-6.8747358322143555,30.007495880126953,641.0482177734375,0.5156639814376831,0.44330066442489624,0.432673841714859,1,-73.40422821044922,31.366924285888672,645.7821044921875,0.6538363695144653,0.4409678876399994,0.45198193192481995,60997230546,2093428163
1,4,1,2.468658447265625,1,2.624908447265625,1,0.05711601674556732,0.7264972925186157,-151.60789489746094,57.973323822021484,10.458808898925781,1,-0.0009403025615029037,0.7469187378883362,-171.62887573242188,54.2508544921875,9.103925704956055,1,-6.920650482177734,30.013689041137695,641.2294921875,0.5157557725906372,0.4433112144470215,0.433069109916687,1,-73.45332336425781,31.3685245513916,645.9136962890625,0.6539030075073242,0.44098198413848877,0.452277809381485,60997238879,2093436496
1,4,1,2.4532928466796875,1,2.5471954345703125,1,0.057391390204429626,0.7371865510940552,-151.512939453125,56.02485656738281,9.749604225158691,1,-0.03256630897521973,0.7575721144676208,-182.53524780273438,52.308929443359375,8.39714241027832,1,-6.949867248535156,29.970855712890625,641.048828125,0.5158218741416931,0.44337689876556396,0.43267199397087097,1,-73.47703552246094,31.327808380126953,645.6931762695312,0.6540110111236572,0.4410369098186493,0.451802521944046,60997247212,2093444829
4,3,1,2.451171875,1,2.502227783203125,1,0.050886139273643494,0.6998977661132812,-153.7563018798828,62.821922302246094,12.223563194274902,1,-0.04876770079135895,0.7411423325538635,-188.1223602294922,55.303810119628906,9.487137794494629,1,-6.97896671295166,29.900413513183594,641.0933837890625,0.5158819556236267,0.4435294270515442,0.4327598214149475,1,-73.50579833984375,31.276409149169922,645.5670166015625,0.6541044116020203,0.4411265254020691,0.451530396938324,60997255554,2093453171
4,3,1,2.445587158203125,1,2.5382843017578125,1,0.05212535709142685,0.7267982959747314,-153.32896423339844,57.918460845947266,10.438817024230957,1,-0.03125455230474472,0.7673525810241699,-182.0828857421875,50.5261344909668,7.748236656188965,1,-7.018144607543945,29.927448272705078,640.9904174804688,0.5159668922424316,0.4434596300125122,0.43254101276397705,1,-73.54756164550781,31.30191421508789,645.6055908203125,0.6541805863380432,0.4410787522792816,0.451627254486084,60997263888,2093461505
4,3,1,2.4338836669921875,1,2.519561767578125,1,0.04652560502290726,0.6945852637290955,-155.2600555419922,63.790340423583984,12.575952529907227,1,-0.04368780180811882,0.7356212139129639,-186.3705291748047,56.31019973754883,9.853455543518066,1,-7.0618181228637695,29.87451934814453,641.0574951171875,0.5160569548606873,0.4435785114765167,0.43268048763275146,1,-73.58573150634766,31.268905639648438,645.6200561523438,0.6542559862136841,0.44114893674850464,0.45166319608688354,60997272221,2093469838
4,3,1,2.4395751953125,1,2.572784423828125,1,0.07254662364721298,0.6945247054100037,-146.28659057617188,63.80133819580078,12.580045700073242,1,-0.026452960446476936,0.7440369129180908,-180.4270477294922,54.776145935058594,9.295129776000977,1,-7.101602554321289,29.85352897644043,641.1131591796875,0.5161390900611877,0.44362935423851013,0.432799369096756,1,-73.63898468017578,31.271230697631836,645.8807373046875,0.6542967557907104,0.4411785304546356,0.45223841071128845,60997280554,2093478171
4,3,1,2.4404754638671875,1,2.51837158203125,1,0.0658349022269249,0.6965137124061584,-148.60116577148438,63.43875503540039,12.448131561279297,1,-0.03233279660344124,0.7534968256950378,-182.45469665527344,53.05178451538086,8.667516708374023,1,-7.12922477722168,29.846445083618164,641.2706298828125,0.5161928534507751,0.4436644911766052,0.4331406354904175,1,-73.66529083251953,31.259984970092773,645.8048095703125,0.6543715596199036,0.441191703081131,0.45207956433296204,60997288888,2093486505
4,3,1,2.4571685791015625,1,2.5778961181640625,1,0.06483881920576096,0.7342328429222107,-148.9446563720703,56.56328201293945,9.94554615020752,1,-0.019336525350809097,0.7535855770111084,-177.972900390625,53.035621643066406,8.661601066589355,1,-7.15078067779541,29.832229614257812,641.36083984375,0.5162357687950134,0.4437057375907898,0.4333348870277405,1,-73.67279052734375,31.213237762451172,645.6615600585938,0.6544255018234253,0.4412694573402405,0.45176616311073303,60997297221,2093494838
4,3,0,nan,1,2.547088623046875,0,nan,nan,nan,nan,nan,1,-0.034813836216926575,0.7532539367675781,-183.310302734375,53.09607696533203,8.683581352233887,0,nan,nan,nan,nan,nan,nan,1,-73.723876953125,31.214290618896484,646.0184936523438,0.6544360518455505,0.4413144290447235,0.45254820585250854,60997305554,2093503171
4,3,1,2.4407958984375,1,2.52734375,1,0.047808531671762466,0.6921320557594299,-154.817626953125,64.23749542236328,12.73874568939209,1,-0.03184168040752411,0.7447898983955383,-182.28533935546875,54.638885498046875,9.245161056518555,1,-7.2079267501831055,29.685447692871094,641.441650390625,0.5163539052009583,0.44402164220809937,0.43349185585975647,1,-73.73222351074219,31.103404998779297,645.68359375,0.6545433402061462,0.44149965047836304,0.4518130123615265,60997313888,2093511505
4,3,1,2.4317779541015625,1,2.550689697265625,1,0.041509080678224564,0.7018882632255554,-156.99002075195312,62.459102630615234,12.091500282287598,1,-0.02598646655678749,0.7588893175125122,-180.2661590576172,52.06884002685547,8.309683799743652,1,-7.239500999450684,29.62603759765625,641.417236328125,0.5164209604263306,0.4441421329975128,0.4334317445755005,1,-73.76422119140625,31.04383659362793,645.7352294921875,0.6545960903167725,0.44162964820861816,0.4519239366054535,60997322212,2093519829
4,3,1,2.458343505859375,1,2.51312255859375,1,0.04763409495353699,0.7318617701530457,-154.87779235839844,56.99546813964844,10.102863311767578,1,-0.030668046325445175,0.7546834349632263,-181.880615234375,52.835472106933594,8.588777542114258,1,-7.272245407104492,29.573680877685547,641.5201416015625,0.5164870023727417,0.4442642629146576,0.4336486756801605,1,-73.81120300292969,31.01293182373047,645.9967041015625,0.6546236276626587,0.44172796607017517,0.45249488949775696,60997330546,2093528163
4,3,1,2.439208984375,1,2.5353546142578125,1,0.06374001502990723,0.7072353363037109,-149.32357788085938,61.484439849853516,11.736681938171387,1,-0.01845560036599636,0.757667064666748,-177.66909790039062,52.291629791259766,8.39085865020752,1,-7.308349609375,29.45253562927246,641.5879516601562,0.5165612101554871,0.4445251226425171,0.4337804317474365,1,-73.83821105957031,30.905349731445312,646.111083984375,0.6546494960784912,0.4419655203819275,0.4527333080768585,60997338879,2093536496
4,3,1,2.4358673095703125,1,2.520233154296875,1,0.0712924376130104,0.7084262371063232,-146.71910095214844,61.26735305786133,11.657674789428711,1,-0.0252581387758255,0.740622878074646,-180.01498413085938,55.398502349853516,9.521591186523438,1,-7.340700626373291,29.4239559173584,641.7000732421875,0.5166260600090027,0.444598913192749,0.4340207278728485,1,-73.88037872314453,30.868030548095703,646.30322265625,0.6546856164932251,0.44206783175468445,0.45315274596214294,60997347221,2093544838
4,3,1,2.4413299560546875,1,2.5422515869140625,1,0.06188299134373665,0.7052838206291199,-149.9639892578125,61.840152740478516,11.866199493408203,1,-0.009459386579692364,0.7916747331619263,-174.5667266845703,46.09261703491211,6.134621620178223,1,-7.297023773193359,29.305456161499023,641.8173217773438,0.5165315270423889,0.4448605477809906,0.43425822257995605,1,-73.91321563720703,30.842111587524414,647.299560546875,0.6544878482818604,0.44225165247917175,0.45530515909194946,60997355554,2093553171
4,3,1,2.423919677734375,1,2.5763092041015625,1,0.11698972433805466,0.7888799905776978,-130.96017456054688,46.602046966552734,6.320056438446045,1,0.03255975618958473,0.7952211499214172,-160.0762481689453,45.44620895385742,5.89926815032959,1,-7.166487693786621,29.210403442382812,641.72802734375,0.5162603259086609,0.4450472593307495,0.43404874205589294,1,-73.62757873535156,30.598360061645508,644.1895751953125,0.6547284722328186,0.44234997034072876,0.448497474193573,60997363888,2093561505
4,3,1,2.4178924560546875,1,2.5309295654296875,1,0.16398508846759796,0.8028469681739807,-114.7536392211914,44.0561408996582,5.393385887145996,1,0.054603759199380875,0.808018147945404,-152.47427368164062,43.11351776123047,5.05026912689209,1,-7.10210657119751,29.139768600463867,641.9374389648438,0.5161198973655701,0.4452209770679474,0.43449217081069946,1,-73.5616683959961,30.53887939453125,644.0517578125,0.6546286940574646,0.4424554705619812,0.44817623496055603,60997372221,2093569838
4,3,1,2.4404449462890625,1,2.5449066162109375,1,0.134385883808136,0.7674515247344971,-124.9610595703125,50.508087158203125,7.74170446395874,1,0.031001541763544083,0.7921032905578613,-160.6136016845703,46.0145149230957,6.106140613555908,1,-7.094099521636963,29.07795524597168,642.0398559570312,0.5161005258560181,0.44536253809928894,0.434705913066864,1,-73.58240509033203,30.541181564331055,644.31640625,0.6546007990837097,0.4424852430820465,0.44875210523605347,60997380546,2093578163
4,3,1,2.405364990234375,1,2.52880859375,1,0.14959116280078888,0.7784150838851929,-119.71744537353516,48.5096321105957,7.014297008514404,1,0.034707289189100266,0.7861126661300659,-159.3356475830078,47.10650634765625,6.503607273101807,1,-7.121173858642578,29.07111358642578,642.0394287109375,0.516157329082489,0.4453766644001007,0.43470486998558044,1,-73.6207046508789,30.560108184814453,644.3328857421875,0.6546759009361267,0.44244810938835144,0.4487994611263275,60997388888,2093586505
4,3,1,2.40985107421875,1,2.52093505859375,1,0.1541813462972641,0.763435959815979,-118.13450622558594,51.24007797241211,8.008076667785645,1,0.013519694097340107,0.7965360283851624,-166.6422882080078,45.206520080566406,5.812027454376221,1,-7.156316757202148,29.039783477783203,642.0262451171875,0.5162314176559448,0.4454401433467865,0.43467289209365845,1,-73.64751434326172,30.54121971130371,644.3494262695312,0.6547271609306335,0.4424893856048584,0.4488392770290375,60997397221,2093594838
4,3,1,2.3858489990234375,1,2.538116455078125,1,0.16293713450431824,0.7693237066268921,-115.11502075195312,50.166847229003906,7.617441654205322,1,0.021562175825238228,0.782669723033905,-163.86880493164062,47.73409652709961,6.732016563415527,1,-7.177431583404541,29.04854965209961,642.1856689453125,0.5162714123725891,0.4454420208930969,0.4350205063819885,1,-73.67987060546875,30.55569076538086,644.46044921875,0.6547645330429077,0.442473828792572,0.44908833503723145,60997405554,2093603171
4,3,1,2.3902130126953125,1,2.5419464111328125,1,0.15976138412952423,0.7764329314231873,-116.21019744873047,48.87094497680664,7.145812511444092,1,0.03288358449935913,0.7898958325386047,-159.96456909179688,46.416893005371094,6.252625942230225,1,-7.193960189819336,29.05450439453125,642.3677978515625,0.5163012146949768,0.44545263051986694,0.4354168474674225,1,-73.7037124633789,30.564903259277344,644.512939453125,0.6547999382019043,0.4424615502357483,0.44920867681503296,60997413888,2093611505
4,3,1,2.383148193359375,1,2.567230224609375,1,0.16178293526172638,0.7838172912597656,-115.5130615234375,47.524932861328125,6.655848979949951,1,0.0334542915225029,0.7955922484397888,-159.76776123046875,45.37852096557617,5.874698638916016,1,-7.217116355895996,29.060604095458984,642.6289672851562,0.5163426399230957,0.44547295570373535,0.43598487973213196,1,-73.732177734375,30.56148910522461,644.5773315429688,0.6548417806625366,0.4424770176410675,0.449353963136673,60997422221,2093619838
4,3,1,2.39056396484375,1,2.5423583984375,1,0.14808757603168488,0.778422474861145,-120.2359619140625,48.508277893066406,7.013807773590088,1,0.02449100837111473,0.7873004078865051,-162.85877990722656,46.88998794555664,6.424820423126221,1,-7.241847991943359,29.0242919921875,642.8233642578125,0.5163892507553101,0.44557297229766846,0.43640244007110596,1,-73.75341796875,30.531421661376953,644.5841064453125,0.6548842191696167,0.44254016876220703,0.4493696093559265,60997430554,2093628171
4,3,1,2.395263671875,1,2.5498199462890625,1,0.15451110899448395,0.776761531829834,-118.02078247070312,48.81105422973633,7.124007701873779,1,0.041422199457883835,0.8357318043708801,-157.01998901367188,38.061824798583984,3.2115957736968994,1,-7.258315563201904,28.959835052490234,642.881591796875,0.5164223909378052,0.44571414589881897,0.4365207850933075,1,-73.7645263671875,30.51814079284668,644.60546875,0.6549016237258911,0.4425704777240753,0.4494165778160095,60997438893,2093636510
4,3,1,2.3854217529296875,1,2.4979095458984375,1,0.15140126645565033,0.7586255073547363,-119.09322357177734,52.116920471191406,8.327234268188477,1,0.013695696368813515,0.8391721844673157,-166.58157348632812,37.43467712402344,2.983351945877075,1,-7.279051303863525,28.889644622802734,643.0965576171875,0.516460120677948,0.4458869695663452,0.43697842955589294,1,-73.79632568359375,30.474163055419922,644.6693725585938,0.6549506187438965,0.44266992807388306,0.4495561718940735,60997447226,2093644843
4,3,1,2.3828887939453125,1,2.4771575927734375,1,0.15073584020137787,0.783353865146637,-119.32270050048828,47.60938262939453,6.686670303344727,1,0.00616807397454977,0.8254198431968689,-169.1775360107422,39.9415168762207,3.8957512378692627,1,-7.300983905792236,28.869857788085938,643.06201171875,0.5165070295333862,0.44592368602752686,0.436901330947876,1,-73.82393646240234,30.46126937866211,644.781982421875,0.6549777984619141,0.4427112936973572,0.44980388879776,60997455559,2093653176
4,3,1,2.3733978271484375,1,2.5155487060546875,1,0.1562826931476593,0.7954468131065369,-117.40983581542969,45.40504837036133,5.884300708770752,1,0.04249224811792374,0.8037568926811218,-156.65097045898438,43.89028549194336,5.332977294921875,1,-7.332269668579102,28.76759910583496,643.109619140625,0.5165714025497437,0.44614195823669434,0.43699195981025696,1,-73.8572998046875,30.37566375732422,644.974853515625,0.6549956202507019,0.4429137408733368,0.45021626353263855,60997463893,2093661510
4,3,1,2.40008544921875,1,2.5053863525390625,1,0.14744164049625397,0.7652381062507629,-120.4587173461914,50.91157150268555,7.888468265533447,1,0.024580957368016243,0.8122896552085876,-162.8277587890625,42.334903717041016,4.766910552978516,1,-7.362157344818115,28.692869186401367,643.2791748046875,0.5166294574737549,0.4463183283805847,0.437350869178772,1,-73.89022064208984,30.343461990356445,645.096923828125,0.6550313234329224,0.4429962933063507,0.450483113527298,60997472225,2093669843
4,3,1,2.4074859619140625,1,2.50213623046875,1,0.1430860310792923,0.7979415059089661,-121.96076965332031,44.950321197509766,5.718812465667725,1,0.029499845579266548,0.8313130140304565,-161.13145446777344,38.8672981262207,3.5047390460968018,1,-7.390868663787842,28.628643035888672,643.3139038085938,0.5166887640953064,0.4464559257030487,0.43741852045059204,1,-73.91304016113281,30.27716827392578,645.1033935546875,0.6550772190093994,0.4431343972682953,0.450493723154068,60997480558,2093678176
4,3,1,2.387939453125,1,2.5066375732421875,1,0.15740329027175903,0.7884036898612976,-117.02339172363281,46.688880920410156,6.351606369018555,1,0.027089379727840424,0.8143243789672852,-161.9627227783203,41.9639892578125,4.631960868835449,1,-7.41324520111084,28.549257278442383,643.474609375,0.5167312622070312,0.4466407001018524,0.4377574026584625,1,-73.93214416503906,30.234453201293945,645.087890625,0.6551212072372437,0.443220853805542,0.45045921206474304,60997488891,2093686509
4,3,1,2.3560943603515625,1,2.483245849609375,1,0.1765236109495163,0.7402041554450989,-110.42967224121094,55.47480773925781,9.549371719360352,1,0.026617826893925667,0.7977060079574585,-162.12533569335938,44.99323272705078,5.73447322845459,1,-7.430030822753906,28.50539207458496,643.611328125,0.5167627334594727,0.4467487335205078,0.438048779964447,1,-73.96244812011719,30.238292694091797,645.386962890625,0.6551037430763245,0.4432515799999237,0.45111191272735596,60997497225,2093694843
4,3,1,2.3664398193359375,1,2.522216796875,1,0.19121384620666504,0.761082649230957,-105.36368560791016,51.669029235839844,8.164237022399902,1,0.035221125930547714,0.7931984066963196,-159.158447265625,45.81491470336914,6.0334858894348145,1,-7.46014404296875,28.484638214111328,643.7239990234375,0.5168226361274719,0.4468057155609131,0.4382913410663605,1,-73.98735046386719,30.23401641845703,645.345947265625,0.6551664471626282,0.44325506687164307,0.45102909207344055,60997505558,2093703176
4,3,1,2.3538360595703125,1,2.53326416015625,1,0.18734923005104065,0.7696151733398438,-106.6964111328125,50.11370086669922,7.598132610321045,1,0.05765996500849724,0.7927463054656982,-151.4203338623047,45.897335052490234,6.063466548919678,1,-7.48239278793335,28.462024688720703,643.79296875,0.5168672800064087,0.4468611776828766,0.43843862414360046,1,-74.02821350097656,30.202713012695312,645.431396484375,0.655228316783905,0.443330854177475,0.4512191116809845,60997513891,2093711509
4,3,1,2.3623199462890625,1,2.5276641845703125,1,0.1835114061832428,0.7935604453086853,-108.0198974609375,45.7488899230957,6.009498119354248,1,0.0603325217962265,0.7840580344200134,-150.49868774414062,47.481048583984375,6.6398797035217285,1,-7.515359878540039,28.433317184448242,643.9423828125,0.5169320702552795,0.4469392001628876,0.43875983357429504,1,-74.07456970214844,30.18590545654297,645.4918212890625,0.6553082466125488,0.44337335228919983,0.45135828852653503,60997522225,2093719843
4,3,1,2.323394775390625,1,2.5145416259765625,1,0.17833776772022247,0.7704290747642517,-109.80404663085938,49.96533203125,7.544137477874756,1,0.060283560305833817,0.8024865388870239,-150.51556396484375,44.12187194824219,5.417236804962158,1,-7.563087463378906,28.3720645904541,644.1825561523438,0.5170252323150635,0.4470958113670349,0.43927425146102905,1,-74.1273193359375,30.155364990234375,645.60986328125,0.6553859710693359,0.44345173239707947,0.4516216814517975,60997530558,2093728176
4,3,1,2.349822998046875,1,2.469146728515625,1,0.1814485341310501,0.7504129409790039,-108.73129272460938,53.61391067504883,8.872147560119629,1,0.0395549051463604,0.7873590588569641,-157.66392517089844,46.87933349609375,6.420815467834473,1,-7.606072425842285,28.371660232543945,644.204345703125,0.5171143412590027,0.4470992982387543,0.4393225610256195,1,-74.16830444335938,30.167369842529297,645.6476440429688,0.6554606556892395,0.44343170523643494,0.45171481370925903,60997538891,2093736509
4,3,1,2.376190185546875,1,2.49798583984375,1,0.1785486340522766,0.7510390877723694,-109.73133850097656,53.499794006347656,8.830549240112305,1,0.04403553530573845,0.7907299399375916,-156.11875915527344,46.26487731933594,6.197205066680908,1,-7.653329849243164,28.334943771362305,644.2823486328125,0.5172109603881836,0.4471849799156189,0.4394882917404175,1,-74.20954895019531,30.150726318359375,645.7213745117188,0.655526340007782,0.44347554445266724,0.45188161730766296,60997547225,2093744843
4,3,1,2.362701416015625,1,2.4513092041015625,1,0.17683614790439606,0.7508158087730408,-110.3218994140625,53.54049301147461,8.845357894897461,1,0.0261584110558033,0.7841669917106628,-162.2837677001953,47.46118927001953,6.632637023925781,1,-7.698268413543701,28.29535484313965,644.131591796875,0.5173091888427734,0.44724833965301514,0.43915724754333496,1,-74.23155212402344,30.113258361816406,645.5985107421875,0.6556052565574646,0.4435372054576874,0.45161715149879456,60997555558,2093753176
4,3,1,2.35931396484375,1,2.5130157470703125,1,0.17323213815689087,0.7400750517845154,-111.56475067138672,55.498348236083984,9.557955741882324,1,0.05371156334877014,0.784668505191803,-152.7819366455078,47.369747161865234,6.599404811859131,1,-7.7338385581970215,28.289880752563477,644.222412109375,0.517380952835083,0.44727084040641785,0.4393545389175415,1,-74.29119873046875,30.116601943969727,645.8798828125,0.6556530594825745,0.4435664713382721,0.4522387981414795,60997563893,2093761511
4,3,1,2.3306427001953125,1,2.495208740234375,1,0.17406247556209564,0.7782701253890991,-111.27839660644531,48.53605651855469,7.023944854736328,1,0.03757752105593681,0.8022366762161255,-158.3458251953125,44.16740417480469,5.433801651000977,1,-7.770941734313965,28.292911529541016,644.5772094726562,0.5174482464790344,0.447308212518692,0.4401257038116455,1,-74.34396362304688,30.10039520263672,646.081298828125,0.6557081937789917,0.4436258375644684,0.45268383622169495,60997572227,2093769845
4,3,1,2.363189697265625,1,2.464080810546875,1,0.17169886827468872,0.7778756022453308,-112.093505859375,48.60797119140625,7.050081253051758,1,0.034341439604759216,0.7954227328300476,-159.46180725097656,45.40945053100586,5.885849475860596,1,-7.8152618408203125,28.291301727294922,644.7833251953125,0.5175347924232483,0.4473368525505066,0.44057393074035645,1,-74.3790054321289,30.092269897460938,646.1085205078125,0.6557735204696655,0.443646103143692,0.452750027179718,60997580560,2093778178
4,3,1,2.3690643310546875,1,2.5418548583984375,1,0.16735848784446716,0.7639142274856567,-113.5903091430664,51.15288543701172,7.976325511932373,1,0.06438764184713364,0.7935908436775208,-149.10025024414062,45.74336624145508,6.007486343383789,1,-7.850644111633301,28.248565673828125,644.760986328125,0.5176093578338623,0.4474226236343384,0.44052085280418396,1,-74.41485595703125,30.06146240234375,646.1124267578125,0.6558467745780945,0.44371023774147034,0.452763170003891,60997588893,2093786511
4,3,1,2.308197021484375,1,2.46624755859375,1,0.18510450422763824,0.7361336946487427,-107.47051239013672,56.21677780151367,9.81948471069336,1,0.04589028283953667,0.765554666519165,-155.47915649414062,50.85383987426758,7.8675456047058105,1,-7.8768696784973145,28.18413543701172,644.7953491210938,0.5176632404327393,0.44756022095680237,0.4405878484249115,1,-74.43699645996094,30.02594566345215,646.1170043945312,0.6558915376663208,0.443784236907959,0.45277366042137146,60997597227,2093794845
4,3,1,2.341094970703125,1,2.4928741455078125,1,0.17479346692562103,0.7325795888900757,-111.02632141113281,56.8646354675293,10.055207252502441,1,0.058896880596876144,0.7808592319488525,-150.99375915527344,48.06410217285156,6.852168560028076,1,-7.9052228927612305,28.170536041259766,644.9205322265625,0.5177187919616699,0.4476037323474884,0.440858393907547,1,-74.45196533203125,30.016849517822266,646.0941162109375,0.6559286713600159,0.44380009174346924,0.452726811170578,60997605560,2093803178
4,3,1,2.3478546142578125,1,2.4787139892578125,1,0.16756446659564972,0.7287206053733826,-113.519287109375,57.56808090209961,10.311256408691406,1,0.056137438863515854,0.7803194522857666,-151.9453582763672,48.16250228881836,6.887937545776367,1,-7.92476749420166,28.157875061035156,645.01171875,0.5177568793296814,0.4476411044597626,0.44105517864227295,1,-74.464599609375,30.00798988342285,646.197021484375,0.6559271812438965,0.4438316524028778,0.45295050740242004,60997613893,2093811511
4,3,1,2.362060546875,1,2.468231201171875,1,0.2184685468673706,0.6956705451011658,-95.96477508544922,63.592491149902344,12.503978729248047,1,0.05469111353158951,0.7024492025375366,-152.44415283203125,62.35686492919922,12.05428409576416,1,-7.875032424926758,28.317489624023438,645.0457763671875,0.5176517963409424,0.4473148584365845,0.44114843010902405,1,-74.44387817382812,30.143535614013672,646.260986328125,0.6558665037155151,0.4435594975948334,0.4531015157699585,60997622227,2093819845
4,3,1,2.3492584228515625,1,2.46337890625,1,0.2421995848417282,0.5371881127357483,-87.7810287475586,92.48101806640625,23.018510818481445,1,0.06142774224281311,0.5595733523368835,-150.12100219726562,88.40055847167969,21.533483505249023,1,-7.852328300476074,28.504478454589844,645.3114624023438,0.5175963044166565,0.4469606280326843,0.4417484402656555,1,-74.38462829589844,30.338619232177734,646.378662109375,0.6557112336158752,0.4431713819503784,0.45336687564849854,60997630560,2093828178
4,3,1,2.3882904052734375,1,2.435821533203125,1,0.2680691182613373,0.4202270209789276,-78.85980987548828,113.8009262084961,30.778345108032227,1,0.05722169205546379,0.40663090348243713,-151.5714569091797,116.27924346923828,31.680410385131836,1,-7.852039337158203,28.69706916809082,645.3793334960938,0.5175933241844177,0.44657039642333984,0.44192081689834595,1,-74.35211944580078,30.550296783447266,646.6223754882812,0.655577540397644,0.44276541471481323,0.4539128839969635,60997638893,2093836511
4,3,1,2.2339630126953125,1,2.4120635986328125,1,0.2710616886615753,0.23098799586296082,-77.82780456542969,148.29580688476562,43.333465576171875,1,0.05638415738940239,0.3083086907863617,-151.86029052734375,134.20162963867188,38.20361328125,1,-7.842846870422363,28.879209518432617,645.4930419921875,0.5175704956054688,0.4462076723575592,0.44219109416007996,1,-74.29064178466797,30.702600479125977,646.3168334960938,0.6555317640304565,0.4424109160900116,0.45325979590415955,60997647227,2093844845
4,3,1,2.328643798828125,1,2.3745269775390625,1,0.2935636043548584,0.2635582685470581,-70.06791687011719,142.35882568359375,41.1725959777832,1,0.07054327428340912,0.25580328702926636,-146.97744750976562,143.7724151611328,41.68711853027344,1,-7.832511901855469,29.011327743530273,645.6288452148438,0.517544686794281,0.44595128297805786,0.4425028860569,1,-74.26240539550781,30.801910400390625,646.5111083984375,0.65542072057724,0.4422309994697571,0.4536851942539215,60997655560,2093853178
4,3,1,2.3087005615234375,1,2.3948974609375,1,0.2950008809566498,0.20577265322208405,-69.57227325439453,152.89210510253906,45.006412506103516,1,0.08115824311971664,0.23707376420497894,-143.3168487548828,147.1864776611328,42.92973327636719,1,-7.808915138244629,29.036434173583984,645.65234375,0.5174948573112488,0.44590234756469727,0.4425565004348755,1,-74.29080200195312,30.835506439208984,646.682373046875,0.6554333567619324,0.44218388199806213,0.4540660083293915,60997663893,2093861511
4,3,1,2.298004150390625,1,2.377227783203125,1,0.29402175545692444,0.19468152523040771,-69.9099349975586,154.913818359375,45.74224853515625,1,0.065159372985363,0.23427949845790863,-148.8341064453125,147.69583129882812,43.11510467529297,1,-7.777058124542236,29.049591064453125,645.6766967773438,0.5174277424812317,0.4458782970905304,0.4426102340221405,1,-74.27832794189453,30.836488723754883,646.5787353515625,0.6554353833198547,0.44216832518577576,0.45383962988853455,60997672227,2093869845
4,3,1,2.30364990234375,1,2.4365234375,1,0.2909832000732422,0.1944398283958435,-70.95777893066406,154.95790100097656,45.75825500488281,1,0.06880142539739609,0.27179375290870667,-147.578125,140.85763549804688,40.62618637084961,1,-7.745584964752197,29.05326271057129,645.7349853515625,0.517360508441925,0.4458780288696289,0.44273641705513,1,-74.27407836914062,30.829742431640625,646.543701171875,0.655436098575592,0.4421777129173279,0.45376214385032654,60997680560,2093878178
4,3,1,2.3193206787109375,1,2.407928466796875,1,0.2882707715034485,0.19402645528316498,-71.89317321777344,155.03321838378906,45.78575134277344,1,0.07360536605119705,0.27598509192466736,-145.92147827148438,140.09365844726562,40.34813690185547,1,-7.72275447845459,29.08220672607422,645.7369384765625,0.5173128247261047,0.4458184838294983,0.44274383783340454,1,-74.27848815917969,30.850723266601562,646.5425415039062,0.655445396900177,0.44213414192199707,0.45376360416412354,60997688893,2093886511
4,3,1,2.11700439453125,1,2.411224365234375,1,0.2905833423137665,0.06759965419769287,-71.09568786621094,178.07858276367188,54.17349624633789,1,0.08396471291780472,0.2640077769756317,-142.34901428222656,142.27687072753906,41.142822265625,1,-7.690568923950195,29.113555908203125,645.8069458007812,0.5172437429428101,0.44576242566108704,0.44289907813072205,1,-74.26126098632812,30.854415893554688,646.3925170898438,0.6554499268531799,0.4421069025993347,0.45343655347824097,60997697230,2093894848
4,3,1,2.18048095703125,1,2.380706787109375,1,0.27790865302085876,0.11408375948667526,-75.46660614013672,169.6053466796875,51.08953094482422,1,0.07412020862102509,0.2552253305912018,-145.74392700195312,143.87777709960938,41.725467681884766,1,-7.663271427154541,29.157020568847656,645.7265625,0.517189085483551,0.4456625282764435,0.442729651927948,1,-74.26771545410156,30.88373374938965,646.49853515625,0.6554347276687622,0.4420601427555084,0.45367059111595154,60997705563,2093903181
4,3,1,2.105621337890625,1,2.41009521484375,1,0.2859167754650116,0.07055740803480148,-72.7049560546875,177.53941345214844,53.97732925415039,1,0.084390789270401,0.2773500382900238,-142.20208740234375,139.84481811523438,40.257633209228516,1,-7.634773254394531,29.182926177978516,645.7269897460938,0.5171296000480652,0.44560903310775757,0.4427332282066345,1,-74.26519775390625,30.895706176757812,646.5450439453125,0.6554169654846191,0.4420415163040161,0.45377182960510254,60997713896,2093911514
4,3,1,2.322113037109375,1,2.383697509765625,1,0.2832963168621063,0.2373218685388565,-73.608642578125,147.14125061035156,42.913299560546875,1,0.0727141723036766,0.288147896528244,-146.22882080078125,137.87657165527344,39.54122543334961,1,-7.610444068908691,29.20029067993164,645.7152099609375,0.51707923412323,0.4455716907978058,0.44270947575569153,1,-74.25462341308594,30.900917053222656,646.5712890625,0.6553881168365479,0.44203418493270874,0.45382651686668396,60997722230,2093919848
4,3,1,2.3069000244140625,1,2.36602783203125,1,0.28509804606437683,0.22637839615345,-72.9873046875,149.13604736328125,43.639320373535156,1,0.08898857980966568,0.27979686856269836,-140.6165008544922,139.39883422851562,40.09526062011719,1,-7.581381797790527,29.217575073242188,645.8074340820312,0.5170161128044128,0.44554761052131653,0.4429110288619995,1,-74.2297134399414,30.91164207458496,646.5427856445312,0.6553441882133484,0.4420083463191986,0.45376056432724,60997730563,2093928181
4,3,1,2.1666107177734375,1,2.396026611328125,1,0.28937047719955444,0.12838643789291382,-71.51394653320312,166.99822998046875,50.140628814697266,1,0.10127348452806473,0.28835028409957886,-136.3800048828125,137.83969116210938,39.527748107910156,1,-7.542130470275879,29.21049690246582,645.80908203125,0.516934335231781,0.445562481880188,0.442912757396698,1,-74.19054412841797,30.894485473632812,646.43212890625,0.655292809009552,0.4420293867588043,0.453510046005249,60997738896,2093936514
4,3,1,2.2697906494140625,1,2.401947021484375,1,0.27899736166000366,0.19971996545791626,-75.09114837646484,153.9954071044922,45.4079704284668,1,0.11013239622116089,0.28615036606788635,-133.32496643066406,138.24069213867188,39.67372512817383,1,-7.504047393798828,29.189579010009766,645.7291259765625,0.5168572664260864,0.44559577107429504,0.442735493183136,1,-74.16008758544922,30.887033462524414,646.4403076171875,0.6552276611328125,0.4420459270477295,0.4535190761089325,60997747230,2093944848
4,3,1,2.2597198486328125,1,2.4052886962890625,1,0.2943189740180969,0.17807593941688538,-69.80742645263672,157.9407501220703,46.843936920166016,1,0.09769757091999054,0.2719213664531708,-137.6131591796875,140.83436584472656,40.61775207519531,1,-7.461130142211914,29.182096481323242,645.7191162109375,0.5167681574821472,0.4456101059913635,0.442711740732193,1,-74.11630249023438,30.876728057861328,646.4373779296875,0.6551378965377808,0.4420669674873352,0.45350077748298645,60997755563,2093953181
4,3,1,2.300384521484375,1,2.409912109375,1,0.28465816378593445,0.19696523249149323,-73.13899993896484,154.49755859375,45.5907096862793,1,0.09617475420236588,0.2544202506542206,-138.13832092285156,144.02450561523438,41.7789306640625,1,-7.417947769165039,29.149532318115234,645.6630859375,0.5166798233985901,0.445670485496521,0.442584753036499,1,-74.0723876953125,30.851734161376953,646.3529663085938,0.6550697088241577,0.4421076476573944,0.4533045291900635,60997763895,2093961514
4,3,1,2.20050048828125,1,2.414031982421875,1,0.29290732741355896,0.16067469120025635,-70.29424285888672,161.1126708984375,47.998416900634766,1,0.10035496950149536,0.28608083724975586,-136.69676208496094,138.25338745117188,39.678306579589844,1,-7.379424095153809,29.138540267944336,645.6876220703125,0.5165989398956299,0.4456963837146759,0.442635715007782,1,-74.03714752197266,30.848094940185547,646.30078125,0.6550108194351196,0.4421084225177765,0.45318299531936646,60997772229,2093969848
4,3,1,2.2855682373046875,1,2.3772125244140625,1,0.29242610931396484,0.21518748998641968,-70.46019744873047,151.1759490966797,44.38179397583008,1,0.09156708419322968,0.2691902816295624,-139.727294921875,141.33221435546875,40.79889678955078,1,-7.326224327087402,29.121936798095703,645.642822265625,0.5164893269538879,0.4457252323627472,0.44253501296043396,1,-73.99504852294922,30.842945098876953,646.27587890625,0.6549304127693176,0.4421159029006958,0.453118234872818,60997780562,2093978181
4,3,1,2.20721435546875,1,2.4020843505859375,1,0.284374475479126,0.13987313210964203,-73.23683166503906,164.9044189453125,49.37850570678711,1,0.08975901454687119,0.2652730941772461,-140.350830078125,142.04624938964844,41.058860778808594,1,-7.273711681365967,29.11992073059082,645.6097412109375,0.5163808465003967,0.44572532176971436,0.44246163964271545,1,-73.9197998046875,30.835065841674805,646.0916748046875,0.654823899269104,0.4421081840991974,0.45270174741744995,60997788895,2093986514
4,3,1,2.26007080078125,1,2.380462646484375,1,0.2879806458950043,0.18180343508720398,-71.99324035644531,157.26126098632812,46.59667205810547,1,0.08299965411424637,0.2768547832965851,-142.6818084716797,139.93507385253906,40.29049301147461,1,-7.209903240203857,29.132892608642578,645.507568359375,0.5162505507469177,0.44568583369255066,0.44224002957344055,1,-73.87083435058594,30.849712371826172,646.1612548828125,0.6547038555145264,0.44208717346191406,0.4528418481349945,60997797229,2093994848
4,3,1,2.229400634765625,1,2.398223876953125,1,0.28964853286743164,0.19868262112140656,-71.41806030273438,154.18447875976562,45.47682571411133,1,0.08992823958396912,0.2700899541378021,-140.29246520996094,141.16818237304688,40.73927307128906,1,-7.156303882598877,29.145109176635742,645.5319213867188,0.5161382555961609,0.445663720369339,0.4422933757305145,1,-73.82559204101562,30.865201950073242,646.219482421875,0.6545946002006531,0.4420628249645233,0.452958345413208,60997805562,2094003181
4,3,1,2.29754638671875,1,2.4000091552734375,1,0.28925028443336487,0.22823701798915863,-71.55537414550781,148.79727172851562,43.515987396240234,1,0.09404075145721436,0.2831830680370331,-138.87423706054688,138.7815704345703,39.87062454223633,1,-7.091530799865723,29.187273025512695,645.451171875,0.5160052180290222,0.44556641578674316,0.44212207198143005,1,-73.7738265991211,30.901710510253906,646.2077026367188,0.6544904708862305,0.4419858753681183,0.45292529463768005,60997813895,2094011514
4,3,1,2.1439361572265625,1,2.3874053955078125,1,0.28731170296669006,0.14717310667037964,-72.22392272949219,163.57374572753906,48.89422607421875,1,0.09508167207241058,0.29705506563186646,-138.51528930664062,136.25296020507812,38.95022964477539,1,-7.023837566375732,29.204256057739258,645.302490234375,0.5158679485321045,0.44551268219947815,0.44180020689964294,1,-73.68909454345703,30.923961639404297,645.9545288085938,0.6543824672698975,0.44190675020217896,0.45236194133758545,60997822229,2094019848
4,3,1,2.30059814453125,1,2.4217071533203125,1,0.2925029397010803,0.22951343655586243,-70.43370056152344,148.56459045410156,43.43132781982422,1,0.08815224468708038,0.2902217209339142,-140.90492248535156,137.49855041503906,39.40361404418945,1,-6.967643737792969,29.22103500366211,645.36083984375,0.5157492756843567,0.4454854130744934,0.4419277012348175,1,-73.6142349243164,30.95079803466797,645.8655395507812,0.6542510390281677,0.44183966517448425,0.45215559005737305,60997830565,2094028184
4,3,1,2.289154052734375,1,2.363250732421875,1,0.2885267436504364,0.21104876697063446,-71.80489349365234,151.9303741455078,44.656341552734375,1,0.09787007421255112,0.29192450642585754,-137.55369567871094,137.18817138671875,39.290626525878906,1,-6.901158332824707,29.222959518432617,645.1902465820312,0.5156149864196777,0.44546008110046387,0.4415561854839325,1,-73.55291748046875,30.997623443603516,645.90283203125,0.6541138887405396,0.44174784421920776,0.45222750306129456,60997838898,2094036517
4,3,1,2.15777587890625,1,2.402191162109375,1,0.2872592508792877,0.1051422655582428,-72.24200439453125,171.23524475097656,51.68276596069336,1,0.09212792664766312,0.2615898847579956,-139.5338897705078,142.71762084960938,41.30322265625,1,-6.821617126464844,29.240013122558594,645.2841796875,0.5154468417167664,0.4454367458820343,0.44176051020622253,1,-73.47390747070312,31.010848999023438,645.7303466796875,0.6539959907531738,0.441697895526886,0.4518382251262665,60997847232,2094044851
4,3,1,2.31585693359375,1,2.368560791015625,1,0.3121089041233063,0.22799065709114075,-63.67249298095703,148.8421630859375,43.53233337402344,1,0.11757957935333252,0.2534337341785431,-130.7567901611328,144.20436096191406,41.844295501708984,1,-6.69586181640625,29.223495483398438,645.1485595703125,0.5151880383491516,0.4454541504383087,0.4414611756801605,1,-73.39447021484375,31.041860580444336,646.0565795898438,0.653744637966156,0.4416768550872803,0.45252659916877747,60997855565,2094053184
4,3,1,2.2863006591796875,1,2.351776123046875,1,0.3810502886772156,0.2894243896007538,-39.89775466918945,137.64389038085938,39.45650100708008,1,0.15990158915519714,0.35969218611717224,-116.1618423461914,124.8353271484375,34.794586181640625,1,-6.467227935791016,29.15964126586914,644.9931030273438,0.5147151947021484,0.44556719064712524,0.4411104917526245,1,-73.13829040527344,30.986955642700195,645.617919921875,0.6533305048942566,0.4417332112789154,0.45151129364967346,60997863898,2094061517
4,3,1,2.301788330078125,1,2.3720703125,1,0.3880198001861572,0.3191642761230469,-37.49428939819336,132.22283935546875,37.483421325683594,1,0.17352326214313507,0.3443255126476288,-111.46435546875,127.63639068603516,35.81407165527344,1,-6.314061164855957,29.086467742919922,645.10205078125,0.5143933296203613,0.44573265314102173,0.44133394956588745,1,-72.97030639648438,30.95762825012207,645.5963745117188,0.6529882550239563,0.4417914152145386,0.4514201283454895,60997872232,2094069851
4,3,1,2.30218505859375,1,2.360260009765625,1,0.38517242670059204,0.2826308608055115,-38.47621154785156,138.8822479248047,39.90721130371094,1,0.1898816078901291,0.33450743556022644,-105.82311248779297,129.42604064941406,36.46550750732422,1,-6.225736618041992,29.040605545043945,645.1038818359375,0.5142092108726501,0.44582802057266235,0.44133007526397705,1,-72.88800811767578,30.9373779296875,645.4375610351562,0.6528598070144653,0.4418126344680786,0.45105525851249695,60997880565,2094078184
4,3,1,2.319305419921875,1,2.381591796875,1,0.38331443071365356,0.30520543456077576,-39.116947174072266,134.76727294921875,38.4095344543457,1,0.1787482649087906,0.349417120218277,-109.6624984741211,126.70830535888672,35.47624206542969,1,-6.142120838165283,29.002647399902344,644.9786376953125,0.5140377879142761,0.4458910822868347,0.44105157256126404,1,-72.82617950439453,30.909439086914062,645.3934326171875,0.652743399143219,0.44186481833457947,0.450941264629364,60997888898,2094086517
4,3,1,2.283660888671875,1,2.3860931396484375,1,0.4027586877346039,0.2854040265083313,-32.41151809692383,138.37673950195312,39.72325134277344,1,0.18383876979351044,0.3367331624031067,-107.90701293945312,129.02035522460938,36.31781005859375,1,-6.076787948608398,28.986452102661133,644.922119140625,0.5139028429985046,0.44591769576072693,0.4409255385398865,1,-72.74931335449219,30.871856689453125,645.2820434570312,0.6526135802268982,0.44192811846733093,0.4506774842739105,60997897232,2094094851
4,3,1,2.2559967041015625,1,2.368316650390625,1,0.3919568359851837,0.30043622851371765,-36.13658905029297,135.6366424560547,38.725929260253906,1,0.1706828474998474,0.32724642753601074,-112.44387817382812,130.7496337890625,36.94713592529297,1,-5.992117881774902,28.96198272705078,644.7518310546875,0.513729989528656,0.44594720005989075,0.44055110216140747,1,-72.68466186523438,30.837173461914062,645.3547973632812,0.652460515499115,0.44200968742370605,0.45081400871276855,60997905565,2094103184
4,3,1,2.2582855224609375,1,2.397247314453125,1,0.38567864894866943,0.29815536737442017,-38.3016471862793,136.05239868164062,38.87725830078125,1,0.19361165165901184,0.3546316623687744,-104.53678131103516,125.75776672363281,35.13032150268555,1,-5.904651641845703,28.947479248046875,644.7078247070312,0.5135485529899597,0.44597184658050537,0.440451979637146,1,-72.61418151855469,30.822065353393555,645.241943359375,0.6523442268371582,0.442026287317276,0.45055171847343445,60997913898,2094111517
4,3,1,2.2754364013671875,1,2.3478546142578125,1,0.3917485773563385,0.31028982996940613,-36.208404541015625,133.84048461914062,38.072200775146484,1,0.18374314904212952,0.34556734561920166,-107.93998718261719,127.41001892089844,35.731746673583984,1,-5.830835819244385,28.915470123291016,644.7221069335938,0.5133942365646362,0.4460401237010956,0.44047731161117554,1,-72.51467895507812,30.798259735107422,645.0626220703125,0.6521850824356079,0.44205227494239807,0.4501378536224365,60997922232,2094119851
4,3,1,2.2825164794921875,1,2.4003753662109375,1,0.3933676779270172,0.31415581703186035,-35.65004348754883,133.13580322265625,37.81568145751953,1,0.18584135174751282,0.3584047555923462,-107.21642303466797,125.07002258300781,34.87997055053711,1,-5.755093097686768,28.882591247558594,644.5980224609375,0.5132389068603516,0.4460928738117218,0.4402022659778595,1,-72.45930480957031,30.788864135742188,645.0865478515625,0.6520640254020691,0.4420749843120575,0.45017486810684204,60997930565,2094128184
4,3,1,2.288543701171875,1,2.40618896484375,1,0.3919701874256134,0.3065558671951294,-36.13197326660156,134.52113342285156,38.31990432739258,1,0.1905638426542282,0.3505461513996124,-105.58783721923828,126.50249481201172,35.4013786315918,1,-5.682501792907715,28.877952575683594,644.5419311523438,0.513088583946228,0.4460955858230591,0.44007861614227295,1,-72.41171264648438,30.81581687927246,645.2271728515625,0.651928186416626,0.4420377016067505,0.450470507144928,60997938898,2094136517
4,3,1,2.2464447021484375,1,2.3909149169921875,1,0.40300869941711426,0.28626948595046997,-32.32529830932617,138.21897888183594,39.66579818725586,1,0.18805371224880219,0.3804912269115448,-106.45347595214844,121.04405212402344,33.41464614868164,1,-5.612636566162109,28.871061325073242,644.6473999023438,0.5129405856132507,0.4461231827735901,0.44030508399009705,1,-72.3162841796875,30.80722427368164,644.978759765625,0.651795506477356,0.44202306866645813,0.4499107003211975,60997947232,2094144851
4,3,1,2.254730224609375,1,2.35638427734375,1,0.3920770287513733,0.31589972972869873,-36.09513854980469,132.8179168701172,37.70000076293945,1,0.1848064661026001,0.36152783036231995,-107.57329559326172,124.5007095336914,34.67282485961914,1,-5.54071044921875,28.8829288482666,644.5452270507812,0.5127925276756287,0.44608595967292786,0.44008365273475647,1,-72.26272583007812,30.82868194580078,645.0126342773438,0.6516754031181335,0.4419831335544586,0.449974000453949,60997955565,2094153184
4,3,1,2.2403106689453125,1,2.364990234375,1,0.3955931067466736,0.30801498889923096,-34.882598876953125,134.2551727294922,38.223087310791016,1,0.18147192895412445,0.3920719623565674,-108.72322082519531,118.93306732177734,32.64634704589844,1,-5.481861591339111,28.89571762084961,644.442626953125,0.5126717686653137,0.44604673981666565,0.4398616552352905,1,-72.22651672363281,30.879592895507812,645.2089233398438,0.6515485644340515,0.44190359115600586,0.45039552450180054,60997963901,2094161520
4,3,1,2.3090057373046875,1,2.34564208984375,1,0.3886116147041321,0.3168179988861084,-37.29019546508789,132.6505126953125,37.63911437988281,1,0.17852133512496948,0.3714882731437683,-109.74075317382812,122.6851577758789,34.011898040771484,1,-5.419500350952148,28.908260345458984,644.5578002929688,0.5125392079353333,0.4460352957248688,0.4401121735572815,1,-72.14303588867188,30.883190155029297,644.8506469726562,0.651469349861145,0.44184911251068115,0.44960352778434753,60997972235,2094169854
4,3,1,2.2615509033203125,1,2.3703460693359375,1,0.39209532737731934,0.31381604075431824,-36.08882522583008,133.19772338867188,37.8382568359375,1,0.18400974571704865,0.4052634537220001,-107.84803771972656,116.52849578857422,31.771154403686523,1,-5.372642993927002,28.91985321044922,644.4664306640625,0.5124432444572449,0.4459998905658722,0.43991461396217346,1,-72.09414672851562,30.922643661499023,644.897705078125,0.6513553857803345,0.4417736530303955,0.44969868659973145,60997980568,2094178187
4,3,1,2.270660400390625,1,2.363128662109375,1,0.3923851549625397,0.3170384466648102,-35.98888397216797,132.61033630371094,37.62446212768555,1,0.18909591436386108,0.39534303545951843,-106.09405517578125,118.33683776855469,32.42923355102539,1,-5.323578834533691,28.91728973388672,644.421630859375,0.5123417377471924,0.4459996819496155,0.4398161470890045,1,-72.04515075683594,30.940105438232422,644.9073486328125,0.6512510180473328,0.4417388439178467,0.4497102200984955,60997988901,2094186520
4,3,1,2.2700958251953125,1,2.369537353515625,1,0.38809341192245483,0.32527920603752136,-37.468902587890625,131.1082000732422,37.07768630981445,1,0.18243727087974548,0.3745647370815277,-108.39031219482422,122.12433624267578,33.80781936645508,1,-5.288662433624268,28.92107582092285,644.3992919921875,0.5122691988945007,0.44598910212516785,0.439767450094223,1,-72.01626586914062,30.956953048706055,644.9840698242188,0.6511709690093994,0.4417141079902649,0.4498710334300995,60997997233,2094194853
4,3,1,2.2438812255859375,1,2.3444976806640625,1,0.38581010699272156,0.3238728642463684,-38.256317138671875,131.36456298828125,37.170997619628906,1,0.19280266761779785,0.36925747990608215,-104.8157730102539,123.09175109863281,34.159969329833984,1,-5.251712322235107,28.917734146118164,644.4577026367188,0.5121909379959106,0.44600340723991394,0.4398932456970215,1,-71.98481750488281,30.947978973388672,644.9210815429688,0.6511222124099731,0.4417244493961334,0.44972652196884155,60998005567,2094203187
4,3,1,2.251983642578125,1,2.333831787109375,1,0.39061427116394043,0.3049650192260742,-36.599571228027344,134.81112670898438,38.42546081542969,1,0.18438681960105896,0.37992236018180847,-107.71802520751953,121.14774322509766,33.45237731933594,1,-5.217377662658691,28.897111892700195,644.538818359375,0.5121176838874817,0.44605642557144165,0.440065860748291,1,-71.9379653930664,30.931320190429688,644.7298583984375,0.6510750651359558,0.44173386693000793,0.449300616979599,60998013900,2094211520
4,3,1,2.2162017822265625,1,2.3090667724609375,1,0.3961213529109955,0.27881595492362976,-34.700416564941406,139.57763671875,40.160301208496094,1,0.1809464395046234,0.3553323745727539,-108.90443420410156,125.63005828857422,35.08380889892578,1,-5.194746971130371,28.866085052490234,644.597412109375,0.5120694041252136,0.44612810015678406,0.44018858671188354,1,-71.91021728515625,30.912837982177734,644.70166015625,0.6510249376296997,0.4417685270309448,0.449230819940567,60998022233,2094219853
4,3,1,2.3398284912109375,1,2.318695068359375,1,0.40934962034225464,0.34675103425979614,-30.138607025146484,127.19426727294922,35.653175354003906,1,0.18407930433750153,0.37368789315223694,-107.82404327392578,122.28414916992188,33.866085052490234,1,-5.180591106414795,28.820276260375977,644.6328735351562,0.5120392441749573,0.44622743129730225,0.44025918841362,1,-71.89926147460938,30.893367767333984,644.7982177734375,0.6509770154953003,0.4418216049671173,0.44943371415138245,60998030567,2094228187
4,3,1,2.2555389404296875,1,2.333587646484375,1,0.3929661810398102,0.2683177888393402,-35.78850555419922,141.49124145507812,40.85686111450195,1,0.1894732266664505,0.37474194169044495,-105.96393585205078,122.09202575683594,33.79610061645508,1,-5.167950630187988,28.772924423217773,644.5753173828125,0.5120140910148621,0.4463183581829071,0.440127968788147,1,-71.88990783691406,30.854921340942383,644.8479614257812,0.6509447693824768,0.4419078528881073,0.44953349232673645,60998038900,2094236520
4,3,1,2.2281494140625,1,2.3439788818359375,1,0.3938387334346771,0.2605980932712555,-35.48760223388672,142.8984375,41.368934631347656,1,0.17946523427963257,0.3692319691181183,-109.41523742675781,123.09640502929688,34.16164779663086,1,-5.153831481933594,28.746477127075195,644.5287475585938,0.5119855999946594,0.44636741280555725,0.44002315402030945,1,-71.87728881835938,30.8197021484375,644.88623046875,0.6509087681770325,0.44198593497276306,0.44960817694664,60998047233,2094244853
4,3,1,2.1851043701171875,1,2.3600921630859375,1,0.39080268144607544,0.262783408164978,-36.53458786010742,142.50006103515625,41.22401428222656,1,0.19248777627944946,0.3634936511516571,-104.92436981201172,124.14236450195312,34.542388916015625,1,-5.163732528686523,28.727161407470703,644.5517578125,0.5120058059692383,0.44641029834747314,0.440070778131485,1,-71.88656616210938,30.789709091186523,644.9434814453125,0.6509131193161011,0.4420555830001831,0.44972971081733704,60998055567,2094253187
4,3,1,2.2611541748046875,1,2.373565673828125,1,0.3610999286174774,0.3378773331642151,-46.7777214050293,128.81178283691406,36.241905212402344,1,0.17098262906074524,0.3708101511001587,-112.34050750732422,122.80873107910156,34.05694580078125,1,-5.204079627990723,28.691143035888672,644.7476806640625,0.5120863318443298,0.4465092122554779,0.4404919147491455,1,-71.92790985107422,30.772361755371094,645.1220703125,0.6509523391723633,0.4421148896217346,0.45012232661247253,60998063900,2094261520
4,3,1,2.2390594482421875,1,2.3654327392578125,1,0.3748027980327606,0.31830450892448425,-42.05222702026367,132.3795623779297,37.54043960571289,1,0.17612074315547943,0.3889664113521576,-110.56859588623047,119.49916076660156,32.85236740112305,1,-5.230433464050293,28.663631439208984,644.8626708984375,0.5121392011642456,0.4465804100036621,0.44073817133903503,1,-71.9557876586914,30.7639102935791,645.2227172851562,0.650983989238739,0.44214555621147156,0.45034486055374146,60998072233,2094269853
4,3,1,2.1602325439453125,1,2.3750762939453125,1,0.38091471791267395,0.2402937114238739,-39.944515228271484,146.5995330810547,42.716087341308594,1,0.18834848701953888,0.38549885153770447,-106.35182189941406,120.13124084472656,33.082427978515625,1,-5.2374348640441895,28.63397216796875,644.8743896484375,0.512153685092926,0.44664332270622253,0.44075992703437805,1,-71.96243286132812,30.737995147705078,645.1387329101562,0.6510197520256042,0.44218817353248596,0.450161874294281,60998080567,2094278187
4,3,1,2.2572174072265625,1,2.3008575439453125,1,0.380003422498703,0.3113950490951538,-40.25876998901367,133.63902282714844,37.998905181884766,1,0.16466780006885529,0.3861295282840729,-114.51819610595703,120.01628112792969,33.04055404663086,1,-5.250206470489502,28.62488555908203,644.9200439453125,0.5121793746948242,0.44666779041290283,0.4408581256866455,1,-71.97418212890625,30.730087280273438,645.146728515625,0.651042103767395,0.44220560789108276,0.45018085837364197,60998088900,2094286520
4,3,1,2.28277587890625,1,2.3575897216796875,1,0.36770281195640564,0.3271844983100891,-44.50069046020508,130.76089477539062,36.951290130615234,1,0.1810145229101181,0.3998437523841858,-108.8809585571289,117.51642608642578,32.13070297241211,1,-5.273319721221924,28.61859130859375,644.8853149414062,0.5122283101081848,0.44667646288871765,0.440782368183136,1,-71.997802734375,30.7253360748291,645.1781005859375,0.6510829329490662,0.44221949577331543,0.450253427028656,60998097236,2094294856
4,3,1,2.14971923828125,1,2.3210906982421875,1,0.37955573201179504,0.23117570579051971,-40.41315460205078,148.26158142089844,43.321014404296875,1,0.1668705940246582,0.37810876965522766,-113.75856018066406,121.47832489013672,33.57273483276367,1,-5.30215311050415,28.618093490600586,644.8846435546875,0.512288510799408,0.4466773271560669,0.44078129529953003,1,-72.02555084228516,30.727947235107422,645.2786865234375,0.6511141657829285,0.44222724437713623,0.45047727227211,60998105570,2094303190
4,3,1,2.3015899658203125,1,2.3140106201171875,1,0.3685832917690277,0.3288212716579437,-44.197052001953125,130.46255493164062,36.84268569946289,1,0.15101394057273865,0.3736531138420105,-119.22679901123047,122.2905044555664,33.86830520629883,1,-5.333893775939941,28.643632888793945,645.05615234375,0.5123512744903564,0.44664570689201355,0.44115734100341797,1,-72.06076049804688,30.73834800720215,645.4236450195312,0.6511492133140564,0.4422246217727661,0.45079970359802246,60998113903,2094311523
4,3,1,2.2961883544921875,1,2.356689453125,1,0.37286141514778137,0.32803863286972046,-42.721717834472656,130.60520935058594,36.89463806152344,1,0.157041996717453,0.38318589329719543,-117.14799499511719,120.55284881591797,33.235862731933594,1,-5.36934232711792,28.65377426147461,645.090087890625,0.5124245285987854,0.4466288685798645,0.44123294949531555,1,-72.09385681152344,30.74054527282715,645.4634399414062,0.6512073874473572,0.4422251880168915,0.450893759727478,60998122236,2094319856
4,3,1,2.23846435546875,1,2.3425750732421875,1,0.37689605355262756,0.30648374557495117,-41.33037185668945,134.53428649902344,38.324684143066406,1,0.16668783128261566,0.40440675616264343,-113.82158660888672,116.68467712402344,31.827972412109375,1,-5.40285062789917,28.662948608398438,645.0897216796875,0.5124943256378174,0.446609765291214,0.44123390316963196,1,-72.14492797851562,30.747394561767578,645.5819702148438,0.6512822508811951,0.44222643971443176,0.4511624574661255,60998130570,2094328190
4,3,1,2.271820068359375,1,2.3413543701171875,1,0.37576085329055786,0.33855894207954407,-41.72184371948242,128.6875457763672,36.196651458740234,1,0.175960972905159,0.3834102749824524,-110.62369537353516,120.51194763183594,33.22101593017578,1,-5.4419474601745605,28.677356719970703,645.1688842773438,0.5125742554664612,0.44658970832824707,0.4414082467556,1,-72.1783447265625,30.737585067749023,645.5380859375,0.6513630747795105,0.4422409236431122,0.451074481010437,60998138903,2094336523
4,3,1,2.3281097412109375,1,2.3273162841796875,1,0.371625155210495,0.36964502930641174,-43.148048400878906,123.02110290527344,34.13423538208008,1,0.1837199181318283,0.392287939786911,-107.947998046875,118.89371490478516,32.63198471069336,1,-5.483816623687744,28.66960906982422,645.0991821289062,0.512662947177887,0.44659698009490967,0.44125670194625854,1,-72.23115539550781,30.7175235748291,645.563232421875,0.6514660716056824,0.4422856569290161,0.45113858580589294,60998147236,2094344856
4,3,1,2.2904205322265625,1,2.348480224609375,1,0.3718271553516388,0.32862797379493713,-43.07838439941406,130.49778747558594,36.855525970458984,1,0.17957140505313873,0.397455096244812,-109.37862396240234,117.95182037353516,32.2891845703125,1,-5.5316667556762695,28.652862548828125,645.2017211914062,0.5127606987953186,0.44664427638053894,0.44147804379463196,1,-72.2756118774414,30.69074249267578,645.6002807617188,0.6515485644340515,0.44234585762023926,0.4512253403663635,60998155570,2094353190
4,3,1,2.2527313232421875,1,2.3610076904296875,1,0.36937224864959717,0.31963953375816345,-43.92497634887695,132.13621520996094,37.45186996459961,1,0.169235497713089,0.40171727538108826,-112.94300079345703,117.17491912841797,32.00638198852539,1,-5.574301242828369,28.670072555541992,645.3614501953125,0.5128462910652161,0.4466283917427063,0.441827654838562,1,-72.30984497070312,30.686687469482422,645.6997680664062,0.6515935063362122,0.44236719608306885,0.45144760608673096,60998163903,2094361523
4,3,1,2.2812957763671875,1,2.3886566162109375,1,0.3724919557571411,0.34051090478897095,-42.84914779663086,128.3317413330078,36.067161560058594,1,0.16999484598636627,0.40394410490989685,-112.68114471435547,116.76899719238281,31.858667373657227,1,-5.623371124267578,28.65875244140625,645.34912109375,0.5129488706588745,0.4466502368450165,0.4418003261089325,1,-72.36795806884766,30.681264877319336,645.792236328125,0.6516896486282349,0.4423903524875641,0.45166015625,60998172236,2094369856
4,3,1,2.2891845703125,1,2.36444091796875,1,0.3581768274307251,0.3215242028236389,-47.78575897216797,131.7926788330078,37.32682418823242,1,0.17413264513015747,0.3959510326385498,-111.25421142578125,118.22600555419922,32.38892364501953,1,-5.671009540557861,28.65078353881836,645.42919921875,0.5130464434623718,0.4466765522956848,0.44197386503219604,1,-72.44558715820312,30.669506072998047,645.9519653320312,0.6518086194992065,0.4424354135990143,0.45202159881591797,60998180570,2094378190
4,3,1,2.2646484375,1,2.368377685546875,1,0.36024045944213867,0.32718756794929504,-47.07411575317383,130.76034545898438,36.95105743408203,1,0.19639284908771515,0.4062202274799347,-103.57768249511719,116.35408782958984,31.70768165588379,1,-5.722548961639404,28.636337280273438,645.47412109375,0.5131529569625854,0.446711927652359,0.44207048416137695,1,-72.48837280273438,30.638792037963867,645.871826171875,0.6519184708595276,0.4424884021282196,0.45185479521751404,60998188903,2094386523
4,3,1,2.294921875,1,2.3560333251953125,1,0.36051562428474426,0.32762590050697327,-46.97922897338867,130.68043518066406,36.9220085144043,1,0.17486634850502014,0.395906537771225,-111.00117492675781,118.2341079711914,32.391910552978516,1,-5.777350425720215,28.636619567871094,645.5072021484375,0.5132664442062378,0.4467153251171112,0.4421433210372925,1,-72.50440979003906,30.617534637451172,645.655029296875,0.6520087718963623,0.4425041079521179,0.4513881504535675,60998197236,2094394856
4,3,1,2.29486083984375,1,2.3378143310546875,1,0.36393675208091736,0.3428443670272827,-45.79944610595703,127.9063949584961,35.912349700927734,1,0.1851295381784439,0.39445558190345764,-107.46187591552734,118.4985580444336,32.48823928833008,1,-5.823734760284424,28.670997619628906,645.47216796875,0.513363778591156,0.4466397762298584,0.44207271933555603,1,-72.58091735839844,30.635915756225586,645.8858642578125,0.6521064639091492,0.44249603152275085,0.4519069492816925,60998205570,2094403190
4,3,1,2.2866973876953125,1,2.354278564453125,1,0.3551784157752991,0.3489212095737457,-48.81977844238281,126.79866790771484,35.50922393798828,1,0.196089968085289,0.3753177523612976,-103.68212890625,121.98706817626953,33.75785446166992,1,-5.87183952331543,28.68706512451172,645.4825439453125,0.5134637951850891,0.44660770893096924,0.4420982003211975,1,-72.62344360351562,30.624603271484375,645.8890380859375,0.6521937847137451,0.4425197243690491,0.45192232728004456,60998213903,2094411523
4,3,1,2.287750244140625,1,2.2991943359375,1,0.40383031964302063,0.3849147856235504,-32.04196548461914,120.23770904541016,33.12117385864258,1,0.18321935832500458,0.43194225430488586,-108.12062072753906,111.66545104980469,30.001108169555664,1,-5.847766399383545,28.611099243164062,645.5518798828125,0.5134122967720032,0.4467735290527344,0.44223833084106445,1,-72.56742095947266,30.593219757080078,645.8189697265625,0.6520963907241821,0.4425756633281708,0.45175355672836304,60998222240,2094419860
4,3,1,2.3049163818359375,1,2.32586669921875,1,0.488255113363266,0.5551596879959106,-2.927690029144287,89.20509338378906,21.826234817504883,1,0.2725166082382202,0.572641134262085,-77.32605743408203,86.01852416992188,20.666433334350586,1,-5.722877502441406,28.53065299987793,645.6017456054688,0.5131511688232422,0.4469464123249054,0.44233372807502747,1,-72.39299011230469,30.491405487060547,645.7548217773438,0.651752233505249,0.4427783787250519,0.45155957341194153,60998230574,2094428194
4,3,1,2.267303466796875,1,2.33477783203125,1,0.5618290901184082,0.6183348894119263,22.444581985473633,77.68937683105469,17.63490867614746,1,0.31963732838630676,0.5892156362533569,-61.0762825012207,82.99732208251953,19.566757202148438,1,-5.584566593170166,28.394041061401367,645.661376953125,0.5128620862960815,0.4472366273403168,0.44244277477264404,1,-72.25401306152344,30.40505027770996,645.9136352539062,0.6514230370521545,0.44297802448272705,0.45185717940330505,60998238906,2094436527
4,3,1,2.3251190185546875,1,2.3787994384765625,1,0.6014896631240845,0.7655168771743774,36.12173843383789,50.86075973510742,7.870041847229004,1,0.389720618724823,0.7731848359107971,-36.907752990722656,49.4630241394043,7.361291408538818,1,-5.4598846435546875,28.231212615966797,645.5972290039062,0.5126039981842041,0.44756585359573364,0.44228023290634155,1,-72.05512237548828,30.30010986328125,645.5802001953125,0.6510985493659973,0.44315239787101746,0.451076477766037,60998247239,2094444860
4,3,1,2.3761749267578125,1,2.405303955078125,1,0.6605690121650696,0.9087057709693909,56.4954948425293,24.75996971130371,-1.6298877000808716,1,0.41735947132110596,0.8731215000152588,-27.376367568969727,31.24633026123047,0.7309727668762207,1,-5.403655052185059,28.067371368408203,645.6342163085938,0.512486457824707,0.4479094445705414,0.4423384964466095,1,-71.8943099975586,30.1402587890625,645.4989013671875,0.6507871150970459,0.44347313046455383,0.45084136724472046,60998255573,2094453194
4,3,1,2.3643646240234375,1,2.4095458984375,1,0.6721271276473999,1.0691008567810059,60.4813346862793,-4.47722053527832,-12.271299362182617,1,0.4604842960834503,1.0770769119262695,-12.504597663879395,-5.931060791015625,-12.800538063049316,1,-5.41511344909668,27.842636108398438,645.6587524414062,0.512510359287262,0.4483772814273834,0.4423631727695465,1,-71.78367614746094,29.938430786132812,645.5010986328125,0.6505581140518188,0.4438915252685547,0.4507927894592285,60998263906,2094461527
4,3,0,nan,1,2.4181671142578125,0,nan,nan,nan,nan,nan,1,0.5160259008407593,1.2430015802383423,6.649186134338379,-36.1761474609375,-23.808855056762695,0,nan,nan,nan,nan,nan,nan,1,-71.70268249511719,29.73086929321289,645.6148681640625,0.6503614783287048,0.4443359673023224,0.45099130272865295,60998272239,2094469860
4,3,0,nan,0,nan,0,nan,nan,nan,nan,nan,0,nan,nan,nan,nan,nan,0,nan,nan,nan,nan,nan,nan,0,nan,nan,nan,nan,nan,nan,60998280573,2094478194
4,3,0,nan,0,nan,0,nan,nan,nan,nan,nan,0,nan,nan,nan,nan,nan,0,nan,nan,nan,nan,nan,nan,0,nan,nan,nan,nan,nan,nan,60998288906,2094486527
4,3,0,nan,0,nan,0,nan,nan,nan,nan,nan,0,nan,nan,nan,nan,nan,0,nan,nan,nan,nan,nan,nan,0,nan,nan,nan,nan,nan,nan,60998297239,2094494860
4,3,0,nan,0,nan,0,nan,nan,nan,nan,nan,0,nan,nan,nan,nan,nan,0,nan,nan,nan,nan,nan,nan,0,nan,nan,nan,nan,nan,nan,60998305573,2094503194
4,3,0,nan,0,nan,0,nan,nan,nan,nan,nan,0,nan,nan,nan,nan,nan,0,nan,nan,nan,nan,nan,nan,0,nan,nan,nan,nan,nan,nan,60998313904,2094511525
4,3,0,nan,0,nan,0,nan,nan,nan,nan,nan,0,nan,nan,nan,nan,nan,0,nan,nan,nan,nan,nan,nan,0,nan,nan,nan,nan,nan,nan,60998322237,2094519858
4,3,0,nan,0,nan,0,nan,nan,nan,nan,nan,0,nan,nan,nan,nan,nan,0,nan,nan,nan,nan,nan,nan,0,nan,nan,nan,nan,nan,nan,60998330573,2094528194
4,3,0,nan,0,nan,0,nan,nan,nan,nan,nan,0,nan,nan,nan,nan,nan,0,nan,nan,nan,nan,nan,nan,0,nan,nan,nan,nan,nan,nan,60998338906,2094536527
4,3,0,nan,0,nan,0,nan,nan,nan,nan,nan,0,nan,nan,nan,nan,nan,0,nan,nan,nan,nan,nan,nan,0,nan,nan,nan,nan,nan,nan,60998347239,2094544860
4,3,0,nan,0,nan,0,nan,nan,nan,nan,nan,0,nan,nan,nan,nan,nan,0,nan,nan,nan,nan,nan,nan,0,nan,nan,nan,nan,nan,nan,60998355575,2094553196
4,3,1,1.74066162109375,0,nan,1,0.9253169894218445,-0.5401639938354492,147.7949981689453,288.863037109375,94.49571990966797,0,nan,nan,nan,nan,nan,1,-5.894524097442627,24.085304260253906,643.9081420898438,0.5135557055473328,0.4559570848941803,0.438116192817688,0,nan,nan,nan,nan,nan,nan,60998363908,2094561529
4,3,0,nan,0,nan,0,nan,nan,nan,nan,nan,0,nan,nan,nan,nan,nan,0,nan,nan,nan,nan,nan,nan,0,nan,nan,nan,nan,nan,nan,60998372241,2094569862
4,3,0,nan,0,nan,0,nan,nan,nan,nan,nan,0,nan,nan,nan,nan,nan,0,nan,nan,nan,nan,nan,nan,0,nan,nan,nan,nan,nan,nan,60998380575,2094578196
4,3,1,2.1815185546875,0,nan,1,0.9948236346244812,-0.7290184497833252,171.7646484375,323.28778076171875,107.02540588378906,0,nan,nan,nan,nan,nan,1,-5.597548961639404,24.176362991333008,641.7216796875,0.5129805207252502,0.4555265009403229,0.43337482213974,0,nan,nan,nan,nan,nan,nan,60998388908,2094586529
4,3,0,nan,0,nan,0,nan,nan,nan,nan,nan,0,nan,nan,nan,nan,nan,0,nan,nan,nan,nan,nan,nan,0,nan,nan,nan,nan,nan,nan,60998397241,2094594862
4,3,0,nan,0,nan,0,nan,nan,nan,nan,nan,0,nan,nan,nan,nan,nan,0,nan,nan,nan,nan,nan,nan,0,nan,nan,nan,nan,nan,nan,60998405575,2094603196
4,3,0,nan,0,nan,0,nan,nan,nan,nan,nan,0,nan,nan,nan,nan,nan,0,nan,nan,nan,nan,nan,nan,0,nan,nan,nan,nan,nan,nan,60998413907,2094611528
4,3,0,nan,0,nan,0,nan,nan,nan,nan,nan,0,nan,nan,nan,nan,nan,0,nan,nan,nan,nan,nan,nan,0,nan,nan,nan,nan,nan,nan,60998422241,2094619862
4,3,0,nan,0,nan,0,nan,nan,nan,nan,nan,0,nan,nan,nan,nan,nan,0,nan,nan,nan,nan,nan,nan,0,nan,nan,nan,nan,nan,nan,60998430575,2094628196
4,3,0,nan,0,nan,0,nan,nan,nan,nan,nan,0,nan,nan,nan,nan,nan,0,nan,nan,nan,nan,nan,nan,0,nan,nan,nan,nan,nan,nan,60998438908,2094636529
4,3,0,nan,0,nan,0,nan,nan,nan,nan,nan,0,nan,nan,nan,nan,nan,0,nan,nan,nan,nan,nan,nan,0,nan,nan,nan,nan,nan,nan,60998447241,2094644862
4,3,0,nan,0,nan,0,nan,nan,nan,nan,nan,0,nan,nan,nan,nan,nan,0,nan,nan,nan,nan,nan,nan,0,nan,nan,nan,nan,nan,nan,60998455575,2094653196
4,3,0,nan,0,nan,0,nan,nan,nan,nan,nan,0,nan,nan,nan,nan,nan,0,nan,nan,nan,nan,nan,nan,0,nan,nan,nan,nan,nan,nan,60998463908,2094661529
4,3,0,nan,0,nan,0,nan,nan,nan,nan,nan,0,nan,nan,nan,nan,nan,0,nan,nan,nan,nan,nan,nan,0,nan,nan,nan,nan,nan,nan,60998472241,2094669862
4,3,0,nan,0,nan,0,nan,nan,nan,nan,nan,0,nan,nan,nan,nan,nan,0,nan,nan,nan,nan,nan,nan,0,nan,nan,nan,nan,nan,nan,60998480575,2094678196
4,3,0,nan,0,nan,0,nan,nan,nan,nan,nan,0,nan,nan,nan,nan,nan,0,nan,nan,nan,nan,nan,nan,0,nan,nan,nan,nan,nan,nan,60998488911,2094686532
4,3,0,nan,0,nan,0,nan,nan,nan,nan,nan,0,nan,nan,nan,nan,nan,0,nan,nan,nan,nan,nan,nan,0,nan,nan,nan,nan,nan,nan,60998497244,2094694865
4,3,0,nan,0,nan,0,nan,nan,nan,nan,nan,0,nan,nan,nan,nan,nan,0,nan,nan,nan,nan,nan,nan,0,nan,nan,nan,nan,nan,nan,60998505578,2094703199
4,3,0,nan,0,nan,0,nan,nan,nan,nan,nan,0,nan,nan,nan,nan,nan,0,nan,nan,nan,nan,nan,nan,0,nan,nan,nan,nan,nan,nan,60998513911,2094711532
4,3,0,nan,0,nan,0,nan,nan,nan,nan,nan,0,nan,nan,nan,nan,nan,0,nan,nan,nan,nan,nan,nan,0,nan,nan,nan,nan,nan,nan,60998522244,2094719865
4,3,0,nan,0,nan,0,nan,nan,nan,nan,nan,0,nan,nan,nan,nan,nan,0,nan,nan,nan,nan,nan,nan,0,nan,nan,nan,nan,nan,nan,60998530578,2094728199
4,3,1,2.1640777587890625,0,nan,1,0.5870305299758911,1.2463792562484741,31.135435104370117,-36.79188537597656,-24.032878875732422,0,nan,nan,nan,nan,nan,1,-2.6799116134643555,29.668149948120117,639.5828247070312,0.5068697929382324,0.4438263475894928,0.42938151955604553,0,nan,nan,nan,nan,nan,nan,60998538911,2094736532
4,3,1,2.46954345703125,1,2.549530029296875,1,0.5022430419921875,0.8965646624565125,1.896093726158142,26.973079681396484,-0.8243850469589233,1,0.31732720136642456,0.8448729515075684,-61.87294006347656,36.39554214477539,2.6051297187805176,1,-2.7308473587036133,30.1216983795166,639.579345703125,0.5069760680198669,0.4428788125514984,0.42943593859672546,1,-69.28118896484375,32.1478271484375,640.5121459960938,0.6466244459152222,0.43864139914512634,0.43975114822387695,60998547244,2094744865
4,3,1,2.3759765625,1,2.440948486328125,1,0.5309512615203857,0.7116186618804932,11.79625415802002,60.685420989990234,11.4459228515625,1,0.2436501830816269,0.6679161190986633,-87.28077697753906,68.65161895751953,14.34538745880127,1,-2.7526979446411133,30.486194610595703,639.5086669921875,0.5070220828056335,0.44210848212242126,0.4293327033519745,1,-69.30814361572266,32.43882751464844,640.5978393554688,0.6466575860977173,0.43804603815078735,0.4399837255477905,60998555578,2094753199
4,3,1,2.3495635986328125,1,2.388885498046875,1,0.4863758385181427,0.5545744299888611,-3.5757808685302734,89.31179809570312,21.865036010742188,1,0.19398567080497742,0.5348984599113464,-104.40780639648438,92.89835357666016,23.170507431030273,1,-2.796466827392578,30.780855178833008,639.414306640625,0.5071146488189697,0.4414805471897125,0.42916908860206604,1,-69.35801696777344,32.667938232421875,640.7947998046875,0.6467105746269226,0.4375953674316406,0.44045278429985046,60998563911,2094761532
4,3,1,2.3162994384765625,1,2.4060211181640625,1,0.4632627069950104,0.4220963418483734,-11.54646110534668,113.46015930175781,30.654403686523438,1,0.15899589657783508,0.46591946482658386,-116.47418212890625,105.47198486328125,27.746936798095703,1,-2.85811448097229,30.990951538085938,639.2661743164062,0.507245659828186,0.4410218298435211,0.42887744307518005,1,-69.35858154296875,32.81929397583008,640.4812622070312,0.6467912793159485,0.437235951423645,0.43979862332344055,60998572244,2094769865
4,3,1,2.2925567626953125,1,2.3364105224609375,1,0.44748687744140625,0.3543003797531128,-16.9868106842041,125.81816864013672,35.15228271484375,1,0.1610255241394043,0.3697229325771332,-115.77425384521484,123.00689697265625,34.12910079956055,1,-2.8747026920318604,31.16625213623047,639.20751953125,0.5072808861732483,0.4406477212905884,0.428774893283844,1,-69.39854431152344,32.87412643432617,640.5186767578125,0.6468650102615356,0.43712666630744934,0.43989643454551697,60998580577,2094778198
4,3,1,2.2996063232421875,1,2.38812255859375,1,0.4281889796257019,0.2732275724411011,-23.64177703857422,140.59628295898438,40.53106689453125,1,0.1284087896347046,0.37542209029197693,-127.02227783203125,121.96804809570312,33.75099182128906,1,-2.888601779937744,31.226743698120117,639.06103515625,0.5073116421699524,0.4405015707015991,0.42846572399139404,1,-69.38829040527344,32.92909240722656,640.287841796875,0.6469025015830994,0.4369796812534332,0.439404159784317,60998588911,2094786532
4,3,1,2.3442535400390625,1,2.3737335205078125,1,0.4203330874443054,0.30437666177749634,-26.350914001464844,134.9183807373047,38.46446990966797,1,0.12789954245090485,0.35933494567871094,-127.1978988647461,124.90045928955078,34.81827163696289,1,-2.8486132621765137,31.248401641845703,638.925537109375,0.5072287917137146,0.4404381513595581,0.4281744956970215,1,-69.36121368408203,32.887611389160156,640.0977783203125,0.6468948125839233,0.43703970313072205,0.43898195028305054,60998597244,2094794865
4,3,1,2.3432769775390625,1,2.3867950439453125,1,0.42048412561416626,0.30315715074539185,-26.298830032348633,135.1406707763672,38.54537582397461,1,0.13604313135147095,0.3777744472026825,-124.38954162597656,121.53924560546875,33.59493637084961,1,-2.790269374847412,31.267053604125977,638.9829711914062,0.5071051120758057,0.44040706753730774,0.428301066160202,1,-69.37858581542969,32.860565185546875,640.1403198242188,0.6469203233718872,0.4371020793914795,0.439073771238327,60998605577,2094803198
4,3,1,2.3440093994140625,1,2.3504791259765625,1,0.4263594150543213,0.3093109428882599,-24.2727108001709,134.01893615722656,38.13715744018555,1,0.14929448068141937,0.36410534381866455,-119.81976318359375,124.03089904785156,34.50178146362305,1,-2.739755392074585,31.337282180786133,638.9716796875,0.5069986581802368,0.44025883078575134,0.42828595638275146,1,-69.39167785644531,32.882144927978516,640.3455810546875,0.6468949913978577,0.43708571791648865,0.4395226538181305,60998613913,2094811534
4,3,1,2.3740234375,1,2.3954620361328125,1,0.42336350679397583,0.3502407670021057,-25.305856704711914,126.55814361572266,35.421653747558594,1,0.1506599634885788,0.3745385408401489,-119.34886169433594,122.12911987304688,33.8095703125,1,-2.7015883922576904,31.329849243164062,638.9378051757812,0.5069185495376587,0.4402698874473572,0.42821112275123596,1,-69.37882995605469,32.85607147216797,640.3370971679688,0.6468704342842102,0.43713900446891785,0.439497709274292,60998622246,2094819867
4,3,1,2.3977813720703125,1,2.3910980224609375,1,0.40723979473114014,0.3667665123939514,-30.866195678710938,123.54581451416016,34.32521438598633,1,0.14925774931907654,0.3821772634983063,-119.8324203491211,120.7367172241211,33.30278396606445,1,-2.6462295055389404,31.341297149658203,638.5662841796875,0.5068055987358093,0.44019579887390137,0.4274062514305115,1,-69.34989929199219,32.86481475830078,640.3200073242188,0.646814227104187,0.43711844086647034,0.43945538997650146,60998630579,2094828200
4,3,1,2.2716827392578125,1,2.3917236328125,1,0.4179858863353729,0.25830066204071045,-27.16034698486328,143.3171844482422,41.521446228027344,1,0.16010311245918274,0.38797158002853394,-116.09234619140625,119.68051147460938,32.91835021972656,1,-2.5882530212402344,31.376121520996094,638.53271484375,0.5066835880279541,0.44011855125427246,0.42733776569366455,1,-69.31355285644531,32.92509460449219,640.2803955078125,0.6467480659484863,0.43698713183403015,0.43937018513679504,60998638904,2094836525
4,3,1,2.3275146484375,1,2.3646697998046875,1,0.42160335183143616,0.3159896433353424,-25.912851333618164,132.80152893066406,37.69401168823242,1,0.15671958029270172,0.3809795379638672,-117.2591781616211,120.95503234863281,33.38225173950195,1,-2.5328965187072754,31.32529067993164,638.7820434570312,0.5065644979476929,0.4402587115764618,0.42787104845046997,1,-69.27771759033203,32.85578155517578,640.4168701171875,0.6466383934020996,0.4371509552001953,0.43964630365371704,60998647246,2094844867
4,3,1,2.3734130859375,1,2.3917388916015625,1,0.42651063203811646,0.31381678581237793,-24.220556259155273,133.19760131835938,37.83819580078125,1,0.16309210658073425,0.3955439329147339,-115.06157684326172,118.3001937866211,32.41598129272461,1,-2.4618988037109375,31.383121490478516,638.5341796875,0.5064169764518738,0.4401043653488159,0.42734095454216003,1,-69.19778442382812,32.956748962402344,640.1551513671875,0.6465376615524292,0.4369037449359894,0.43907803297042847,60998655579,2094853200
4,3,1,2.35107421875,1,2.4275665283203125,1,0.4124246835708618,0.3315412700176239,-29.078163146972656,129.9667510986328,36.66224670410156,1,0.16211824119091034,0.38632744550704956,-115.39742279052734,119.98020935058594,33.02743148803711,1,-2.3762738704681396,31.36408805847168,638.52392578125,0.5062364935874939,0.440142959356308,0.427315354347229,1,-69.12892150878906,32.91964340209961,640.2041625976562,0.6463810801506042,0.4369882345199585,0.43916240334510803,60998663913,2094861534
4,3,1,2.307525634765625,1,2.394989013671875,1,0.4311816990375519,0.27082955837249756,-22.609718322753906,141.0333709716797,40.69023895263672,1,0.17032791674137115,0.36680030822753906,-112.56627655029297,123.53966522216797,34.32295608520508,1,-2.2879931926727295,31.392160415649414,638.8508911132812,0.5060473084449768,0.44012874364852905,0.428027868270874,1,-69.05319213867188,32.97787857055664,640.417236328125,0.6461679935455322,0.4368966519832611,0.43961301445961,60998672246,2094869867
4,3,1,2.2454986572265625,1,2.4245452880859375,1,0.41539084911346436,0.24959321320056915,-28.055273056030273,144.90440368652344,42.09914779663086,1,0.1945047378540039,0.39562344551086426,-104.22879791259766,118.28568267822266,32.41071319580078,1,-2.1836652755737305,31.35972785949707,638.3453369140625,0.5058316588401794,0.44012829661369324,0.42692577838897705,1,-68.96184539794922,33.016143798828125,640.3329467773438,0.6459981799125671,0.43680518865585327,0.43941569328308105,60998680579,2094878200
4,3,1,2.3543243408203125,1,2.410186767578125,1,0.4132884442806244,0.32611721754074097,-28.78028678894043,130.95545959472656,37.02210235595703,1,0.1761508285999298,0.3759095370769501,-110.5582275390625,121.87918853759766,33.71863555908203,1,-2.076596260070801,31.343036651611328,638.8531494140625,0.505601704120636,0.44023212790489197,0.4280242919921875,1,-68.83869934082031,32.951416015625,640.2777709960938,0.6457547545433044,0.43693283200263977,0.43925899267196655,60998688913,2094886534
4,3,1,2.3360595703125,1,2.40374755859375,1,0.4040236473083496,0.31500810384750366,-31.97529411315918,132.9804229736328,37.75918960571289,1,0.18916162848472595,0.364031046628952,-106.07139587402344,124.04442596435547,34.50672149658203,1,-1.9578943252563477,31.293292999267578,638.63037109375,0.5053532123565674,0.44030624628067017,0.42753323912620544,1,-68.7463150024414,32.97418975830078,640.4129638671875,0.6455270051956177,0.4369044303894043,0.43953272700309753,60998697238,2094894859
4,3,1,2.2958221435546875,1,2.4137725830078125,1,0.4206277132034302,0.250577449798584,-26.249296188354492,144.7250213623047,42.033748626708984,1,0.17447423934936523,0.39368268847465515,-111.13641357421875,118.63947296142578,32.53947830200195,1,-1.8436428308486938,31.266496658325195,638.867919921875,0.5051106214523315,0.4403945803642273,0.42804405093193054,1,-68.6134033203125,32.98365020751953,640.3140258789062,0.6452739238739014,0.43687108159065247,0.439290314912796,60998705579,2094903200
4,3,1,2.367645263671875,1,2.41949462890625,1,0.4102739989757538,0.3180719316005707,-29.819835662841797,132.42196655273438,37.555877685546875,1,0.17255744338035583,0.3905959129333496,-111.79743194580078,119.20211791992188,32.744285583496094,1,-1.7067477703094482,31.17728614807129,638.8129272460938,0.5048224925994873,0.44057387113571167,0.4279113709926605,1,-68.51062774658203,32.92983627319336,640.4864501953125,0.6450154781341553,0.4370077848434448,0.439630925655365,60998713913,2094911534
4,3,1,2.3675537109375,1,2.406707763671875,1,0.4216459393501282,0.32995662093162537,-25.898168563842773,130.25559997558594,36.767356872558594,1,0.20189541578292847,0.41290098428726196,-101.68009948730469,115.1363296508789,31.264387130737305,1,-1.6111022233963013,31.175228118896484,638.7572021484375,0.5046212673187256,0.4405708611011505,0.42778971791267395,1,-68.38554382324219,32.97165298461914,640.3851318359375,0.6447792053222656,0.4369065761566162,0.4393899738788605,60998722246,2094919867
4,3,1,2.2758941650390625,1,2.39483642578125,1,0.41482049226760864,0.2820415794849396,-28.25196075439453,138.9896697998047,39.946285247802734,1,0.18297278881072998,0.3791675865650177,-108.20563507080078,121.28531646728516,33.50246047973633,1,-1.4751380681991577,31.150043487548828,639.0857543945312,0.5043326616287231,0.440667986869812,0.428498238325119,1,-68.29295349121094,32.962860107421875,640.6821899414062,0.6445105671882629,0.4369667172431946,0.440008282661438,60998730579,2094928200
4,3,1,2.42529296875,1,2.393951416015625,1,0.4120810329914093,0.36088496446609497,-29.19666862487793,124.61788940429688,34.71546173095703,1,0.19059722125530243,0.3719850778579712,-105.57632446289062,122.59456634521484,33.978965759277344,1,-1.3580224514007568,31.062299728393555,639.0535888671875,0.5040862560272217,0.440847247838974,0.42841556668281555,1,-68.16410064697266,32.93392562866211,640.5598754882812,0.6442719101905823,0.4370102286338806,0.43971094489097595,60998738913,2094936534
4,3,1,2.3625335693359375,1,2.4076080322265625,1,0.4117092788219452,0.29497095942497253,-29.32487678527832,136.6328582763672,39.08852005004883,1,0.18229979276657104,0.3905690610408783,-108.437744140625,119.20703887939453,32.74602508544922,1,-1.2326812744140625,31.02577781677246,639.1558837890625,0.503821611404419,0.44093751907348633,0.428631991147995,1,-68.06658935546875,32.98602294921875,640.8112182617188,0.6440045833587646,0.4369369447231293,0.4402386248111725,60998747250,2094944871
4,3,1,2.315155029296875,1,2.4144134521484375,1,0.4124844968318939,0.3007670044898987,-29.057527542114258,135.57632446289062,38.704010009765625,1,0.2068384736776352,0.35485926270484924,-99.9754638671875,125.7162857055664,35.11520767211914,1,-1.1218963861465454,30.990840911865234,639.1676025390625,0.5035881996154785,0.44101232290267944,0.4286520183086395,1,-67.95357513427734,32.942649841308594,640.76513671875,0.643779993057251,0.4370211958885193,0.4401072561740875,60998755583,2094953204
4,3,1,2.35955810546875,1,2.4188690185546875,1,0.4153599739074707,0.3362330496311188,-28.065906524658203,129.1114959716797,36.35096740722656,1,0.19965073466300964,0.40632539987564087,-102.45418548583984,116.33491516113281,31.700740814208984,1,-1.0236258506774902,30.99712371826172,639.3262939453125,0.5033804178237915,0.4410206377506256,0.42899686098098755,1,-67.84846496582031,33.000343322753906,640.9148559570312,0.6435223817825317,0.4369220435619354,0.44041481614112854,60998763917,2094961538
4,3,1,2.242462158203125,1,2.3963775634765625,1,0.41284963488578796,0.255458265542984,-28.931608200073242,143.83531188964844,41.70999526977539,1,0.20724473893642426,0.3815666139125824,-99.83535766601562,120.84803771972656,33.34324645996094,1,-0.9257276058197021,30.965465545654297,639.3385620117188,0.5031741857528687,0.44108858704566956,0.42901864647865295,1,-67.74187469482422,32.972679138183594,640.7752075195312,0.6433345079421997,0.4369604289531708,0.4400855004787445,60998772250,2094969871
4,3,1,2.35308837890625,1,2.400054931640625,1,0.4098203480243683,0.3373861610889435,-29.976274490356445,128.9013214111328,36.27446365356445,1,0.20756375789642334,0.39190080761909485,-99.72533416748047,118.96427154541016,32.657676696777344,1,-0.8545222282409668,30.91777229309082,639.4308471679688,0.5030240416526794,0.4412006437778473,0.4292120933532715,1,-67.70074462890625,32.97693634033203,641.130126953125,0.6431599259376526,0.4370012879371643,0.44084247946739197,60998780583,2094978204
4,3,1,2.3808441162109375,1,2.4207000732421875,1,0.3727642595767975,0.3172447979450226,-42.75523376464844,132.57273864746094,37.610755920410156,1,0.1827220767736435,0.38570746779441833,-108.29210662841797,120.09319305419922,33.06863784790039,1,-0.871873140335083,30.850704193115234,639.6114501953125,0.5030600428581238,0.4413647949695587,0.42959460616111755,1,-67.66161346435547,32.950172424316406,641.070068359375,0.6430931687355042,0.4370487630367279,0.4407002329826355,60998788917,2094986538
4,3,1,2.3777923583984375,1,2.43927001953125,1,0.3517635762691498,0.32273977994918823,-49.99741744995117,131.5710906982422,37.246219635009766,1,0.16931265592575073,0.35272759199142456,-112.9164047241211,126.10484313964844,35.25664138793945,1,-0.847000241279602,30.808143615722656,639.65625,0.5030076503753662,0.44145968556404114,0.4296857714653015,1,-67.62211608886719,32.91107940673828,641.0548095703125,0.6430146098136902,0.4371281862258911,0.4406527280807495,60998797250,2094994871
4,3,1,2.3427276611328125,1,2.4494476318359375,1,0.37561318278312683,0.32182934880256653,-41.77277374267578,131.73704528808594,37.306602478027344,1,0.1915677785873413,0.3765728771686554,-105.24162292480469,121.75828552246094,33.67461395263672,1,-0.8133344650268555,30.80150032043457,639.6224975585938,0.502936840057373,0.44146907329559326,0.42961159348487854,1,-67.58858489990234,32.923187255859375,641.2363891601562,0.642899215221405,0.4371284246444702,0.44103869795799255,60998805583,2095003204
4,3,1,2.36328125,1,2.437774658203125,1,0.3746762275695801,0.358784019947052,-42.09587478637695,125.00086975097656,34.854793548583984,1,0.18226511776447296,0.3495430648326874,-108.44970703125,126.68534088134766,35.467933654785156,1,-0.7722424268722534,30.775602340698242,639.7254028320312,0.5028500556945801,0.44153693318367004,0.42983120679855347,1,-67.51626586914062,32.90121078491211,641.2301025390625,0.6427497267723083,0.4371734857559204,0.441005676984787,60998813917,2095011538
4,3,1,2.3808135986328125,1,2.441436767578125,1,0.3734076917171478,0.3510892391204834,-42.53334045410156,126.40350341796875,35.36534118652344,1,0.18147996068000793,0.38917046785354614,-108.720458984375,119.46196746826172,32.838809967041016,1,-0.7353014349937439,30.705101013183594,639.9067993164062,0.5027719140052795,0.4417082369327545,0.4302147924900055,1,-67.47415161132812,32.87303924560547,641.1890869140625,0.6426721215248108,0.4372265636920929,0.4409036338329315,60998822250,2095019871
4,3,1,2.340362548828125,1,2.4218597412109375,1,0.36946913599967957,0.3250027894973755,-43.89155960083008,131.15858459472656,37.09603500366211,1,0.1890631467103958,0.4033724069595337,-106.10535430908203,116.87320709228516,31.8966007232666,1,-0.7257411479949951,30.647123336791992,640.1109619140625,0.5027512907981873,0.441856324672699,0.4306497275829315,1,-67.48304748535156,32.838233947753906,641.350830078125,0.6426506042480469,0.43732163310050964,0.44124966859817505,60998830583,2095028204
4,3,1,2.3710784912109375,1,2.4130859375,1,0.36837074160575867,0.3517955243587494,-44.27037048339844,126.2747573852539,35.31848907470703,1,0.19100312888622284,0.34554317593574524,-105.43634796142578,127.41443634033203,35.73331069946289,1,-0.7243920564651489,30.608055114746094,640.1334838867188,0.5027484893798828,0.4419408440589905,0.430693119764328,1,-67.47523498535156,32.745243072509766,641.41162109375,0.6426196098327637,0.43752387166023254,0.44136565923690796,60998838917,2095036538
4,3,1,2.3914794921875,1,2.4374542236328125,1,0.36499449610710144,0.3556530475616455,-45.434661865234375,125.57160186767578,35.062530517578125,1,0.1922254115343094,0.349291056394577,-105.01483917236328,126.73125457763672,35.484676361083984,1,-0.7342946529388428,30.56896209716797,640.1117553710938,0.5027694702148438,0.44201943278312683,0.43064069747924805,1,-67.48475646972656,32.7218017578125,641.5250244140625,0.6426113843917847,0.4375884234905243,0.4416089951992035,60998847250,2095044871
4,3,1,2.39044189453125,1,2.462890625,1,0.37187981605529785,0.3245384991168976,-43.06022644042969,131.2432098388672,37.1268424987793,1,0.19972805678844452,0.3677784204483032,-102.42752075195312,123.36135864257812,34.2580680847168,1,-0.7452391386032104,30.462318420410156,640.1461181640625,0.5027925968170166,0.4422464668750763,0.4307006895542145,1,-67.49952697753906,32.67047882080078,641.510986328125,0.6426460146903992,0.43769338726997375,0.44157475233078003,60998855583,2095053204
4,3,1,2.4022674560546875,1,2.45574951171875,1,0.37141597270965576,0.34023791551589966,-43.22019577026367,128.38150024414062,36.085243225097656,1,0.20892442762851715,0.3839470148086548,-99.25611114501953,120.41411590576172,33.18539047241211,1,-0.7731221914291382,30.408361434936523,640.1238403320312,0.5028514266014099,0.4423559904098511,0.4306449592113495,1,-67.52482604980469,32.61777114868164,641.622802734375,0.6426712870597839,0.43781864643096924,0.44181400537490845,60998863917,2095061538
4,3,1,2.4144439697265625,1,2.481475830078125,1,0.3714088797569275,0.37012746930122375,-43.22264862060547,122.93315887451172,34.10225296020508,1,0.22547638416290283,0.3776233494281769,-93.54808807373047,121.56682586669922,33.6048469543457,1,-0.7938806414604187,30.374927520751953,640.0223388671875,0.5028954744338989,0.4424123167991638,0.4304201900959015,1,-67.5549545288086,32.55168533325195,641.7561645507812,0.6427013874053955,0.43797463178634644,0.44209912419319153,60998872250,2095069871
4,3,1,2.3595733642578125,1,2.4854736328125,1,0.3533155620098114,0.33782464265823364,-49.46220397949219,128.8214111328125,36.245361328125,1,0.21104413270950317,0.3852754831314087,-98.52511596679688,120.17196655273438,33.09721755981445,1,-0.8159419894218445,30.277847290039062,640.1817626953125,0.5029415488243103,0.44263577461242676,0.43075284361839294,1,-67.57829284667969,32.49290466308594,641.74072265625,0.6427541971206665,0.438094824552536,0.44206249713897705,60998880585,2095078206
4,3,1,2.403106689453125,1,2.473602294921875,1,0.37842607498168945,0.3286225199699402,-40.802734375,130.498779296875,36.855899810791016,1,0.20606601238250732,0.39095553755760193,-100.24183654785156,119.13658142089844,32.72035217285156,1,-0.8481784462928772,30.22780418395996,640.2610473632812,0.5030092000961304,0.4427504539489746,0.4309181571006775,1,-67.60113525390625,32.4580078125,641.7243041992188,0.6428061127662659,0.43816518783569336,0.44202736020088196,60998888919,2095086540
4,3,1,2.406463623046875,1,2.4510650634765625,1,0.36191585659980774,0.3528066575527191,-46.49634552001953,126.09043884277344,35.25138473510742,1,0.19021928310394287,0.3874737024307251,-105.7066650390625,119.77125549316406,32.9514045715332,1,-0.8771994113922119,30.223155975341797,640.4752197265625,0.5030695199966431,0.4427882134914398,0.43138229846954346,1,-67.64757537841797,32.429752349853516,641.970458984375,0.6428419947624207,0.4382579028606415,0.44256484508514404,60998897252,2095094873
4,3,1,2.4134063720703125,1,2.4100341796875,1,0.36853542923927307,0.3662421405315399,-44.21356201171875,123.6413803100586,34.360050201416016,1,0.19066374003887177,0.34707048535346985,-105.55339813232422,127.13604736328125,35.63199996948242,1,-0.9140262603759766,30.20265007019043,640.5426025390625,0.5031467080116272,0.44283968210220337,0.43152570724487305,1,-67.6695556640625,32.364437103271484,641.9658203125,0.6428893208503723,0.43839317560195923,0.442550390958786,60998905585,2095103206
4,3,1,2.407379150390625,1,2.4351959228515625,1,0.3628782033920288,0.3714698553085327,-46.16447830200195,122.68846893310547,34.01319122314453,1,0.1882726103067398,0.3405904471874237,-106.37797546386719,128.31723022460938,36.06187057495117,1,-0.9517296552658081,30.202472686767578,640.5545654296875,0.5032259225845337,0.4428415596485138,0.4315517246723175,1,-67.70979309082031,32.36208724975586,642.0733642578125,0.6429465413093567,0.43841275572776794,0.442791223526001,60998913919,2095111540
4,3,1,2.408294677734375,1,2.4543304443359375,1,0.3694682717323303,0.3429054915904999,-43.89186096191406,127.89524841308594,35.90826416015625,1,0.20229265093803406,0.35696762800216675,-101.54310607910156,125.33193969726562,34.975399017333984,1,-0.9798474311828613,30.105236053466797,640.3970336914062,0.5032858848571777,0.4430236220359802,0.43119677901268005,1,-67.75198364257812,32.311927795410156,642.2288818359375,0.6429961919784546,0.43853843212127686,0.4431290328502655,60998922252,2095119873
4,3,1,2.3986053466796875,1,2.4763641357421875,1,0.3590984642505646,0.35614141821861267,-47.467926025390625,125.4825668334961,35.030155181884766,1,0.2141725867986679,0.3629581928253174,-97.4462661743164,124.24002075195312,34.57782745361328,1,-1.010538935661316,30.137004852294922,640.4647216796875,0.5033500790596008,0.44296616315841675,0.43134817481040955,1,-67.76917266845703,32.313507080078125,642.120849609375,0.6430588364601135,0.438520222902298,0.44290003180503845,60998930585,2095128206
4,3,1,2.3993682861328125,1,2.45623779296875,1,0.3661419749259949,0.3565385639667511,-45.0389518737793,125.41018676757812,35.00379943847656,1,0.20696577429771423,0.3683529198169708,-99.93156433105469,123.25664520263672,34.21998977661133,1,-1.042959451675415,30.149539947509766,640.5435791015625,0.5034177899360657,0.4429502785205841,0.43152108788490295,1,-67.80276489257812,32.312828063964844,642.1598510742188,0.6431192755699158,0.43852698802948,0.442991703748703,60998938919,2095136540
4,3,1,2.395416259765625,1,2.4846038818359375,1,0.3651596009731293,0.3540862798690796,-45.37772750854492,125.85717010498047,35.166526794433594,1,0.19642430543899536,0.36620455980300903,-103.56683349609375,123.64824676513672,34.36250686645508,1,-1.0803172588348389,30.149538040161133,640.679443359375,0.5034958124160767,0.4429679811000824,0.43181589245796204,1,-67.82246398925781,32.296043395996094,642.051025390625,0.6431874632835388,0.43854692578315735,0.4427589774131775,60998947252,2095144873
4,3,1,2.428558349609375,1,2.497161865234375,1,0.36638742685317993,0.3692816197872162,-44.954315185546875,123.08735656738281,34.158363342285156,1,0.1996000111103058,0.3870566487312317,-102.47168731689453,119.84728240966797,32.97907638549805,1,-1.1141793727874756,30.172378540039062,640.7919311523438,0.5035663843154907,0.4429350197315216,0.4320632219314575,1,-67.840087890625,32.2939338684082,642.0005493164062,0.6432368755340576,0.4385443329811096,0.44265374541282654,60998955585,2095153206
4,3,1,2.428375244140625,1,2.471221923828125,1,0.36900877952575684,0.36204102635383606,-44.05032730102539,124.40718078613281,34.63874053955078,1,0.20410564541816711,0.3554569482803345,-100.91789245605469,125.60734558105469,35.0755500793457,1,-1.1470518112182617,30.209266662597656,640.859619140625,0.5036351084709167,0.4428669214248657,0.43221515417099,1,-67.87455749511719,32.307952880859375,642.145263671875,0.6432726383209229,0.4385349750518799,0.442975789308548,60998963919,2095161540
4,3,1,2.4182586669921875,1,2.4736480712890625,1,0.3694226145744324,0.37421914935112,-43.90761184692383,122.18732452392578,33.830787658691406,1,0.20061340928077698,0.3548685908317566,-102.12220001220703,125.71458435058594,35.114593505859375,1,-1.1750400066375732,30.19082260131836,640.7576293945312,0.5036944150924683,0.4428919553756714,0.4319915771484375,1,-67.9058837890625,32.303306579589844,642.220458984375,0.6433192491531372,0.43855488300323486,0.44314441084861755,60998972252,2095169873
4,3,1,2.3928680419921875,1,2.4731903076171875,1,0.3625807762145996,0.31526970863342285,-46.26705551147461,132.93275451660156,37.74181365966797,1,0.21429526805877686,0.37429526448249817,-97.40394592285156,122.17344665527344,33.8256950378418,1,-1.1897519826889038,30.2548885345459,640.85888671875,0.5037246942520142,0.44277170300483704,0.43222007155418396,1,-67.92253112792969,32.35424041748047,642.1818237304688,0.6433634161949158,0.4384435713291168,0.443072110414505,60998980585,2095178206
4,3,1,2.39923095703125,1,2.461395263671875,1,0.3662452697753906,0.3467983603477478,-45.00333786010742,127.18563842773438,35.6500244140625,1,0.21435357630252838,0.3724370300769806,-97.38384246826172,122.51217651367188,33.949012756347656,1,-1.226475715637207,30.222837448120117,640.666015625,0.5038028955459595,0.4428131580352783,0.4317973256111145,1,-67.95303344726562,32.31681823730469,642.1400146484375,0.6434376835823059,0.43851563334465027,0.442983478307724,60998988919,2095186540
4,3,1,2.431640625,1,2.4672698974609375,1,0.3631475865840912,0.36152341961860657,-46.07158660888672,124.50152587890625,34.67308044433594,1,0.21658363938331604,0.34624359011650085,-96.61479949951172,127.28675842285156,35.686851501464844,1,-1.2347325086593628,30.173215866088867,640.8370361328125,0.503819465637207,0.4429389238357544,0.43216168880462646,1,-67.96804809570312,32.24846649169922,642.1957397460938,0.6434553265571594,0.438665509223938,0.443097323179245,60998997252,2095194873
4,3,1,2.4108734130859375,1,2.4754638671875,1,0.3733302354812622,0.3324180543422699,-42.56005096435547,129.80690002441406,36.60411071777344,1,0.21536527574062347,0.36890262365341187,-97.03495788574219,123.15644073486328,34.183502197265625,1,-1.267890214920044,30.517911911010742,640.8798828125,0.5038882493972778,0.44222623109817505,0.43230193853378296,1,-67.99658966064453,32.58670425415039,642.1754150390625,0.6435185074806213,0.4379587769508362,0.4431082010269165,60999005585,2095203206
4,3,1,2.396759033203125,1,2.4658966064453125,1,0.36947980523109436,0.31151798367500305,-43.88788604736328,133.6166229248047,37.99070739746094,1,0.22379517555236816,0.34243547916412354,-94.12786865234375,127.98091888427734,35.939483642578125,1,-1.2704025506973267,30.047740936279297,640.859375,0.503894567489624,0.4432032108306885,0.43219324946403503,1,-67.98976135253906,32.11927032470703,642.2144165039062,0.643496572971344,0.43893685936927795,0.44312411546707153,60999013922,2095211543
4,3,1,2.4607696533203125,1,2.4651336669921875,1,0.37586548924446106,0.3542834222316742,-41.68575668334961,125.8212661743164,35.153404235839844,1,0.21852821111679077,0.35499417781829834,-95.94419860839844,125.69171142578125,35.10621643066406,1,-1.2808849811553955,30.575572967529297,640.9132690429688,0.5039152503013611,0.44211047887802124,0.4323824644088745,1,-68.01091003417969,32.610572814941406,642.2197265625,0.6435372233390808,0.437915176153183,0.4432103633880615,60999022255,2095219876
4,3,1,2.4199066162109375,1,2.5087738037109375,1,0.3740604817867279,0.3378293514251709,-42.30821228027344,128.82052612304688,36.24509048461914,1,0.2221003621816635,0.35301217436790466,-94.71233367919922,126.05297088623047,35.237762451171875,1,-1.276633381843567,30.350906372070312,640.904052734375,0.503906786441803,0.44257739186286926,0.43233150243759155,1,-68.00674438476562,32.37798309326172,642.233154296875,0.6435261964797974,0.4384010434150696,0.44320520758628845,60999030588,2095228209
4,3,1,2.4330596923828125,1,2.4681396484375,1,0.3770918548107147,0.36353522539138794,-41.26283645629883,124.13482666015625,34.539573669433594,1,0.2149316668510437,0.3697713017463684,-97.18447875976562,122.99810028076172,34.12583541870117,1,-1.282853603363037,30.42870330810547,640.8002319335938,0.5039202570915222,0.44240161776542664,0.43211695551872253,1,-67.99395751953125,32.447208404541016,642.1076049804688,0.643530547618866,0.438239723443985,0.442941278219223,60999038922,2095236543
4,3,1,2.454742431640625,1,2.4823455810546875,1,0.36528295278549194,0.3743959665298462,-45.33519744873047,122.15509796142578,33.8190803527832,1,0.22227263450622559,0.35125014185905457,-94.65291595458984,126.3741683959961,35.35466766357422,1,-1.2737677097320557,30.612201690673828,640.856201171875,0.5039005279541016,0.44202661514282227,0.43226358294487,1,-67.990478515625,32.60686492919922,642.1312255859375,0.6435167193412781,0.43791070580482483,0.44301438331604004,60999047255,2095244876
4,3,1,2.4165496826171875,1,2.44256591796875,1,0.3617079257965088,0.3384109139442444,-46.56805419921875,128.7145233154297,36.20650100708008,1,0.22003884613513947,0.37299907207489014,-95.42325592041016,122.40975189208984,33.911685943603516,1,-1.2591413259506226,30.428211212158203,640.6868896484375,0.5038710236549377,0.44238775968551636,0.4318709671497345,1,-67.97802734375,32.447731018066406,642.0873413085938,0.643502414226532,0.438235878944397,0.4428940415382385,60999055588,2095253209
4,3,1,2.4651641845703125,1,2.48046875,1,0.3654853105545044,0.3779924213886261,-45.26540756225586,121.49951934814453,33.58045959472656,1,0.22845016419887543,0.3719404637813568,-92.52257537841797,122.60270690917969,33.981910705566406,1,-1.2409138679504395,30.625919342041016,640.6405029296875,0.5038325190544128,0.4419696033000946,0.4317973256111145,1,-67.9570083618164,32.628875732421875,642.0798950195312,0.6434596180915833,0.43785786628723145,0.442899227142334,60999063921,2095261542
4,3,1,2.466644287109375,1,2.5228424072265625,1,0.36466002464294434,0.39313745498657227,-45.550010681152344,118.73886108398438,32.57563781738281,1,0.22898852825164795,0.3627304434776306,-92.33692169189453,124.2815170288086,34.593013763427734,1,-1.2239863872528076,30.619247436523438,640.6182250976562,0.5037969946861267,0.44198060035705566,0.43174809217453003,1,-67.93510437011719,32.617401123046875,642.0609130859375,0.6434187293052673,0.43787917494773865,0.44285160303115845,60999072255,2095269876
4,3,1,2.43096923828125,1,2.52734375,1,0.3616611659526825,0.3306684195995331,-46.58417510986328,130.1258544921875,36.72016525268555,1,0.23981401324272156,0.3712576925754547,-88.60369873046875,122.72714233398438,34.02727508544922,1,-1.1875979900360107,30.482866287231445,640.7098999023438,0.5037204027175903,0.4422770142555237,0.43192800879478455,1,-67.90522766113281,32.53196716308594,642.0796508789062,0.6433520913124084,0.43805965781211853,0.4428730905056,60999080588,2095278209
4,3,1,2.3746795654296875,1,2.5108489990234375,1,0.36327996850013733,0.2766127586364746,-46.02592849731445,139.97921752929688,40.3065185546875,1,0.21552632749080658,0.36898037791252136,-96.97940826416016,123.14226531982422,34.178348541259766,1,-1.1611090898513794,30.677350997924805,640.810302734375,0.5036638379096985,0.4418850243091583,0.432172566652298,1,-67.86956787109375,32.73265075683594,642.0375366210938,0.6432872414588928,0.43763619661331177,0.44280290603637695,60999088921,2095286542
4,3,1,2.4527130126953125,1,2.466888427734375,1,0.36126258969306946,0.3569217026233673,-46.721641540527344,125.34034729003906,34.97836685180664,1,0.20440396666526794,0.3484766483306885,-100.81501770019531,126.87973022460938,35.53867721557617,1,-1.1198153495788574,30.577434539794922,640.73291015625,0.5035776495933533,0.44208309054374695,0.4319906532764435,1,-67.83931732177734,32.624298095703125,642.18603515625,0.6431876420974731,0.43788233399391174,0.4431008994579315,60999097255,2095294876
4,3,1,2.444915771484375,1,2.487762451171875,1,0.36411890387535095,0.35866713523864746,-45.736610412597656,125.02218627929688,34.862552642822266,1,0.21748971939086914,0.37054845690727234,-96.30232238769531,122.85643005371094,34.074310302734375,1,-1.0719268321990967,30.58049201965332,640.551513671875,0.5034778714179993,0.4420528709888458,0.43159738183021545,1,-67.78279876708984,32.64457702636719,641.9171752929688,0.6431365609169006,0.4378030300140381,0.44251111149787903,60999105588,2095303209
4,3,1,2.4555511474609375,1,2.512451171875,1,0.3646264672279358,0.3605940043926239,-45.561588287353516,124.67094421386719,34.73476791381836,1,0.23144808411598206,0.37301063537597656,-91.48871612548828,122.4076156616211,33.91093444824219,1,-1.0307292938232422,30.63051986694336,640.1429443359375,0.5033928155899048,0.44189462065696716,0.43071767687797546,1,-67.7331314086914,32.742610931396484,641.8466796875,0.643049955368042,0.43758925795555115,0.44236186146736145,60999113921,2095311542
4,3,1,2.4610443115234375,1,2.520050048828125,1,0.35841718316078186,0.3347117602825165,-47.702877044677734,129.38880920410156,36.451908111572266,1,0.22215506434440613,0.3620891273021698,-94.69346618652344,124.3984146118164,34.63553237915039,1,-0.96734619140625,30.43735122680664,640.450439453125,0.5032587051391602,0.4423381984233856,0.4313580095767975,1,-67.6533203125,32.5295524597168,641.6664428710938,0.6429291367530823,0.4380080997943878,0.441924512386322,60999122255,2095319876
4,3,1,2.4257965087890625,1,2.507568359375,1,0.3583124876022339,0.31788206100463867,-47.738983154296875,132.45655822753906,37.5684928894043,1,0.21377919614315033,0.35604777932167053,-97.58192443847656,125.4996337890625,35.03639602661133,1,-0.9060024619102478,30.66897201538086,640.4839477539062,0.5031291246414185,0.44185978174209595,0.43146243691444397,1,-67.60162353515625,32.79534149169922,641.6644287109375,0.6428205370903015,0.43745437264442444,0.44194668531417847,60999130588,2095328209
4,3,1,2.445953369140625,1,2.5328826904296875,1,0.3710210621356964,0.3247995376586914,-43.356380462646484,131.1956329345703,37.10952377319336,1,0.24429823458194733,0.39450451731681824,-87.05730438232422,118.48966979980469,32.48489761352539,1,-0.8452777862548828,30.497941970825195,640.1346435546875,0.5030030012130737,0.4421704113483429,0.43068090081214905,1,-67.54055786132812,32.674434661865234,641.654541015625,0.6426960229873657,0.4377049505710602,0.44189414381980896,60999138923,2095336544
4,3,1,2.417022705078125,1,2.4991302490234375,1,0.359652042388916,0.33323371410369873,-47.277034759521484,129.6582489013672,36.54991912841797,1,0.21694836020469666,0.3606398403644562,-96.489013671875,124.66258239746094,34.7317008972168,1,-0.7844384908676147,30.493350982666016,640.0328369140625,0.5028753876686096,0.44216665625572205,0.430459201335907,1,-67.47209167480469,32.679603576660156,641.4240112304688,0.6426102519035339,0.43766236305236816,0.44138211011886597,60999147257,2095344878
4,3,1,2.4381866455078125,1,2.50714111328125,1,0.35310593247413635,0.3568161725997925,-49.53448486328125,125.35955810546875,34.98541259765625,1,0.22925631701946259,0.3620217442512512,-92.24456787109375,124.41068267822266,34.640045166015625,1,-0.7314555048942566,30.613576889038086,640.14501953125,0.5027632713317871,0.4419308006763458,0.4307189881801605,1,-67.39543151855469,32.7562255859375,641.25390625,0.6424919962882996,0.4374791979789734,0.441008985042572,60999155590,2095353211
4,3,1,2.4421234130859375,1,2.5167694091796875,1,0.36155855655670166,0.3284909725189209,-46.61956024169922,130.5227508544922,36.864646911621094,1,0.2287863940000534,0.3724159598350525,-92.40662384033203,122.5160140991211,33.95041275024414,1,-0.6622589230537415,30.435335159301758,640.0567626953125,0.5026183724403381,0.44229111075401306,0.43050286173820496,1,-67.33779907226562,32.66368865966797,641.2550048828125,0.642371654510498,0.43767234683036804,0.4409851133823395,60999163923,2095361544
4,3,1,2.442596435546875,1,2.5283660888671875,1,0.3617980182170868,0.3726251721382141,-46.5369873046875,122.4778823852539,33.9365348815918,1,0.23037071526050568,0.36155664920806885,-91.86026763916016,124.49547576904297,34.67084884643555,1,-0.6104362607002258,30.572973251342773,639.7607421875,0.5025097727775574,0.44196489453315735,0.42987948656082153,1,-67.317626953125,32.76206970214844,641.386474609375,0.6422964930534363,0.43748563528060913,0.441278338432312,60999172257,2095369878
4,3,1,2.426300048828125,1,2.5171966552734375,1,0.35555794835090637,0.33724698424339294,-48.68889617919922,128.9266815185547,36.28372573852539,1,0.24435190856456757,0.3491661846637726,-87.03878784179688,126.75402069091797,35.49291229248047,1,-0.56781005859375,30.4876651763916,639.7285766601562,0.5024203062057495,0.44213879108428955,0.4297977685928345,1,-67.25210571289062,32.7089729309082,641.2494506835938,0.6421937346458435,0.43757736682891846,0.44096043705940247,60999180590,2095378211
4,3,1,2.4470367431640625,1,2.53863525390625,1,0.3603426218032837,0.32440251111984253,-47.03889465332031,131.26800537109375,37.13587188720703,1,0.23216897249221802,0.3593977689743042,-91.24012756347656,124.88899993896484,34.814109802246094,1,-0.5333477258682251,30.42391586303711,639.7516479492188,0.5023478269577026,0.44227495789527893,0.42983901500701904,1,-67.18116760253906,32.66405487060547,640.9273681640625,0.6421254873275757,0.4376263916492462,0.44024327397346497,60999188923,2095386544
4,3,1,2.446990966796875,1,2.5667724609375,1,0.36861708760261536,0.35472428798675537,-44.185394287109375,125.74089813232422,35.12413787841797,1,0.2377491444349289,0.372993141412735,-89.3157730102539,122.41079711914062,33.912139892578125,1,-0.494210422039032,30.51111602783203,639.5477905273438,0.5022656917572021,0.4420660436153412,0.4294087290763855,1,-67.15251922607422,32.72769546508789,640.8746337890625,0.6420783996582031,0.4374864101409912,0.440132200717926,60999197257,2095394878
4,3,1,2.5111541748046875,1,2.52587890625,1,0.34930625557899475,0.3892824053764343,-50.84482955932617,119.44158172607422,32.83137130737305,1,0.21277230978012085,0.36036503314971924,-97.92916107177734,124.71269226074219,34.74993133544922,1,-0.5079609155654907,30.372333526611328,639.5706176757812,0.5022948384284973,0.4423588216304779,0.42943912744522095,1,-67.14070129394531,32.61604309082031,640.7971801757812,0.6420732736587524,0.4377084970474243,0.43994632363319397,60999205590,2095403211
4,3,1,2.4551849365234375,1,2.515625,1,0.3324125111103058,0.33386045694351196,-56.67070770263672,129.54400634765625,36.50835037231445,1,0.18830326199531555,0.37325987219810486,-106.36741638183594,122.36216735839844,33.89447784423828,1,-0.5139375925064087,30.41141128540039,639.60498046875,0.5023073554039001,0.44228172302246094,0.42951899766921997,1,-67.10368347167969,32.654579162597656,640.5737915039062,0.6420510411262512,0.4375971555709839,0.4394616186618805,60999213923,2095411544
4,3,1,2.42730712890625,1,2.5369720458984375,1,0.33414092659950256,0.3418666422367096,-56.074649810791016,128.08460998535156,35.97723388671875,1,0.20487914979457855,0.3655410706996918,-100.65113830566406,123.76917266845703,34.40653991699219,1,-0.4708075523376465,30.366291046142578,639.457763671875,0.5022168755531311,0.44235658645629883,0.429193377494812,1,-67.09381103515625,32.61735534667969,640.6680908203125,0.6420071125030518,0.4376879334449768,0.439657598733902,60999222257,2095419878
4,3,1,2.4783172607421875,1,2.5639495849609375,1,0.3341548442840576,0.38624125719070435,-56.06985855102539,119.99589538574219,33.033199310302734,1,0.22321438789367676,0.4052879810333252,-94.3281478881836,116.5240249633789,31.769521713256836,1,-0.41396570205688477,30.357589721679688,639.4130249023438,0.5020972490310669,0.4423689842224121,0.429095059633255,1,-67.08503723144531,32.61474609375,640.8780517578125,0.6419368982315063,0.4377225339412689,0.44010818004608154,60999230590,2095428211
4,3,1,2.434967041015625,1,2.5293426513671875,1,0.34208571910858154,0.3348774313926697,-53.33485412597656,129.35861206054688,36.4409065246582,1,0.210934579372406,0.3732491433620453,-98.56289672851562,122.3641357421875,33.895145416259766,1,-0.3867964744567871,30.368518829345703,639.4127197265625,0.5020400881767273,0.4423461854457855,0.4290958642959595,1,-67.04582977294922,32.6632194519043,640.932373046875,0.6418412327766418,0.4376290738582611,0.4402236342430115,60999238923,2095436544
4,3,1,2.4856414794921875,1,2.5522613525390625,1,0.3461190462112427,0.3886614441871643,-51.94394302368164,119.55474090576172,32.872623443603516,1,0.20731452107429504,0.36623725295066833,-99.81128692626953,123.64228057861328,34.36033248901367,1,-0.3567875623703003,30.350154876708984,639.322265625,0.5019770860671997,0.4423726499080658,0.42889708280563354,1,-66.97006225585938,32.60697555541992,640.6817016601562,0.6417449712753296,0.4377117156982422,0.43965771794319153,60999247257,2095444878
4,3,1,2.4155426025390625,1,2.5503082275390625,1,0.3453197479248047,0.314882755279541,-52.21958923339844,133.00326538085938,37.767494201660156,1,0.20457716286182404,0.37411636114120483,-100.75528717041016,122.20606231689453,33.837608337402344,1,-0.3059454560279846,30.37677001953125,639.23291015625,0.5018699169158936,0.44230538606643677,0.4287068247795105,1,-66.90914916992188,32.67057418823242,640.5081787109375,0.6416601538658142,0.43755507469177246,0.43927890062332153,60999255590,2095453211
4,3,1,2.4792022705078125,1,2.5544586181640625,1,0.3317418694496155,0.3418678343296051,-56.90198516845703,128.0843963623047,35.97713851928711,1,0.21889205276966095,0.36305734515190125,-95.8187255859375,124.221923828125,34.571285247802734,1,-0.2389170229434967,30.371259689331055,639.2437744140625,0.5017287731170654,0.44231846928596497,0.42872950434684753,1,-66.88284301757812,32.670780181884766,640.5733032226562,0.6415889859199524,0.4375637173652649,0.43941357731819153,60999263923,2095461544
4,3,1,2.4650726318359375,1,2.5775299072265625,1,0.3311842978000641,0.33039823174476624,-57.09425735473633,130.1750946044922,36.73807907104492,1,0.21880145370960236,0.3791195750236511,-95.84996795654297,121.29405212402344,33.505680084228516,1,-0.18494528532028198,30.37710189819336,639.255859375,0.5016149878501892,0.4423079788684845,0.42875659465789795,1,-66.84033203125,32.716094970703125,640.697265625,0.6414692997932434,0.43748655915260315,0.43967801332473755,60999272260,2095469881
1,5,1,2.4589385986328125,1,2.5440826416015625,1,0.3415283262729645,0.35015779733657837,-53.527076721191406,126.57328796386719,35.4271125793457,1,0.207337886095047,0.36346036195755005,-99.8032455444336,124.14848327636719,34.544551849365234,1,-0.15660887956619263,30.485034942626953,639.188232421875,0.5015551447868347,0.44207364320755005,0.42862468957901,1,-66.79539489746094,32.80299758911133,640.6465454101562,0.641387403011322,0.43729835748672485,0.43957120180130005,60999280593,2095478214
1,5,1,2.49176025390625,1,2.566497802734375,1,0.34361064434051514,0.39161089062690735,-52.8089714050293,119.01712799072266,32.676918029785156,1,0.2203446924686432,0.3630392551422119,-95.31777954101562,124.22523498535156,34.57246398925781,1,-0.11618001759052277,30.54327392578125,639.096435546875,0.5014699697494507,0.4419398605823517,0.42843350768089294,1,-66.70809936523438,32.862667083740234,640.514404296875,0.6412370204925537,0.4371555745601654,0.43927520513534546,60999288926,2095486547
1,5,1,2.4619293212890625,1,2.5543060302734375,1,0.3321285843849182,0.3401123583316803,-56.768611907958984,128.4043731689453,36.09363555908203,1,0.20845213532447815,0.3819012939929962,-99.41897583007812,120.78699493408203,33.321102142333984,1,-0.044359348714351654,30.54883575439453,638.9727172851562,0.501318633556366,0.4419119954109192,0.42816585302352905,1,-66.68196105957031,32.89966583251953,640.5540771484375,0.6411724090576172,0.4370839595794678,0.4393603801727295,60999297260,2095494881
1,5,1,2.46551513671875,1,2.5503082275390625,1,0.34574732184410095,0.33612626791000366,-52.072139739990234,129.13099670410156,36.3580322265625,1,0.2158232033252716,0.3938921391963959,-96.87703704833984,118.60131072998047,32.52555847167969,1,0.006854133680462837,30.617034912109375,639.1650390625,0.5012103915214539,0.44179511070251465,0.4285924434661865,1,-66.63760375976562,33.018280029296875,640.5625,0.6410769820213318,0.4368378221988678,0.43938586115837097,60999305593,2095503214
1,5,1,2.46405029296875,1,2.5336761474609375,1,0.3444279432296753,0.36077773571014404,-52.527130126953125,124.63745880126953,34.7225456237793,1,0.21217738091945648,0.36729949712753296,-98.13431549072266,123.44864654541016,34.28986358642578,1,0.05067579075694084,30.480791091918945,639.199951171875,0.5011184215545654,0.4420844316482544,0.428649365901947,1,-66.56776428222656,32.84918212890625,640.5192260742188,0.6409422159194946,0.4371846914291382,0.43925249576568604,60999313926,2095511547
1,5,1,2.4688720703125,1,2.521392822265625,1,0.34565362334251404,0.365887850522995,-52.10444641113281,123.70597839355469,34.38352584838867,1,0.19935300946235657,0.36055245995521545,-102.55685424804688,124.67852020263672,34.737525939941406,1,0.09426187723875046,30.686473846435547,639.2210083007812,0.5010261535644531,0.441657692193985,0.42872354388237,1,-66.49769592285156,33.06538772583008,640.4163208007812,0.6408199667930603,0.43671929836273193,0.43904632329940796,60999322260,2095519881
1,5,1,2.4605712890625,1,2.535430908203125,1,0.3373833894729614,0.3624785244464874,-54.95648193359375,124.32745361328125,34.609657287597656,1,0.20191052556037903,0.3643026053905487,-101.67489624023438,123.99492645263672,34.48871612548828,1,0.13714417815208435,30.528465270996094,639.007568359375,0.5009360909461975,0.44195953011512756,0.42823871970176697,1,-66.47923278808594,32.93145751953125,640.5602416992188,0.6407464742660522,0.4370189309120178,0.43933331966400146,60999330593,2095528214
1,5,1,2.45965576171875,1,2.54156494140625,1,0.33579757809638977,0.3753454089164734,-55.50334167480469,121.9820327758789,33.75606918334961,1,0.2117561250925064,0.36218127608299255,-98.27959442138672,124.38159942626953,34.62946701049805,1,0.18115632236003876,30.511001586914062,639.0755615234375,0.500843346118927,0.44200512766838074,0.4283837378025055,1,-66.44337463378906,32.905487060546875,640.4754638671875,0.640692412853241,0.4370613396167755,0.43913865089416504,60999338926,2095536547
1,5,1,2.4743499755859375,1,2.5532989501953125,1,0.3343106806278229,0.3425849974155426,-56.01612091064453,127.95367431640625,35.929527282714844,1,0.22976797819137573,0.3726159334182739,-92.06812286376953,122.47957611083984,33.937137603759766,1,0.22372643649578094,30.59544563293457,639.2220458984375,0.5007535219192505,0.44184818863868713,0.428713321685791,1,-66.43365478515625,33.0656623840332,640.7313232421875,0.6406086087226868,0.43676307797431946,0.43971186876296997,60999347258,2095544879
1,5,1,2.4231719970703125,1,2.537017822265625,1,0.33692553639411926,0.3231525719165802,-55.11436462402344,131.49583435058594,37.21882247924805,1,0.21826013922691345,0.3805310130119324,-96.03665161132812,121.03678131103516,33.41202926635742,1,0.252480685710907,30.36756706237793,639.267822265625,0.5006934404373169,0.44233033061027527,0.42878127098083496,1,-66.37378692626953,32.83747863769531,640.6175537109375,0.6405122876167297,0.43722325563430786,0.4394199550151825,60999355593,2095553214
1,5,1,2.4561309814453125,1,2.5394134521484375,1,0.3442756235599518,0.3656121492385864,-52.57966232299805,123.75623321533203,34.401817321777344,1,0.20610982179641724,0.3776562213897705,-100.22674560546875,121.5608139038086,33.60272216796875,1,0.26949235796928406,30.494232177734375,639.2230224609375,0.5006572604179382,0.44205987453460693,0.42870137095451355,1,-66.34158325195312,32.910972595214844,640.5655517578125,0.640457272529602,0.43706268072128296,0.4393114149570465,60999363926,2095561547
1,5,1,2.4286651611328125,1,2.5128326416015625,1,0.34734007716178894,0.3558737635612488,-51.522865295410156,125.53135681152344,35.04792404174805,1,0.20363368093967438,0.36991092562675476,-101.08065032958984,122.97261810302734,34.11665725708008,1,0.2851715087890625,30.51410675048828,639.2784423828125,0.5006242990493774,0.44202572107315063,0.4288245141506195,1,-66.32746887207031,32.93394470214844,640.6263427734375,0.6404128074645996,0.4370232820510864,0.43944278359413147,60999372258,2095569879
1,5,1,2.4651641845703125,1,2.5040283203125,1,0.3521682322025299,0.37785378098487854,-49.85786056518555,121.52479553222656,33.58964157104492,1,0.20988571643829346,0.3753119111061096,-98.92461395263672,121.9881362915039,33.758277893066406,1,0.29838621616363525,30.31405258178711,639.2689208984375,0.500596821308136,0.4424423277378082,0.428776353597641,1,-66.30894470214844,32.72607421875,640.5726318359375,0.640388011932373,0.43744951486587524,0.43929269909858704,60999380593,2095578214
1,5,1,2.460113525390625,1,2.55706787109375,1,0.34574347734451294,0.36025869846343994,-52.073455810546875,124.7320556640625,34.75699996948242,1,0.2141369879245758,0.3965305685997009,-97.45854949951172,118.12037658691406,32.35047912597656,1,0.29557353258132935,30.549854278564453,639.1873779296875,0.5006021857261658,0.44193902611732483,0.42863187193870544,1,-66.30145263671875,32.99033737182617,640.573486328125,0.6403709650039673,0.4368983507156372,0.4393310546875,60999388926,2095586547
1,5,1,2.479644775390625,1,2.5171966552734375,1,0.34492379426956177,0.36136722564697266,-52.35614013671875,124.5300064086914,34.683441162109375,1,0.1961067169904709,0.36349502205848694,-103.67634582519531,124.14215087890625,34.542274475097656,1,0.3119765520095825,30.232450485229492,639.2698974609375,0.5005683302879333,0.44261297583580017,0.4287673234939575,1,-66.2853012084961,32.672428131103516,640.5203857421875,0.6403516530990601,0.4375542104244232,0.4391670525074005,60999397260,2095594881
1,5,1,2.4522857666015625,1,2.541656494140625,1,0.34584787487983704,0.3467870354652405,-52.03746032714844,127.18769836425781,35.65079116821289,1,0.21385954320430756,0.38654881715774536,-97.5542221069336,119.9398422241211,33.01279830932617,1,0.30584219098091125,30.43328094482422,639.2234497070312,0.5005807876586914,0.44218727946281433,0.42869409918785095,1,-66.28671264648438,32.88338851928711,640.4957885742188,0.64035964012146,0.4371106028556824,0.4391447603702545,60999405597,2095603218
1,5,1,2.4344329833984375,1,2.5551605224609375,1,0.34399840235710144,0.33118483424186707,-52.67525863647461,130.03170776367188,36.685916900634766,1,0.20473620295524597,0.37005117535591125,-100.70044708251953,122.94708251953125,34.10730743408203,1,0.2926552891731262,30.401214599609375,639.189697265625,0.5006086826324463,0.4422498047351837,0.428616464138031,1,-66.29360961914062,32.858741760253906,640.413818359375,0.6403942704200745,0.4371505677700043,0.438965767621994,60999413930,2095611551
1,5,1,2.4650115966796875,1,2.5424652099609375,1,0.3462196886539459,0.3859849274158478,-51.90924072265625,120.04261779785156,33.0501823425293,1,0.2184702754020691,0.3772015869617462,-95.96418762207031,121.64366149902344,33.63294219970703,1,0.2787322402000427,30.344072341918945,639.245361328125,0.5006381273269653,0.4423764944076538,0.42872923612594604,1,-66.33334350585938,32.76630401611328,640.5694580078125,0.6404396891593933,0.4373650848865509,0.439297080039978,60999422261,2095619882
1,5,1,2.4322967529296875,1,2.5411376953125,1,0.3378085196018219,0.35030898451805115,-54.809879302978516,126.54571533203125,35.417118072509766,1,0.20486152172088623,0.38471341133117676,-100.6572265625,120.27439880371094,33.13454055786133,1,0.26552456617355347,30.566387176513672,639.2777099609375,0.500665545463562,0.4419163465499878,0.428830087184906,1,-66.34848022460938,32.99971008300781,640.528076171875,0.6404805183410645,0.43687233328819275,0.43924480676651,60999430597,2095628218
1,5,1,2.4512786865234375,1,2.529327392578125,1,0.3392052948474884,0.3472975790500641,-54.32819366455078,127.09466552734375,35.61685562133789,1,0.2193717509508133,0.3585056960582733,-95.65330505371094,125.05159759521484,34.87331771850586,1,0.2562439739704132,30.362640380859375,639.26806640625,0.5006855130195618,0.4423406720161438,0.428781121969223,1,-66.39326477050781,32.825592041015625,640.7178955078125,0.6405284404754639,0.43726199865341187,0.439639151096344,60999438930,2095636551
1,5,1,2.4692535400390625,1,2.54119873046875,1,0.33353760838508606,0.3881407082080841,-56.28271484375,119.64968872070312,32.90711975097656,1,0.21283558011054993,0.353185772895813,-97.90733337402344,126.0213394165039,35.2262077331543,1,0.2312002182006836,30.51165008544922,639.0420532226562,0.5007378458976746,0.4419993758201599,0.42831116914749146,1,-66.39447784423828,32.90996170043945,640.4620361328125,0.6405933499336243,0.4370502233505249,0.43909952044487,60999447261,2095644882
1,5,1,2.4568939208984375,1,2.531890869140625,1,0.33294478058815,0.37573811411857605,-56.487152099609375,121.91044616699219,33.72999954223633,1,0.20800432562828064,0.38047900795936584,-99.57341003417969,121.04627990722656,33.41542053222656,1,0.21108533442020416,30.54302978515625,638.9965209960938,0.5007801651954651,0.44192779064178467,0.42821669578552246,1,-66.42811584472656,32.96493148803711,640.44384765625,0.6406679749488831,0.43693292140960693,0.43907564878463745,60999455597,2095653218
1,5,1,2.406402587890625,1,2.526824951171875,1,0.33827319741249084,0.3305661976337433,-54.649620056152344,130.14447021484375,36.72695541381836,1,0.2072356641292572,0.36477237939834595,-99.83848571777344,123.90929412841797,34.45758056640625,1,0.18536871671676636,30.367319107055664,638.9971923828125,0.5008347630500793,0.44229498505592346,0.42819398641586304,1,-66.43777465820312,32.816349029541016,640.361572265625,0.6407091021537781,0.4372314512729645,0.43887874484062195,60999463930,2095661551
1,5,1,2.44805908203125,1,2.5404815673828125,1,0.3384125828742981,0.3498198091983795,-54.6015510559082,126.6348876953125,35.44956970214844,1,0.22302637994289398,0.3839200735092163,-94.39299011230469,120.41901397705078,33.187171936035156,1,0.14932650327682495,30.53306007385254,638.73681640625,0.5009102821350098,0.44191405177116394,0.42765185236930847,1,-66.46256256103516,32.96781921386719,640.3433837890625,0.6407647132873535,0.4369126856327057,0.43886691331863403,60999472263,2095669884
1,5,1,2.4365081787109375,1,2.51763916015625,1,0.345913827419281,0.33955514430999756,-52.01470947265625,128.50596618652344,36.130550384521484,1,0.2033490091562271,0.3580775260925293,-101.17882537841797,125.12965393066406,34.901710510253906,1,0.15781010687351227,30.353836059570312,638.895751953125,0.5008928179740906,0.44230976700782776,0.4279720187187195,1,-66.45438385009766,32.80298614501953,640.2305908203125,0.6407760381698608,0.43724098801612854,0.43859782814979553,60999480597,2095678218
1,5,1,2.459503173828125,1,2.5232391357421875,1,0.3638046383857727,0.3367087244987488,-45.84499740600586,129.02481079101562,36.31941223144531,1,0.2290337234735489,0.3514025807380676,-92.32133483886719,126.34637451171875,35.34453582763672,1,0.1830044388771057,30.388580322265625,638.9525756835938,0.5008396506309509,0.44224464893341064,0.428100049495697,1,-66.44738006591797,32.828590393066406,640.2780151367188,0.6407496333122253,0.43719419836997986,0.43870240449905396,60999488930,2095686551
1,5,1,2.43438720703125,1,2.52838134765625,1,0.3631559908390045,0.32232919335365295,-46.06867599487305,131.6459197998047,37.2734375,1,0.22054718434810638,0.33657658100128174,-95.24796295166016,129.04888916015625,36.32817459106445,1,0.16938847303390503,30.358993530273438,638.8847045898438,0.5008684396743774,0.44229748845100403,0.42794880270957947,1,-66.45823669433594,32.81826400756836,640.229736328125,0.6407842636108398,0.43720898032188416,0.438599169254303,60999497263,2095694884
1,5,1,2.467926025390625,1,2.516082763671875,1,0.3599609136581421,0.37971511483192444,-47.170528411865234,121.18550872802734,33.466156005859375,1,0.22324435412883759,0.31996703147888184,-94.31781768798828,132.07650756835938,37.430179595947266,1,0.1450764387845993,30.25600242614746,638.863525390625,0.5009198784828186,0.4425099492073059,0.4278886914253235,1,-66.49934387207031,32.66312789916992,640.3951416015625,0.6408303380012512,0.4375557005405426,0.4389428198337555,60999505597,2095703218
1,5,1,2.4476776123046875,1,2.567718505859375,1,0.36262965202331543,0.35716763138771057,-46.25019836425781,125.2955093383789,34.96208572387695,1,0.22946672141551971,0.36152613162994385,-92.1719970703125,124.50101470947266,34.67295455932617,1,0.1097629964351654,30.308198928833008,638.7491455078125,0.5009941458702087,0.44238564372062683,0.42764773964881897,1,-66.5369644165039,32.730865478515625,640.352783203125,0.6409192085266113,0.4374083876609802,0.438869446516037,60999513930,2095711551
1,5,1,2.426849365234375,1,2.5301361083984375,1,0.362085223197937,0.31905990839004517,-46.43794631958008,132.2418670654297,37.4903450012207,1,0.22391745448112488,0.3439864218235016,-94.08570098876953,127.69822692871094,35.83656311035156,1,0.08947855234146118,30.15148162841797,638.8643798828125,0.5010372400283813,0.4427283704280853,0.42787620425224304,1,-66.56246185302734,32.60179138183594,640.3253784179688,0.6409798264503479,0.4376738965511322,0.43879738450050354,60999522264,2095719885
1,5,1,2.43341064453125,1,2.541534423828125,1,0.36180755496025085,0.32554689049720764,-46.533687591552734,131.0594024658203,37.059959411621094,1,0.24218933284282684,0.35047224164009094,-87.78457641601562,126.51598358154297,35.406246185302734,1,0.0686575248837471,30.177886962890625,638.96533203125,0.501081109046936,0.44268643856048584,0.4280988574028015,1,-66.60343933105469,32.61240768432617,640.305419921875,0.6410706043243408,0.43764886260032654,0.4387650191783905,60999530595,2095728216
1,5,1,2.466705322265625,1,2.552886962890625,1,0.37273654341697693,0.344374418258667,-42.76478958129883,127.62748718261719,35.810829162597656,1,0.2439223974943161,0.34335795044898987,-87.18690490722656,127.81277465820312,35.87826156616211,1,0.04581157863140106,30.19418716430664,638.8858642578125,0.5011292695999146,0.44264185428619385,0.427928626537323,1,-66.62850952148438,32.612083435058594,640.2072143554688,0.6411471962928772,0.4376358389854431,0.43855854868888855,60999538930,2095736551
1,5,1,2.427154541015625,1,2.52703857421875,1,0.3628796637058258,0.31500041484832764,-46.163978576660156,132.98184204101562,37.759681701660156,1,0.22472018003463745,0.3583170473575592,-93.80888366699219,125.08602905273438,34.88574981689453,1,0.02058684453368187,30.138275146484375,638.975830078125,0.501182496547699,0.44277051091194153,0.42811623215675354,1,-66.6446533203125,32.55894470214844,640.1463012695312,0.6411962509155273,0.43773823976516724,0.4384230971336365,60999547262,2095744883
1,5,1,2.46533203125,1,2.54339599609375,1,0.366050660610199,0.38370221853256226,-45.070438385009766,120.45874786376953,33.20158767700195,1,0.23296843469142914,0.3365122973918915,-90.96443176269531,129.0605926513672,36.33249282836914,1,-0.0184322502464056,30.285751342773438,638.67138671875,0.5012645721435547,0.4424220621585846,0.4274758994579315,1,-66.68400573730469,32.64744567871094,640.28662109375,0.6412436962127686,0.43757298588752747,0.438747376203537,60999555595,2095753216
1,5,1,2.4411773681640625,1,2.5261688232421875,1,0.36011233925819397,0.37271976470947266,-47.11831283569336,122.46064758300781,33.930259704589844,1,0.2363594025373459,0.35005518794059753,-89.79503631591797,126.59198760986328,35.433956146240234,1,-0.05238094553351402,30.270950317382812,638.6934814453125,0.5013362169265747,0.44245585799217224,0.42752182483673096,1,-66.70954132080078,32.62944030761719,640.2015380859375,0.6413182020187378,0.43759864568710327,0.4385669231414795,60999563928,2095761549
1,5,1,2.4277801513671875,1,2.5459747314453125,1,0.3701896071434021,0.33070072531700134,-43.64311218261719,130.1199493408203,36.718021392822266,1,0.23621630668640137,0.37039706110954285,-89.84439086914062,122.884033203125,34.0843391418457,1,-0.09554687887430191,30.31784439086914,638.5906372070312,0.5014272332191467,0.44234415888786316,0.42730513215065,1,-66.75040435791016,32.70833206176758,640.1578369140625,0.641414225101471,0.4374277889728546,0.438493013381958,60999572264,2095769885
1,5,1,2.4456329345703125,1,2.569183349609375,1,0.36229610443115234,0.3295650780200958,-46.3652229309082,130.32696533203125,36.79338836669922,1,0.2634974420070648,0.39606773853302,-80.43636322021484,118.20470428466797,32.38125228881836,1,-0.1266140192747116,30.402490615844727,638.8956298828125,0.5014923214912415,0.4422074258327484,0.427978515625,1,-66.80290222167969,32.79383087158203,640.19384765625,0.6415148377418518,0.43725425004959106,0.438594788312912,60999580595,2095778216
1,5,1,2.4769744873046875,1,2.5059967041015625,1,0.3607198894023895,0.349786639213562,-46.908775329589844,126.64094543457031,35.45172882080078,1,0.2424178421497345,0.35584625601768494,-87.70575714111328,125.53636169433594,35.04975891113281,1,-0.16188973188400269,30.420448303222656,638.8841552734375,0.5015666484832764,0.44216832518577576,0.42795610427856445,1,-66.83247375488281,32.788333892822266,640.0953979492188,0.6416010856628418,0.43725189566612244,0.4383881986141205,60999588928,2095786549
1,5,1,2.457427978515625,1,2.546173095703125,1,0.35847267508506775,0.3547959625720978,-47.68375015258789,125.72782135009766,35.119422912597656,1,0.2355888932943344,0.3403538167476654,-90.06074523925781,128.3603515625,36.07762145996094,1,-0.1963912546634674,30.544206619262695,638.9502563476562,0.5016391277313232,0.44191837310791016,0.42811650037765503,1,-66.88226318359375,32.86493682861328,640.339111328125,0.6416448354721069,0.43712592124938965,0.43893617391586304,60999597264,2095794885
5,5,1,2.479766845703125,1,2.566192626953125,1,0.36260196566581726,0.3692461848258972,-46.25973892211914,123.09381103515625,34.16069412231445,1,0.24218422174453735,0.352594256401062,-87.78632354736328,126.12918090820312,35.26540756225586,1,-0.23424240946769714,30.509319305419922,638.6575927734375,0.5017192959785461,0.4419523775577545,0.42747682332992554,1,-66.89808654785156,32.83842086791992,640.2432250976562,0.6417016983032227,0.43716785311698914,0.438728928565979,60999605597,2095803218
5,5,1,2.4891204833984375,1,2.5586090087890625,1,0.3652864098548889,0.3694676160812378,-45.334007263183594,123.0534439086914,34.14601516723633,1,0.2319680154323578,0.369296133518219,-91.3094253540039,123.08470916748047,34.15738296508789,1,-0.27644819021224976,30.51534652709961,638.5213623046875,0.5018085241317749,0.4419216215610504,0.427182137966156,1,-66.94258117675781,32.85070037841797,640.2462158203125,0.6417941451072693,0.4371425211429596,0.4387471079826355,60999613930,2095811551
5,5,1,2.4844207763671875,1,2.5423126220703125,1,0.3719073235988617,0.3710082173347473,-43.050743103027344,122.77262115478516,34.04380798339844,1,0.24152237176895142,0.35226067900657654,-88.01456451416016,126.18997192382812,35.28757095336914,1,-0.32512617111206055,30.528316497802734,638.7015380859375,0.5019108653068542,0.44191837310791016,0.42757487297058105,1,-67.00196838378906,32.849281311035156,640.3031616210938,0.6419044137001038,0.4371533691883087,0.43888309597969055,60999622264,2095819885
5,5,1,2.4759979248046875,1,2.550994873046875,1,0.36149030923843384,0.37926772236824036,-46.64310836791992,121.26707458496094,33.49580001831055,1,0.25281158089637756,0.383003294467926,-84.1214370727539,120.5861587524414,33.24790954589844,1,-0.35969817638397217,30.497600555419922,638.927490234375,0.5019834637641907,0.4420124292373657,0.42806077003479004,1,-67.04283142089844,32.80866241455078,640.306396484375,0.6419892907142639,0.437238484621048,0.43889331817626953,60999630597,2095828218
5,5,1,2.4868011474609375,1,2.5446929931640625,1,0.3620102107524872,0.36769744753837585,-46.46379852294922,123.37611389160156,34.26348114013672,1,0.2331465482711792,0.3749496042728424,-90.90299987792969,122.0541763305664,33.782291412353516,1,-0.3965108394622803,30.50588607788086,638.960693359375,0.5020610094070435,0.4419994354248047,0.428134024143219,1,-67.06073760986328,32.79496765136719,640.152099609375,0.6420650482177734,0.4372454881668091,0.43856242299079895,60999638930,2095836551
5,5,1,2.4518585205078125,1,2.534576416015625,1,0.3611164391040802,0.34233197569847107,-46.772029876708984,127.99979400634766,35.94635009765625,1,0.23207950592041016,0.3442809283733368,-91.2709732055664,127.64453887939453,35.81699752807617,1,-0.42811304330825806,30.4051513671875,638.86083984375,0.5021280646324158,0.44219666719436646,0.4279036819934845,1,-67.10374450683594,32.73119354248047,640.37646484375,0.6420996785163879,0.43740981817245483,0.4390469789505005,60999647263,2095844884
5,5,1,2.437469482421875,1,2.5678558349609375,1,0.35935112833976746,0.3114824593067169,-47.38081359863281,133.62310791015625,37.9930534362793,1,0.2245486080646515,0.3594239354133606,-93.86802673339844,124.88421630859375,34.81235885620117,1,-0.4712684154510498,30.386043548583984,638.8828735351562,0.502219021320343,0.4422394335269928,0.427948921918869,1,-67.14571380615234,32.696372985839844,640.4132080078125,0.6421785950660706,0.43748751282691956,0.439130574464798,60999655597,2095853218
5,5,1,2.46710205078125,1,2.54864501953125,1,0.371531218290329,0.3345297873020172,-43.180442810058594,129.42198181152344,36.4639892578125,1,0.23133330047130585,0.3401448428630829,-91.5283203125,128.39846801757812,36.09143829345703,1,-0.5194231271743774,30.363752365112305,638.8717651367188,0.5023205876350403,0.442284494638443,0.42792171239852905,1,-67.1834945678711,32.665245056152344,640.3594970703125,0.6422712206840515,0.43754491209983826,0.43901872634887695,60999663935,2095861556
5,5,1,2.484100341796875,1,2.5647430419921875,1,0.36775949597358704,0.34685713052749634,-44.48115158081055,127.1749267578125,35.646141052246094,1,0.23627237975597382,0.37723028659820557,-89.8250503540039,121.63845825195312,33.63099670410156,1,-0.5576821565628052,30.3505802154541,638.939208984375,0.5024011135101318,0.442320853471756,0.42806634306907654,1,-67.22807312011719,32.63922119140625,640.3394775390625,0.6423695683479309,0.4375963509082794,0.43898168206214905,60999672268,2095869889
5,5,1,2.4484100341796875,1,2.565643310546875,1,0.36139899492263794,0.311305969953537,-46.674591064453125,133.65528869628906,38.004737854003906,1,0.22794894874095917,0.3484025299549103,-92.69542694091797,126.89322662353516,35.54359817504883,1,-0.603631317615509,30.3782958984375,639.0626831054688,0.502497673034668,0.4422791302204132,0.42833808064460754,1,-67.30535888671875,32.66096115112305,640.4847412109375,0.6424950957298279,0.43757104873657227,0.439315527677536,60999680602,2095878223
5,5,1,2.4564971923828125,1,2.519134521484375,1,0.31391075253486633,0.3185688555240631,-63.05112075805664,132.33139038085938,37.52287673950195,1,0.16367977857589722,0.320125013589859,-114.85892486572266,132.04771423339844,37.41969680786133,1,-0.7941960096359253,30.412456512451172,639.0848388671875,0.5028991103172302,0.44221031665802,0.42839130759239197,1,-67.4492416381836,32.68186569213867,640.7327270507812,0.6427343487739563,0.43756160140037537,0.4398859441280365,60999688935,2095886556
5,5,1,2.388580322265625,1,2.580902099609375,1,0.2520735561847687,0.26126188039779663,-84.37594604492188,142.7773895263672,41.32499694824219,1,0.11278750002384186,0.33370956778526306,-132.4093475341797,129.57150268554688,36.518367767333984,1,-1.0318338871002197,30.50017547607422,639.1507568359375,0.5033994913101196,0.4420353174209595,0.428547203540802,1,-67.62350463867188,32.70364761352539,640.8819580078125,0.6430614590644836,0.4375365972518921,0.44025030732154846,60999697268,2095894889
5,5,1,2.4504852294921875,1,2.552093505859375,1,0.24196334183216095,0.34410399198532104,-87.86249542236328,127.67676544189453,35.82881164550781,1,0.08331321179866791,0.3354337811470032,-142.57369995117188,129.25721740722656,36.40403747558594,1,-1.2299692630767822,30.55982780456543,639.28271484375,0.5038162469863892,0.4419277608394623,0.4288424253463745,1,-67.7852554321289,32.74701690673828,641.3243408203125,0.6432890295982361,0.43750739097595215,0.44124728441238403,60999705602,2095903223
5,5,1,2.438323974609375,1,2.57342529296875,1,0.19813594222068787,0.2988553047180176,-102.9765625,135.9248046875,38.830814361572266,1,0.07134469598531723,0.3593347668647766,-146.70106506347656,124.90046691894531,34.81826400756836,1,-1.299551010131836,30.559717178344727,639.0908813476562,0.503963828086853,0.44190242886543274,0.428426593542099,1,-67.85130310058594,32.774497985839844,641.3800048828125,0.6434130072593689,0.43745774030685425,0.441386342048645,60999713935,2095911556
5,5,1,2.4620819091796875,1,2.5365447998046875,1,0.215533047914505,0.30298593640327454,-96.97709655761719,135.17185974121094,38.5567741394043,1,0.08431641757488251,0.3739458918571472,-142.22772216796875,122.23713684082031,33.84892654418945,1,-1.3349182605743408,30.60297393798828,639.147216796875,0.5040379762649536,0.4418194591999054,0.428554892539978,1,-67.87046813964844,32.81414031982422,641.3978271484375,0.6434484720230103,0.43737757205963135,0.441434770822525,60999722268,2095919889
5,5,1,2.4908294677734375,1,2.5709381103515625,1,0.21745122969150543,0.3258834183216095,-96.31560516357422,130.99806213378906,37.037635803222656,1,0.0772104412317276,0.38724881410598755,-144.67825317382812,119.81224822998047,32.96633529663086,1,-1.3471542596817017,30.634506225585938,639.1699829101562,0.5040635466575623,0.44175657629966736,0.42860862612724304,1,-67.89530944824219,32.823486328125,641.3472900390625,0.6435129046440125,0.4373510181903839,0.44133272767066956,60999730602,2095928223
5,5,1,2.5126953125,1,2.563385009765625,1,0.22203291952610016,0.339743971824646,-94.73558807373047,128.47152709960938,36.118038177490234,1,0.06650345027446747,0.37552452087402344,-148.37060546875,121.94940185546875,33.74413299560547,1,-1.3678945302963257,30.65648651123047,639.1246337890625,0.5041074752807617,0.44170457124710083,0.42851337790489197,1,-67.91604614257812,32.829376220703125,641.273193359375,0.6435747146606445,0.4373283386230469,0.44117844104766846,60999738935,2095936556
5,5,1,2.42364501953125,1,2.5800933837890625,1,0.21835307776927948,0.3076680898666382,-96.00460052490234,134.3184051513672,38.24611282348633,1,0.08178022503852844,0.3905298411846161,-143.1023406982422,119.21418762207031,32.74863815307617,1,-1.387846827507019,30.68033218383789,639.1696166992188,0.5041492581367493,0.44166073203086853,0.42861446738243103,1,-67.95063018798828,32.83092498779297,641.278076171875,0.6436457633972168,0.43732577562332153,0.441197007894516,60999747268,2095944889
5,5,1,2.5070953369140625,1,2.5520172119140625,1,0.21549487113952637,0.3447638154029846,-96.9902572631836,127.5565185546875,35.78497314453125,1,0.07610080391168594,0.38127225637435913,-145.0609130859375,120.90168762207031,33.36279296875,1,-1.4072918891906738,30.688114166259766,639.2481079101562,0.5041897296905518,0.44165483117103577,0.4287857711315155,1,-67.97157287597656,32.81772232055664,641.2152709960938,0.6437053084373474,0.4373444616794586,0.44106432795524597,60999755602,2095953223
5,5,1,2.484588623046875,1,2.538604736328125,1,0.22396157681941986,0.34988701343536377,-94.07048034667969,126.62263488769531,35.44511795043945,1,0.08123372495174408,0.3700466752052307,-143.29080200195312,122.9478988647461,34.10758972167969,1,-1.425437092781067,30.68390655517578,639.2595825195312,0.5042279362678528,0.4416651725769043,0.42881032824516296,1,-68.00157928466797,32.815147399902344,641.2787475585938,0.6437522172927856,0.4373586177825928,0.44120776653289795,60999763935,2095961556
5,5,1,2.4982147216796875,1,2.5591583251953125,1,0.21315287053585052,0.3298172354698181,-97.79791259765625,130.281005859375,36.776634216308594,1,0.08614552021026611,0.3677822947502136,-141.59695434570312,123.36064147949219,34.25786209106445,1,-1.4432904720306396,30.635257720947266,639.2031860351562,0.5042660236358643,0.44175922870635986,0.42868122458457947,1,-68.03276824951172,32.79468536376953,641.39990234375,0.6437870860099792,0.4374180734157562,0.441473126411438,60999772268,2095969889
5,5,1,2.4654693603515625,1,2.5671844482421875,1,0.22246801853179932,0.30448099970817566,-94.5855484008789,134.89935302734375,38.45756149291992,1,0.08589942753314972,0.3707088232040405,-141.68182373046875,122.82719421386719,34.06367874145508,1,-1.4592872858047485,30.606609344482422,639.2259521484375,0.5042996406555176,0.4418220818042755,0.4287267327308655,1,-68.0533218383789,32.77781677246094,641.44189453125,0.6438195705413818,0.4374590218067169,0.44156599044799805,60999780602,2095978223
5,5,1,2.4398040771484375,1,2.527801513671875,1,0.21241749823093414,0.2898506224155426,-98.051513671875,137.56622314453125,39.428218841552734,1,0.07608748972415924,0.3506993353366852,-145.0655059814453,126.47455596923828,35.3912467956543,1,-1.4714235067367554,30.582782745361328,639.2810668945312,0.5043249130249023,0.44187915325164795,0.42884308099746704,1,-68.07596588134766,32.752559661865234,641.4721069335938,0.6438593864440918,0.4375157654285431,0.4416327476501465,60999788935,2095986556
5,5,1,2.4504241943359375,1,2.5893402099609375,1,0.209690123796463,0.3004317879676819,-98.99205017089844,135.63746643066406,38.726173400878906,1,0.09877042472362518,0.3583596348762512,-137.2432098388672,125.07823181152344,34.882991790771484,1,-1.4845279455184937,30.567398071289062,639.2015380859375,0.5043529868125916,0.44190067052841187,0.42866846919059753,1,-68.08634948730469,32.72966003417969,641.33056640625,0.6439166069030762,0.4375438094139099,0.441326379776001,60999797272,2095994893
5,5,1,2.4217681884765625,1,2.544921875,1,0.20731043815612793,0.29629993438720703,-99.81271362304688,136.39060974121094,39.00034713745117,1,0.09477852284908295,0.33869823813438416,-138.61981201171875,128.66217041015625,36.1873779296875,1,-1.5092140436172485,30.547304153442383,639.032958984375,0.5044060349464417,0.44192028045654297,0.428300142288208,1,-68.10144805908203,32.70398712158203,641.2119140625,0.6439781188964844,0.43758076429367065,0.44107016921043396,60999805606,2096003227
5,5,1,2.4481048583984375,1,2.5668182373046875,1,0.2118031531572342,0.3289530277252197,-98.26337432861328,130.43853759765625,36.83399963378906,1,0.10204476118087769,0.36752504110336304,-136.11402893066406,123.40757751464844,34.27482986450195,1,-1.5348386764526367,30.520401000976562,638.9881591796875,0.5044604539871216,0.44197049736976624,0.42819929122924805,1,-68.1204833984375,32.665016174316406,641.2076416015625,0.6440190672874451,0.43766137957572937,0.4410596787929535,60999813939,2096011560
5,5,1,2.446929931640625,1,2.554779052734375,1,0.2147241234779358,0.3324238359928131,-97.25605773925781,129.80584716796875,36.60372543334961,1,0.08193661272525787,0.357530415058136,-143.0484161376953,125.22940063476562,34.937957763671875,1,-1.5622780323028564,30.50030517578125,638.9996337890625,0.5045182108879089,0.4420139789581299,0.42822158336639404,1,-68.14064025878906,32.6522331237793,641.1807861328125,0.6440680027008057,0.43768423795700073,0.4410044848918915,60999822272,2096019893
5,5,1,2.4774322509765625,1,2.5607757568359375,1,0.21445704996585846,0.3433830440044403,-97.34815979003906,127.80819702148438,35.87660217285156,1,0.08328764885663986,0.371927946805954,-142.58248901367188,122.60496520996094,33.98278045654297,1,-1.586488127708435,30.494029998779297,639.0783081054688,0.5045687556266785,0.442037433385849,0.42839157581329346,1,-68.15042877197266,32.6440315246582,641.0386962890625,0.6441241502761841,0.4376815855503082,0.44069889187812805,60999830606,2096028227
5,5,1,2.458587646484375,1,2.5287628173828125,1,0.21838530898094177,0.33441269397735596,-95.99348449707031,129.44332885742188,36.471763610839844,1,0.08020718395709991,0.3607451021671295,-143.64480590820312,124.6434097290039,34.72470474243164,1,-1.6136409044265747,30.49258804321289,639.1798706054688,0.5046253800392151,0.4420538544654846,0.4286118149757385,1,-68.18518829345703,32.64636993408203,641.0782470703125,0.6441869139671326,0.4376821517944336,0.440792441368103,60999838939,2096036560
5,5,1,2.4659881591796875,1,2.5533447265625,1,0.2187359780073166,0.3260841965675354,-95.87255859375,130.96145629882812,37.02431869506836,1,0.0772673562169075,0.3608674705028534,-144.6586151123047,124.62109375,34.716590881347656,1,-1.6438348293304443,30.511676788330078,639.2471923828125,0.5046885013580322,0.44202283024787903,0.42876070737838745,1,-68.22869873046875,32.66335678100586,641.243408203125,0.6442362666130066,0.4376695454120636,0.441161185503006,60999847272,2096044893
5,5,1,2.461456298828125,1,2.5202484130859375,1,0.22120758891105652,0.33141908049583435,-95.02021026611328,129.989013671875,36.67037582397461,1,0.0925646424293518,0.3477126657962799,-139.38328552246094,127.01898193359375,35.58936309814453,1,-1.675274133682251,30.518104553222656,639.1900634765625,0.5047550797462463,0.4420017898082733,0.428637832403183,1,-68.26188659667969,32.6678466796875,641.2245483398438,0.6443103551864624,0.43765753507614136,0.441128671169281,60999855606,2096053227
5,5,1,2.474884033203125,1,2.565765380859375,1,0.2106064110994339,0.36377182602882385,-98.67607879638672,124.0916976928711,34.52389144897461,1,0.1086927056312561,0.3509739339351654,-133.8214569091797,126.42448425292969,35.37303924560547,1,-1.7059167623519897,30.521879196166992,639.0546875,0.5048205852508545,0.4419758915901184,0.42834484577178955,1,-68.30265808105469,32.668128967285156,641.088134765625,0.6444298624992371,0.43763792514801025,0.4408436715602875,60999863939,2096061560
5,5,1,2.4773712158203125,1,2.545928955078125,1,0.20757973194122314,0.35171642899513245,-99.71983337402344,126.28917694091797,35.3237190246582,1,0.08526262640953064,0.3495170474052429,-141.9014434814453,126.69011688232422,35.46955871582031,1,-1.7580633163452148,30.50507354736328,638.9303588867188,0.5049313902854919,0.44199442863464355,0.42807310819625854,1,-68.33734893798828,32.65289306640625,640.8729248046875,0.6445567011833191,0.4376397132873535,0.440385103225708,60999872272,2096069893
5,5,1,2.504669189453125,1,2.5579071044921875,1,0.2171105593442917,0.365308552980423,-96.4330825805664,123.81158447265625,34.42189025878906,1,0.08348303288221359,0.3806830048561096,-142.51513671875,121.00908660888672,33.401893615722656,1,-1.8280428647994995,30.497142791748047,639.1216430664062,0.5050775408744812,0.4420362114906311,0.42848750948905945,1,-68.4020004272461,32.648048400878906,640.986572265625,0.6446631550788879,0.4376654624938965,0.440644234418869,60999880606,2096078227
5,5,1,2.467315673828125,1,2.5218505859375,1,0.19292058050632477,0.3529614210128784,-104.77510833740234,126.0622329711914,35.24113082885742,1,0.057266946882009506,0.41934794187545776,-151.55584716796875,113.96115112304688,30.836692810058594,1,-1.9679926633834839,30.421630859375,638.9862060546875,0.5053736567497253,0.4421757459640503,0.42818403244018555,1,-68.51518249511719,32.627105712890625,641.3580322265625,0.6448060870170593,0.4377604126930237,0.44146835803985596,60999888939,2096086560
5,5,1,2.461029052734375,1,2.5811309814453125,1,0.1621032953262329,0.35389718413352966,-115.40258026123047,125.89165496826172,35.179054260253906,1,0.03060116246342659,0.43265512585639954,-160.7516632080078,111.53550720214844,29.95378875732422,1,-2.1075053215026855,30.365015029907227,639.2548828125,0.50566565990448,0.4423292875289917,0.4287601709365845,1,-68.62193298339844,32.52318572998047,641.183349609375,0.6450737118721008,0.43795254826545715,0.44110107421875,60999897272,2096094893
5,5,1,2.459747314453125,1,2.539825439453125,1,0.16878792643547058,0.38547053933143616,-113.09735107421875,120.13639831542969,33.08427047729492,1,0.04192018881440163,0.42386776208877563,-156.84825134277344,113.13726043701172,30.536861419677734,1,-2.219493865966797,30.32114028930664,638.7691650390625,0.5059058666229248,0.4423566162586212,0.4277012050151825,1,-68.72280883789062,32.47569274902344,641.3030395507812,0.6452544331550598,0.43806788325309753,0.4413754642009735,60999905606,2096103227
5,5,1,2.462066650390625,1,2.53314208984375,1,0.1821283996105194,0.39531731605529785,-108.49683380126953,118.34149932861328,32.43104553222656,1,0.03630796819925308,0.43248942494392395,-158.78366088867188,111.56570434570312,29.964784622192383,1,-2.283691883087158,30.32754135131836,639.1861572265625,0.5060375928878784,0.44239816069602966,0.42860716581344604,1,-68.75833892822266,32.4136962890625,640.95947265625,0.6454159617424011,0.4381495714187622,0.440633624792099,60999913939,2096111560
5,5,1,2.4866485595703125,1,2.527984619140625,1,0.17829906940460205,0.3802722692489624,-109.81739044189453,121.0839614868164,33.42915344238281,1,0.036096978932619095,0.4245626628398895,-158.8563995361328,113.01061248779297,30.490686416625977,1,-2.338393449783325,30.240299224853516,639.0186157226562,0.5061545372009277,0.44255825877189636,0.42823222279548645,1,-68.86407470703125,32.329856872558594,641.215576171875,0.6455723643302917,0.43835946917533875,0.44119831919670105,60999922272,2096119893
5,5,1,2.471893310546875,1,2.5498504638671875,1,0.17384429275989532,0.3707210123538971,-111.35364532470703,122.8249740600586,34.06285858154297,1,0.05627453699707985,0.4182967245578766,-151.89810180664062,114.15276336669922,30.906455993652344,1,-2.42514705657959,30.14138412475586,638.8140869140625,0.5063394904136658,0.4427379071712494,0.42777565121650696,1,-68.94586181640625,32.24736785888672,641.1541137695312,0.6457592248916626,0.4385227560997009,0.44107282161712646,60999930608,2096128229
5,5,1,2.45391845703125,1,2.534271240234375,1,0.18258102238178253,0.38162997364997864,-108.34075164794922,120.83645629882812,33.339141845703125,1,0.03202543780207634,0.46129322052001953,-160.260498046875,106.3152847290039,28.05384635925293,1,-2.5065650939941406,30.129331588745117,639.1282958984375,0.5065082311630249,0.4428041875362396,0.42845630645751953,1,-68.99534606933594,32.13474655151367,640.86376953125,0.6459369659423828,0.4387175440788269,0.44044190645217896,60999938941,2096136562
5,5,1,2.456268310546875,1,2.5256500244140625,1,0.17498773336410522,0.39168280363082886,-110.95933532714844,119.00402069091797,32.67211151123047,1,0.03415609151124954,0.4137727618217468,-159.52574157714844,114.9773941040039,31.20659828186035,1,-2.5582964420318604,30.058650970458984,638.8818359375,0.5066197514533997,0.44291946291923523,0.4279124438762665,1,-69.0757827758789,32.04017639160156,640.9984130859375,0.6460713148117065,0.43893301486968994,0.44073739647865295,60999947274,2096144895
5,5,1,2.46484375,1,2.5333404541015625,1,0.17431335151195526,0.36648091673851013,-111.19188690185547,123.59786987304688,34.344154357910156,1,0.05291912704706192,0.43642356991767883,-153.0552215576172,110.84854888916016,29.70386505126953,1,-2.6258349418640137,29.950904846191406,638.73486328125,0.5067638754844666,0.44312530755996704,0.42757952213287354,1,-69.15347290039062,31.992679595947266,641.0642700195312,0.6462170481681824,0.4390408992767334,0.44089049100875854,60999955608,2096153229
5,5,1,2.44073486328125,1,2.509002685546875,1,0.17421625554561615,0.3690606653690338,-111.22537994384766,123.12762451171875,34.173030853271484,1,0.030581599101424217,0.41378894448280334,-160.75840759277344,114.97443389892578,31.20555305480957,1,-2.694265365600586,29.910764694213867,638.8131103515625,0.5069074630737305,0.44321927428245544,0.4277443289756775,1,-69.18983459472656,31.874242782592773,640.7998046875,0.6463611125946045,0.4392516314983368,0.4403117299079895,60999963941,2096161562
5,5,1,2.456573486328125,1,2.5333404541015625,1,0.1835867315530777,0.3891850411891937,-107.99392700195312,119.45932006835938,32.837852478027344,1,0.036917004734277725,0.42364177107810974,-158.57362365722656,113.17843627929688,30.551877975463867,1,-2.7369561195373535,29.914945602416992,639.1840209960938,0.5069935917854309,0.4432589113712311,0.428550124168396,1,-69.24868774414062,31.816184997558594,640.8681640625,0.6464669108390808,0.4393818974494934,0.440464586019516,60999972274,2096169895
5,5,1,2.4812469482421875,1,2.5178070068359375,1,0.1757654845714569,0.41916847229003906,-110.69110870361328,113.99386596679688,30.848615646362305,1,0.042017463594675064,0.41683295369148254,-156.81471252441406,114.41958618164062,31.00358009338379,1,-2.7782392501831055,29.870712280273438,638.6998291015625,0.5070858001708984,0.44328808784484863,0.42749395966529846,1,-69.3220443725586,31.81125831604004,641.0510864257812,0.646573543548584,0.4394169747829437,0.440875381231308,60999980608,2096178229
5,5,1,2.4720001220703125,1,2.5097808837890625,1,0.17123611271381378,0.3997504413127899,-112.25308990478516,117.53341674804688,32.13691329956055,1,0.045902762562036514,0.41111478209495544,-155.47483825683594,115.46192932128906,31.382888793945312,1,-2.817166805267334,29.84362030029297,638.40625,0.507171094417572,0.4433063268661499,0.426853746175766,1,-69.37206268310547,31.8068790435791,641.0402221679688,0.6466809511184692,0.4394245147705078,0.44086289405822754,60999988941,2096186562
5,5,1,2.4419097900390625,1,2.52392578125,1,0.16940802335739136,0.37827789783477783,-112.88351440429688,121.44747924804688,33.5615234375,1,0.031244663521647453,0.44166475534439087,-160.52976989746094,109.89318084716797,29.35610580444336,1,-2.8506884574890137,29.840015411376953,638.5631713867188,0.5072401762008667,0.44333428144454956,0.42719393968582153,1,-69.38276672363281,31.793960571289062,640.898681640625,0.6467396020889282,0.43943214416503906,0.4405582547187805,60999997274,2096194895
5,5,1,2.4778900146484375,1,2.5483551025390625,1,0.16410823166370392,0.41303208470344543,-114.71116638183594,115.11244201660156,31.255672454833984,1,0.03367311879992485,0.43745601177215576,-159.69229125976562,110.660400390625,29.635250091552734,1,-2.875706911087036,29.840545654296875,638.6756591796875,0.5072916746139526,0.4433478116989136,0.427438348531723,1,-69.38945007324219,31.782115936279297,640.7241821289062,0.6467981934547424,0.43943309783935547,0.440181702375412,61000005607,2096203228
5,5,1,2.4715728759765625,1,2.5208587646484375,1,0.1716899871826172,0.4053034782409668,-112.09657287597656,116.52122497558594,31.76846694946289,1,0.023700382560491562,0.42930448055267334,-163.1314239501953,112.1462631225586,30.17611312866211,1,-2.8970348834991455,29.871252059936523,638.7647705078125,0.5073356628417969,0.4432952105998993,0.427636057138443,1,-69.40409851074219,31.80364227294922,640.7198486328125,0.6468298435211182,0.43938755989074707,0.440178781747818,61000013941,2096211562
5,5,1,2.458587646484375,1,2.5135650634765625,1,0.17628982663154602,0.3881511092185974,-110.51029968261719,119.64778137207031,32.906471252441406,1,0.03339231014251709,0.43077850341796875,-159.7891387939453,111.87757873535156,30.078346252441406,1,-2.907259941101074,29.88442611694336,638.8548583984375,0.5073561072349548,0.4432794153690338,0.42783334851264954,1,-69.42189025878906,31.819856643676758,640.774169921875,0.6468530893325806,0.4393611252307892,0.44030243158340454,61000022274,2096219895
5,5,1,2.4275970458984375,1,2.56097412109375,1,0.17325979471206665,0.38091331720352173,-111.55522155761719,120.96710205078125,33.38663864135742,1,0.04230254516005516,0.43145543336868286,-156.7163848876953,111.75418853759766,30.033405303955078,1,-2.906937837600708,29.873416900634766,638.8663330078125,0.5073553919792175,0.4433038830757141,0.4278567135334015,1,-69.42076110839844,31.825450897216797,640.7744750976562,0.6468506455421448,0.439349502325058,0.4403035044670105,61000030608,2096228229
5,5,1,2.4682159423828125,1,2.524688720703125,1,0.16725142300128937,0.3834153711795807,-113.62722778320312,120.51102447509766,33.220638275146484,1,0.041378721594810486,0.42523249983787537,-157.03497314453125,112.88849639892578,30.446311950683594,1,-2.895111083984375,29.836997985839844,638.8341064453125,0.5073308348655701,0.443375825881958,0.427781879901886,1,-69.41226959228516,31.823680877685547,640.7757568359375,0.6468325257301331,0.4393533766269684,0.440304160118103,61000038941,2096236562
5,5,1,2.4559326171875,1,2.540374755859375,1,0.16295167803764343,0.3816315531730652,-115.1100082397461,120.83617401123047,33.33897399902344,1,0.05003968998789787,0.42584529519081116,-154.04820251464844,112.77682495117188,30.405582427978516,1,-2.877619743347168,29.812633514404297,638.7896728515625,0.5072945356369019,0.44342100620269775,0.42768195271492004,1,-69.40084075927734,31.829710006713867,640.7899169921875,0.6468049883842468,0.43934276700019836,0.44033282995224,61000047274,2096244895
5,5,1,2.4483795166015625,1,2.5166168212890625,1,0.1656578779220581,0.3693081736564636,-114.17676544189453,123.08250427246094,34.15662384033203,1,0.044459935277700424,0.44545695185661316,-155.97239685058594,109.2019271850586,29.10453224182129,1,-2.8680081367492676,29.785846710205078,638.8352661132812,0.50727379322052,0.4434829652309418,0.42777711153030396,1,-69.39591217041016,31.839820861816406,640.9072265625,0.6467646360397339,0.43933767080307007,0.440586119890213,61000055609,2096253230
5,5,1,2.4503021240234375,1,2.5538482666015625,1,0.18038085103034973,0.350787878036499,-109.0994873046875,126.45843505859375,35.38532257080078,1,0.06548631191253662,0.4288533329963684,-148.72137451171875,112.22850036621094,30.206043243408203,1,-2.781625270843506,29.72425651550293,638.9937744140625,0.5070900917053223,0.4436325132846832,0.42811185121536255,1,-69.32099151611328,31.82232093811035,640.7030639648438,0.646660327911377,0.4393464922904968,0.440125972032547,61000063942,2096261563
5,5,1,2.478668212890625,1,2.5702056884765625,1,0.2492036074399948,0.36492669582366943,-85.36566162109375,123.88117980957031,34.4472770690918,1,0.10964614152908325,0.3916529417037964,-133.49264526367188,119.00946044921875,32.67410659790039,1,-2.600389003753662,29.69508171081543,638.90478515625,0.5067090392112732,0.4436822533607483,0.42791324853897095,1,-69.19558715820312,31.807384490966797,640.6714477539062,0.6464061737060547,0.43937355279922485,0.4400268495082855,61000072275,2096269896
5,5,1,2.461273193359375,1,2.52825927734375,1,0.28721898794174194,0.3727964162826538,-72.25588989257812,122.44666290283203,33.92517852783203,1,0.1367930769920349,0.3747699558734894,-124.13092041015625,122.0869140625,33.79425811767578,1,-2.4907429218292236,29.69617462158203,639.3232421875,0.5064738988876343,0.4437345266342163,0.42882040143013,1,-69.07139587402344,31.80424690246582,640.6047973632812,0.6461634039878845,0.439371258020401,0.4398539662361145,61000080609,2096278230
5,5,1,2.464263916015625,1,2.5554962158203125,1,0.2732258439064026,0.3650835454463959,-77.08149719238281,123.85260009765625,34.43684005737305,1,0.11370361596345901,0.4076516628265381,-132.0934295654297,116.09319305419922,31.61267852783203,1,-2.442291736602783,29.605548858642578,639.2586059570312,0.5063726305961609,0.44391554594039917,0.4286675453186035,1,-69.0346908569336,31.789756774902344,640.6123657226562,0.6460847854614258,0.43940263986587524,0.4398598074913025,61000088942,2096286563
5,5,1,2.4794769287109375,1,2.5620269775390625,1,0.28394997119903564,0.35247960686683655,-73.38321685791016,126.15007019042969,35.273048400878906,1,0.12384631484746933,0.39752131700515747,-128.59567260742188,117.93975067138672,32.284828186035156,1,-2.463775634765625,29.525108337402344,639.2805786132812,0.5064178705215454,0.44408637285232544,0.42870455980300903,1,-69.06852722167969,31.748123168945312,640.7216796875,0.6461278200149536,0.4395042657852173,0.4400975704193115,61000097275,2096294896
5,5,1,2.44915771484375,1,2.5440673828125,1,0.2933836281299591,0.3523111939430237,-70.12999725341797,126.18075561523438,35.28428649902344,1,0.1200338825583458,0.3967423439025879,-129.910400390625,118.0817642211914,32.33642578125,1,-2.495591640472412,29.504608154296875,639.381103515625,0.5064839720726013,0.4441421329975128,0.428920179605484,1,-69.10260009765625,31.69233512878418,640.76220703125,0.6461890935897827,0.4396260976791382,0.44018489122390747,61000105609,2096303230
5,5,1,2.4704437255859375,1,2.51129150390625,1,0.28708720207214355,0.3945959806442261,-72.30133819580078,118.47300720214844,32.47883224487305,1,0.115871861577034,0.3935205936431885,-131.34568786621094,118.66902923583984,32.550209045410156,1,-2.5026955604553223,29.49693489074707,639.516845703125,0.5064976215362549,0.4441756308078766,0.42921367287635803,1,-69.12722778320312,31.661113739013672,640.88427734375,0.6462095975875854,0.4397076964378357,0.44044944643974304,61000113942,2096311563
5,5,1,2.43817138671875,1,2.5198822021484375,1,0.27664870023727417,0.38752952218055725,-75.90110778808594,119.76107788085938,32.94771957397461,1,0.12908819317817688,0.40663790702819824,-126.7879867553711,116.27798461914062,31.67990493774414,1,-2.5245862007141113,29.463905334472656,639.5520629882812,0.5065434575080872,0.44424912333488464,0.42928585410118103,1,-69.17363739013672,31.649126052856445,641.0020751953125,0.6462766528129578,0.439748615026474,0.44071269035339355,61000122275,2096319896
5,5,1,2.441680908203125,1,2.5329132080078125,1,0.2746063470840454,0.37182244658470154,-76.60540771484375,122.62419891357422,33.98978805541992,1,0.11839460581541061,0.40580320358276367,-130.47572326660156,116.43013000488281,31.735315322875977,1,-2.5727899074554443,29.42285919189453,639.642822265625,0.5066441297531128,0.4443463981151581,0.429477721452713,1,-69.2243881225586,31.620269775390625,640.9910888671875,0.6463856101036072,0.4398071765899658,0.440696656703949,61000130608,2096328229
5,5,1,2.428924560546875,1,2.5847320556640625,1,0.27632179856300354,0.3507693409919739,-76.01383972167969,126.46180725097656,35.38656997680664,1,0.132551372051239,0.4245773255825043,-125.59368896484375,113.0079345703125,30.489744186401367,1,-2.6327974796295166,29.408157348632812,639.7549438476562,0.5067693591117859,0.4443914294242859,0.42971959710121155,1,-69.25532531738281,31.604122161865234,640.8807983398438,0.646478533744812,0.4398258328437805,0.440463662147522,61000138942,2096336563
5,5,1,2.4429473876953125,1,2.5529632568359375,1,0.2827475070953369,0.3447522222995758,-73.79789733886719,127.55860900878906,35.78578567504883,1,0.13415107131004333,0.4122789204120636,-125.04202270507812,115.24969482421875,31.30570411682129,1,-2.7029504776000977,29.349027633666992,639.7653198242188,0.5069170594215393,0.44451603293418884,0.42973485589027405,1,-69.34815979003906,31.596961975097656,641.3023071289062,0.6465649604797363,0.43989765644073486,0.44139325618743896,61000147275,2096344896
5,5,1,2.4404449462890625,1,2.5477294921875,1,0.2915618419647217,0.340640127658844,-70.75823974609375,128.3081817626953,36.05857849121094,1,0.13380743563175201,0.41982337832450867,-125.16053009033203,113.87449645996094,30.805139541625977,1,-2.762815237045288,29.3411922454834,639.8662719726562,0.5070420503616333,0.4445452392101288,0.429953396320343,1,-69.406982421875,31.575031280517578,641.2081298828125,0.6467119455337524,0.4399304986000061,0.4412005841732025,61000155608,2096353229
5,5,1,2.408050537109375,1,2.5564727783203125,1,0.2753506302833557,0.3293575644493103,-76.34874725341797,130.3647918701172,36.807125091552734,1,0.12695032358169556,0.41912269592285156,-127.5252456665039,114.0022201538086,30.85163116455078,1,-2.8432679176330566,29.373851776123047,640.1486206054688,0.5072082877159119,0.4445131719112396,0.43057116866111755,1,-69.45057678222656,31.561006546020508,640.95556640625,0.6468677520751953,0.4399254620075226,0.4406638741493225,61000163942,2096361563
5,5,1,2.38958740234375,1,2.5693511962890625,1,0.2718919515609741,0.33974966406822205,-77.54150390625,128.47052001953125,36.117637634277344,1,0.1406049132347107,0.42658156156539917,-122.81639099121094,112.64258575439453,30.356781005859375,1,-2.9393694400787354,29.344011306762695,639.8863525390625,0.507413387298584,0.4445416033267975,0.42999890446662903,1,-69.5858154296875,31.57883071899414,641.4144287109375,0.6470327377319336,0.4399501383304596,0.4416874051094055,61000172275,2096369896
5,5,1,2.4576263427734375,1,2.5201263427734375,1,0.2809148132801056,0.35932499170303345,-74.42992401123047,124.90225219726562,34.8189582824707,1,0.12518544495105743,0.41568583250045776,-128.1338653564453,114.62870788574219,31.079614639282227,1,-3.020359992980957,29.36724853515625,640.3271484375,0.5075787305831909,0.4445495307445526,0.4309592843055725,1,-69.66647338867188,31.5549373626709,641.4459228515625,0.647193193435669,0.44000399112701416,0.4417707324028015,61000180608,2096378229
5,5,1,2.439666748046875,1,2.523956298828125,1,0.28496989607810974,0.3543815314769745,-73.03150177001953,125.80339813232422,35.14685821533203,1,0.12385375797748566,0.4153480529785156,-128.5930938720703,114.69025421142578,31.10209846496582,1,-3.130619525909424,29.341968536376953,640.1668701171875,0.5078125596046448,0.4445814788341522,0.43060925602912903,1,-69.76734924316406,31.513700485229492,641.6199951171875,0.6473594307899475,0.4401131868362427,0.44216388463974,61000188947,2096386568
5,5,1,2.4434661865234375,1,2.535247802734375,1,0.27535465359687805,0.37751510739326477,-76.34736633300781,121.5865478515625,33.612064361572266,1,0.13423869013786316,0.42139822244644165,-125.01181030273438,113.58741760253906,30.7006893157959,1,-3.2125256061553955,29.351272583007812,640.31298828125,0.5079830288887024,0.44458067417144775,0.43092837929725647,1,-69.87973022460938,31.502607345581055,641.7355346679688,0.6475644111633301,0.4401516616344452,0.44243761897087097,61000197280,2096394901
5,5,1,2.424560546875,1,2.5430145263671875,1,0.27825814485549927,0.37185829877853394,-75.34607696533203,122.61766052246094,33.9874382019043,1,0.1298191100358963,0.4308091998100281,-126.53592681884766,111.87197875976562,30.07628059387207,1,-3.332629442214966,29.33942413330078,640.3690185546875,0.5082349181175232,0.4446122944355011,0.43104976415634155,1,-69.97599792480469,31.46420669555664,641.7263793945312,0.6477679014205933,0.44023022055625916,0.44243481755256653,61000205613,2096403234
5,5,1,2.408447265625,1,2.518585205078125,1,0.2737562358379364,0.3789529800415039,-76.89857482910156,121.32443237304688,33.516727447509766,1,0.12834376096725464,0.3934064507484436,-127.04470825195312,118.68980407714844,32.557838439941406,1,-3.4306840896606445,29.31842041015625,640.4470825195312,0.5084401369094849,0.44466593861579895,0.4312174916267395,1,-70.09814453125,31.43376922607422,641.93359375,0.6479695439338684,0.44032129645347595,0.442905992269516,61000213947,2096411568
5,5,1,2.4171142578125,1,2.5703277587890625,1,0.27465277910232544,0.3682878017425537,-76.58939361572266,123.26850891113281,34.224300384521484,1,0.13611559569835663,0.40046122670173645,-124.36457061767578,117.40386962890625,32.089744567871094,1,-3.5436248779296875,29.269386291503906,640.4692993164062,0.5086774230003357,0.44477081298828125,0.43126049637794495,1,-70.18963623046875,31.378328323364258,641.855224609375,0.6481809616088867,0.44042596220970154,0.44275060296058655,61000222280,2096419901
5,5,1,2.4333343505859375,1,2.5294342041015625,1,0.2867131531238556,0.3530564606189728,-72.43033599853516,126.044921875,35.23476791381836,1,0.13641086220741272,0.40567946434020996,-124.26272583007812,116.45268249511719,31.74349021911621,1,-3.654567003250122,29.19500732421875,640.6383666992188,0.5089084506034851,0.4449472427368164,0.43161872029304504,1,-70.32032775878906,31.313392639160156,642.0726318359375,0.6483978033065796,0.4405900835990906,0.44324102997779846,61000230613,2096428234
5,5,1,2.388580322265625,1,2.51959228515625,1,0.2745610177516937,0.33976009488105774,-76.62104034423828,128.46859741210938,36.11696243286133,1,0.13284291326999664,0.3876471221446991,-125.49314880371094,119.7396469116211,32.939849853515625,1,-3.7587451934814453,29.159021377563477,640.66943359375,0.5091270804405212,0.4450260102748871,0.43168267607688904,1,-70.4276123046875,31.25298500061035,642.0971069335938,0.6486155390739441,0.4407188594341278,0.44331055879592896,61000238947,2096436568
5,5,1,2.40655517578125,1,2.5326995849609375,1,0.29084229469299316,0.3666234314441681,-71.0063705444336,123.57189178466797,34.33469009399414,1,0.14328321814537048,0.3916904628276825,-121.89276123046875,119.00261688232422,32.67164993286133,1,-3.8730850219726562,29.14881134033203,640.7701416015625,0.5093659162521362,0.4450599253177643,0.431901216506958,1,-70.53294372558594,31.20806121826172,642.0735473632812,0.6488415002822876,0.4408090114593506,0.44327816367149353,61000247280,2096444901
5,5,1,2.44427490234375,1,2.532989501953125,1,0.2719874382019043,0.39561647176742554,-77.50856018066406,118.2869644165039,32.41120147705078,1,0.1282295435667038,0.41888490319252014,-127.0840835571289,114.04554748535156,30.867435455322266,1,-3.9726014137268066,29.101364135742188,640.7479248046875,0.5095754861831665,0.4451557695865631,0.43184801936149597,1,-70.63259887695312,31.141712188720703,642.1104736328125,0.6490401029586792,0.4409518241882324,0.44337198138237,61000255613,2096453234
5,5,1,2.391876220703125,1,2.540771484375,1,0.2936866581439972,0.3633578419685364,-70.02548217773438,124.16714477539062,34.55138397216797,1,0.1380743831396103,0.41680118441581726,-123.6890640258789,114.42537689208984,31.00568199157715,1,-4.016757488250732,29.052513122558594,640.8271484375,0.509667158126831,0.44526758790016174,0.43201398849487305,1,-70.68242645263672,31.07857322692871,641.995361328125,0.6491742134094238,0.44106781482696533,0.4431266486644745,61000263947,2096461568
5,5,1,2.408843994140625,1,2.5153961181640625,1,0.35921064019203186,0.3532627522945404,-47.42925262451172,126.00731658935547,35.22108459472656,1,0.1769534945487976,0.3841787576675415,-110.28142547607422,120.37187194824219,33.170021057128906,1,-3.976689100265503,29.0154972076416,640.9183349609375,0.5095816850662231,0.4453563690185547,0.43220654129981995,1,-70.6758041381836,31.03860092163086,642.054931640625,0.6491450667381287,0.4411589801311493,0.44324806332588196,61000272280,2096469901
5,5,1,2.410430908203125,1,2.533599853515625,1,0.3660676181316376,0.3654801845550537,-45.06460952758789,123.7802963256836,34.410545349121094,1,0.21232153475284576,0.37608492374420166,-98.0845947265625,121.84722900390625,33.70697784423828,1,-3.963787317276001,28.997648239135742,641.031982421875,0.5095528960227966,0.4454079866409302,0.432450532913208,1,-70.66034698486328,31.006977081298828,641.8136596679688,0.6491756439208984,0.4411926865577698,0.4427196979522705,61000280613,2096478234
5,5,1,2.4238739013671875,1,2.51629638671875,1,0.3958575427532196,0.3743237853050232,-34.79140090942383,122.16824340820312,33.82386016845703,1,0.21140053868293762,0.369871586561203,-98.40221405029297,122.97981262207031,34.119224548339844,1,-4.033156871795654,29.007787704467773,641.0762329101562,0.5096979141235352,0.4453924000263214,0.432548850774765,1,-70.73130798339844,31.011863708496094,641.7637939453125,0.6493366360664368,0.4411756992340088,0.4426296055316925,61000288947,2096486568
5,5,1,2.45050048828125,1,2.5252532958984375,1,0.3780883550643921,0.3816172778606415,-40.919193267822266,120.83876037597656,33.339996337890625,1,0.20368237793445587,0.37911611795425415,-101.0638427734375,121.294677734375,33.50593948364258,1,-4.12255859375,29.040088653564453,641.1209106445312,0.5098848938941956,0.44533056020736694,0.4326512813568115,1,-70.83525848388672,31.02853012084961,641.903564453125,0.6495171189308167,0.4411593973636627,0.44295772910118103,61000297280,2096494901
5,5,1,2.4232635498046875,1,2.508270263671875,1,0.3822026550769806,0.4032596945762634,-39.500362396240234,116.89375305175781,31.90407943725586,1,0.2087235301733017,0.3908756673336029,-99.32538604736328,119.15115356445312,32.72566604614258,1,-4.221719741821289,29.088489532470703,641.051025390625,0.5100941061973572,0.4452206790447235,0.4325074553489685,1,-70.94487762451172,31.02330207824707,641.8912353515625,0.6497491002082825,0.4411684274673462,0.44295626878738403,61000305613,2096503234
5,5,1,2.402679443359375,1,2.5065460205078125,1,0.3852735161781311,0.3921680748462677,-38.441349029541016,118.91554260253906,32.639976501464844,1,0.20718185603618622,0.3790578842163086,-99.8570556640625,121.3053207397461,33.50972366333008,1,-4.316020965576172,29.15705680847168,641.2178955078125,0.5102893114089966,0.4450989365577698,0.43287989497184753,1,-71.04977416992188,31.044986724853516,642.090087890625,0.6499159932136536,0.44114959239959717,0.4434128403663635,61000313947,2096511568
5,5,1,2.4486846923828125,1,2.5140380859375,1,0.37784725427627563,0.4098964333534241,-41.00233840942383,115.68399810791016,31.463741302490234,1,0.20381300151348114,0.40015870332717896,-101.018798828125,117.4590072631836,32.10980987548828,1,-4.389851093292236,29.18096923828125,641.170654296875,0.5104451179504395,0.4450429379940033,0.43278172612190247,1,-71.13191223144531,31.054088592529297,641.9534912109375,0.6501229405403137,0.4411122798919678,0.443138986825943,61000322282,2096519903
5,5,1,2.413299560546875,1,2.5033721923828125,1,0.38930127024650574,0.3766455352306366,-37.052364349365234,121.74503326416016,33.66981887817383,1,0.21202871203422546,0.4173831045627594,-98.18557739257812,114.31932067871094,30.967021942138672,1,-4.4984130859375,29.188983917236328,641.0555419921875,0.5106749534606934,0.44501134753227234,0.43253466486930847,1,-71.233642578125,31.069904327392578,642.0381469726562,0.6503129601478577,0.44109046459198,0.44334784150123596,61000330615,2096528236
5,5,1,2.3966522216796875,1,2.5208282470703125,1,0.38170289993286133,0.35878342390060425,-39.67270278930664,125.0009765625,34.854881286621094,1,0.20468451082706451,0.38512909412384033,-100.71827697753906,120.19864654541016,33.106956481933594,1,-4.572652816772461,29.211578369140625,641.2477416992188,0.5108275413513184,0.4449886679649353,0.432955801486969,1,-71.32270050048828,31.066909790039062,642.088134765625,0.6504856944084167,0.44110316038131714,0.4434764087200165,61000338949,2096536570
5,5,1,2.40325927734375,1,2.50482177734375,1,0.38957342505455017,0.36279600858688354,-36.95851135253906,124.26956176757812,34.58863067626953,1,0.2280464917421341,0.4105882942676544,-92.66177368164062,115.55787658691406,31.417835235595703,1,-4.661240577697754,29.22589683532715,641.24609375,0.5110135674476624,0.44495847821235657,0.4329555332660675,1,-71.42161560058594,31.056331634521484,642.1016235351562,0.6506884098052979,0.4411267340183258,0.44352734088897705,61000347282,2096544903
5,5,1,2.405914306640625,1,2.4922637939453125,1,0.39133113622665405,0.36745744943618774,-36.35235595703125,123.41986083984375,34.279380798339844,1,0.21761253476142883,0.38735276460647583,-96.25997924804688,119.79330444335938,32.95941925048828,1,-4.748533248901367,29.217517852783203,641.1998901367188,0.5111976265907288,0.4449698328971863,0.432855486869812,1,-71.49911499023438,31.032373428344727,642.1430053710938,0.6508392691612244,0.4411819875240326,0.44363176822662354,61000355615,2096553236
5,5,1,2.389373779296875,1,2.563812255859375,1,0.38307005167007446,0.3456169068813324,-39.201229095458984,127.40099334716797,35.728424072265625,1,0.22808068990707397,0.42714306712150574,-92.64997863769531,112.54023742675781,30.31953239440918,1,-4.805516719818115,29.21334457397461,641.2327270507812,0.51131671667099,0.4449825882911682,0.43292713165283203,1,-71.56025695800781,31.013404846191406,642.071533203125,0.6509857177734375,0.4412118196487427,0.44348955154418945,61000363949,2096561570
5,5,1,2.382568359375,1,2.5059051513671875,1,0.3857423663139343,0.36932113766670227,-38.279685974121094,123.08013153076172,34.155757904052734,1,0.2267812192440033,0.42148858308792114,-93.0981216430664,113.57095336914062,30.694671630859375,1,-4.885948181152344,29.203025817871094,641.1851196289062,0.5114864706993103,0.4449979066848755,0.4328237771987915,1,-71.6329574584961,30.99011993408203,642.008056640625,0.651154100894928,0.4412516951560974,0.44336679577827454,61000372282,2096569903
5,5,1,2.3966064453125,1,2.4857177734375,1,0.3888486325740814,0.38353151082992554,-37.20846176147461,120.48986053466797,33.21292495727539,1,0.2237691581249237,0.43379756808280945,-94.13683319091797,111.32723236083984,29.8780574798584,1,-4.951508045196533,29.187894821166992,641.1727905273438,0.5116243958473206,0.4450276792049408,0.43279606103897095,1,-71.69255065917969,30.948474884033203,641.9956665039062,0.6512818336486816,0.44133660197257996,0.4433484971523285,61000380615,2096578236
5,5,1,2.4054718017578125,1,2.483062744140625,1,0.3911263644695282,0.3997267186641693,-36.4229850769043,117.53773498535156,32.138484954833984,1,0.22704127430915833,0.42088979482650757,-93.00843811035156,113.68009185791016,30.73447036743164,1,-4.993218898773193,29.18716812133789,641.330810546875,0.5117090344429016,0.4450492560863495,0.4331395626068115,1,-71.74285125732422,30.897306442260742,642.1732788085938,0.6513401865959167,0.44146662950515747,0.4437364637851715,61000388949,2096586570
5,5,1,2.388214111328125,1,2.503204345703125,1,0.37778133153915405,0.3938528001308441,-41.025081634521484,118.60846710205078,32.52817153930664,1,0.2174292653799057,0.40096935629844666,-96.32317352294922,117.3112564086914,32.05601501464844,1,-5.023158550262451,29.173503875732422,641.2283935546875,0.5117738246917725,0.44506463408470154,0.43291598558425903,1,-71.78459167480469,30.862001419067383,642.1739501953125,0.6514272093772888,0.4415401220321655,0.443742960691452,61000397282,2096594903
5,5,1,2.3969573974609375,1,2.5284881591796875,1,0.38053011894226074,0.3958090841770172,-40.0771369934082,118.25187683105469,32.398380279541016,1,0.23105491697788239,0.40685194730758667,-91.62432098388672,116.23894500732422,31.665756225585938,1,-5.054751396179199,29.150732040405273,641.0810546875,0.5118430256843567,0.44509318470954895,0.43259382247924805,1,-71.82102966308594,30.84307098388672,642.1660766601562,0.6515054106712341,0.44157838821411133,0.4437320828437805,61000405615,2096603236
5,5,1,2.4054718017578125,1,2.4913787841796875,1,0.3880596458911896,0.41143542528152466,-37.480552673339844,115.40345764160156,31.361669540405273,1,0.22811783850193024,0.3944054841995239,-92.63719177246094,118.5077133178711,32.49152755737305,1,-5.07963752746582,29.14400291442871,641.0467529296875,0.5118959546089172,0.44510284066200256,0.432518869638443,1,-71.8470458984375,30.834636688232422,642.1038208007812,0.6515761017799377,0.4415876567363739,0.44360285997390747,61000413949,2096611570
5,5,1,2.37982177734375,1,2.5126953125,1,0.38731148838996887,0.39118191599845886,-37.73854446411133,119.0953140258789,32.70541000366211,1,0.24497675895690918,0.4228545129299164,-86.82331848144531,113.32197570800781,30.604042053222656,1,-5.0905842781066895,29.156490325927734,641.0460205078125,0.5119189023971558,0.44507667422294617,0.4325191378593445,1,-71.85091400146484,30.847251892089844,642.01953125,0.6516063213348389,0.4415501654148102,0.44342371821403503,61000422282,2096619903
5,5,1,2.4107666015625,1,2.479766845703125,1,0.38922998309135437,0.394925981760025,-37.07695388793945,118.412841796875,32.45695877075195,1,0.22057592868804932,0.3973795473575592,-95.23804473876953,117.9655990600586,32.29418182373047,1,-5.099264144897461,29.160167694091797,641.0452880859375,0.5119370818138123,0.44506892561912537,0.43251821398735046,1,-71.85398864746094,30.85099220275879,642.0076904296875,0.6516157984733582,0.44154080748558044,0.443399578332901,61000430615,2096628236
5,5,1,2.381317138671875,1,2.4905548095703125,1,0.3924385607242584,0.37150436639785767,-35.97045135498047,122.68218994140625,34.010860443115234,1,0.21651242673397064,0.43366387486457825,-96.63934326171875,111.35161590576172,29.886917114257812,1,-5.101609230041504,29.175552368164062,641.0791015625,0.5119414329528809,0.44504114985466003,0.4325937032699585,1,-71.84898376464844,30.886882781982422,641.9849853515625,0.6516112685203552,0.44146308302879333,0.4433543384075165,61000438949,2096636570
5,5,1,2.4248809814453125,1,2.4904327392578125,1,0.3819229304790497,0.3851388394832611,-39.59682846069336,120.19686126708984,33.106285095214844,1,0.22366352379322052,0.4381307363510132,-94.17327880859375,110.53739929199219,29.59053611755371,1,-5.09652853012085,29.200428009033203,641.215087890625,0.5119280219078064,0.44500669836997986,0.43289196491241455,1,-71.84227752685547,30.927921295166016,641.9743041992188,0.6515999436378479,0.441376268863678,0.44333523511886597,61000447282,2096644903
5,5,1,2.41583251953125,1,2.523956298828125,1,0.38312190771102905,0.37344440817832947,-39.183353424072266,122.32854461669922,33.88215637207031,1,0.2272709608078003,0.4121321141719818,-92.92922973632812,115.2764892578125,31.31536865234375,1,-5.0860676765441895,29.21198081970215,641.2041625976562,0.5119062662124634,0.44498127698898315,0.432869553565979,1,-71.8362808227539,30.95477294921875,641.9986572265625,0.6515808701515198,0.4413236379623413,0.44339001178741455,61000455618,2096653239
5,5,1,2.406097412109375,1,2.5121002197265625,1,0.39265379309654236,0.3713630437850952,-35.8962287902832,122.70793151855469,34.02027130126953,1,0.21665626764297485,0.41509416699409485,-96.58975982666016,114.73654174804688,31.118928909301758,1,-5.0740509033203125,29.2316951751709,641.250732421875,0.511880099773407,0.44494616985321045,0.43297305703163147,1,-71.8258056640625,30.990257263183594,642.036376953125,0.6515488624572754,0.44125476479530334,0.443473756313324,61000463952,2096661573
5,5,1,2.3759613037109375,1,2.4995269775390625,1,0.3792588412761688,0.34343308210372925,-40.51555252075195,127.79908752441406,35.8732795715332,1,0.21193325519561768,0.414852112531662,-98.21849822998047,114.78064727783203,31.135000228881836,1,-5.054427623748779,29.228286743164062,641.2735595703125,0.5118384957313538,0.4449562132358551,0.4330218732357025,1,-71.81101989746094,30.993478775024414,642.0626220703125,0.6515110731124878,0.44125160574913025,0.44352734088897705,61000472285,2096669906
5,5,1,2.420257568359375,1,2.4911041259765625,1,0.3872438371181488,0.3679324686527252,-37.76189422607422,123.3332748413086,34.24789047241211,1,0.21241037547588348,0.4172048270702362,-98.0539779663086,114.35181427001953,30.978870391845703,1,-5.031721115112305,29.217008590698242,641.228515625,0.5117917060852051,0.44497397541999817,0.43292224407196045,1,-71.79503631591797,30.99454116821289,642.0866088867188,0.6514714360237122,0.44125261902809143,0.443575382232666,61000480618,2096678239
5,5,1,2.4071197509765625,1,2.5175018310546875,1,0.37853825092315674,0.38271403312683105,-40.764041900634766,120.63884735107422,33.2672119140625,1,0.21692809462547302,0.412374883890152,-96.49600982666016,115.23222351074219,31.29932975769043,1,-5.013545989990234,29.21258544921875,641.2625732421875,0.5117529034614563,0.44498762488365173,0.4329952001571655,1,-71.77017974853516,30.99229621887207,642.0953979492188,0.6514173746109009,0.4412585198879242,0.44358813762664795,61000488952,2096686573
5,5,1,2.3975830078125,1,2.501373291015625,1,0.39030373096466064,0.36427992582321167,-36.706661224365234,123.99906921386719,34.49018478393555,1,0.2159300446510315,0.43669286370277405,-96.84020233154297,110.79949188232422,29.685958862304688,1,-5.00010347366333,29.204059600830078,641.30810546875,0.5117238163948059,0.445011168718338,0.4330925941467285,1,-71.74974822998047,30.979537963867188,642.099853515625,0.6513736248016357,0.4412856996059418,0.44359102845191956,61000497285,2096694906
5,5,1,2.3912353515625,1,2.489227294921875,1,0.38539430499076843,0.3753497004508972,-38.39970016479492,121.98123931884766,33.755794525146484,1,0.22209171950817108,0.42330822348594666,-94.7153091430664,113.2392578125,30.573932647705078,1,-4.985843658447266,29.19993782043457,641.342041015625,0.5116932988166809,0.44502413272857666,0.43316543102264404,1,-71.72200012207031,30.966373443603516,642.0006713867188,0.6513419151306152,0.4412999451160431,0.44336867332458496,61000505618,2096703239
5,5,1,2.438140869140625,1,2.4945526123046875,1,0.394286185503006,0.4050118625164032,-35.33329391479492,116.57435607910156,31.787851333618164,1,0.23012709617614746,0.4380364716053009,-91.94426727294922,110.55457305908203,29.596763610839844,1,-4.967452049255371,29.179481506347656,641.2860107421875,0.5116557478904724,0.445059597492218,0.4330408573150635,1,-71.70084381103516,30.91604995727539,642.017333984375,0.6512935757637024,0.4414069950580597,0.44339266419410706,61000513951,2096711572
5,5,1,2.3949127197265625,1,2.4991455078125,1,0.391855388879776,0.3917843699455261,-36.17156982421875,118.9854965209961,32.66542434692383,1,0.22638610005378723,0.4332185685634613,-93.234375,111.4327621459961,29.916501998901367,1,-4.95040225982666,29.179224014282227,641.2183837890625,0.5116212368011475,0.4450515806674957,0.432893842458725,1,-71.67371368408203,30.9187068939209,641.9056396484375,0.6512664556503296,0.4413866400718689,0.443145751953125,61000522285,2096719906
5,5,1,2.3796234130859375,1,2.491607666015625,1,0.38273000717163086,0.3993335962295532,-39.318504333496094,117.60941314697266,32.1645393371582,1,0.22432462871074677,0.4089050590991974,-93.94528198242188,115.86468505859375,31.529563903808594,1,-4.917947769165039,29.141700744628906,641.1973876953125,0.5115535855293274,0.44512709975242615,0.43284276127815247,1,-71.66116333007812,30.871980667114258,642.0145263671875,0.6512117385864258,0.44149842858314514,0.443371057510376,61000530618,2096728239
5,5,1,2.385711669921875,1,2.4810791015625,1,0.3876645863056183,0.3904474079608917,-37.61679458618164,119.22919464111328,32.754127502441406,1,0.22250336408615112,0.41948264837265015,-94.57334899902344,113.93659210205078,30.827777862548828,1,-4.90392541885376,29.138381958007812,641.2091064453125,0.5115239024162292,0.44513556361198425,0.43286755681037903,1,-71.64774322509766,30.871501922607422,642.0167236328125,0.6511831879615784,0.4414997696876526,0.4433726370334625,61000538952,2096736573
5,5,1,2.4005584716796875,1,2.47015380859375,1,0.38154393434524536,0.39512601494789124,-39.727516174316406,118.37638854980469,32.44369125366211,1,0.2228899449110031,0.39315855503082275,-94.44004821777344,118.73502349853516,32.57421875,1,-4.888067722320557,29.133119583129883,641.209228515625,0.5114906430244446,0.4451465308666229,0.43286678194999695,1,-71.64680480957031,30.862533569335938,642.0877075195312,0.6511626839637756,0.4415278434753418,0.44352418184280396,61000547285,2096744906
5,5,1,2.39959716796875,1,2.4794464111328125,1,0.3748651444911957,0.40173235535621643,-42.030731201171875,117.17215728759766,32.00541305541992,1,0.23289909958839417,0.3930700123310089,-90.98833465576172,118.75116729736328,32.58007049560547,1,-4.876760959625244,29.10245132446289,641.2217407226562,0.5114666819572449,0.4452120065689087,0.4328897297382355,1,-71.64427185058594,30.83937644958496,642.135498046875,0.6511448621749878,0.4415823519229889,0.44362354278564453,61000555618,2096753239
5,5,1,2.3683013916015625,1,2.4827117919921875,1,0.38135069608688354,0.39414268732070923,-39.794166564941406,118.5556411743164,32.50892639160156,1,0.23335787653923035,0.4138098657131195,-90.83012390136719,114.97064971923828,31.2041072845459,1,-4.862791061401367,29.139698028564453,641.0962524414062,0.5114396214485168,0.4451184868812561,0.43262210488319397,1,-71.62881469726562,30.873985290527344,642.1168823242188,0.6511173844337463,0.44150787591934204,0.4435844123363495,61000563952,2096761573
5,5,1,2.410858154296875,1,2.4872589111328125,1,0.3903101980686188,0.42203089594841003,-36.70444107055664,113.47209930419922,30.658689498901367,1,0.22901535034179688,0.4099087715148926,-92.32766723632812,115.68174743652344,31.46295928955078,1,-4.8507513999938965,29.137683868408203,641.1190795898438,0.5114139318466187,0.44512563943862915,0.4326711893081665,1,-71.62190246582031,30.86737823486328,642.173828125,0.6510879993438721,0.44152918457984924,0.44370463490486145,61000572285,2096769906
5,5,1,2.388824462890625,1,2.5251312255859375,1,0.37863048911094666,0.40782392024993896,-40.73223114013672,116.06178283691406,31.60125732421875,1,0.22345037758350372,0.4286372661590576,-94.24677276611328,112.26789855957031,30.2203426361084,1,-4.838368892669678,29.163177490234375,641.1184692382812,0.5113878846168518,0.4450724720954895,0.43267303705215454,1,-71.61286926269531,30.89804458618164,642.1884765625,0.6510651707649231,0.4414673447608948,0.44373831152915955,61000580621,2096778242
5,5,1,2.4330291748046875,1,2.529083251953125,1,0.37994205951690674,0.39305955171585083,-40.279937744140625,118.7530517578125,32.5808219909668,1,0.2436390072107315,0.45097610354423523,-87.2846450805664,108.1959228515625,28.738313674926758,1,-4.823023796081543,29.19630241394043,641.2882080078125,0.5113524794578552,0.44502511620521545,0.43304550647735596,1,-71.59120178222656,30.963394165039062,642.217529296875,0.6510121822357178,0.4413352906703949,0.4438048005104065,61000588955,2096786576
5,5,1,2.4112548828125,1,2.490875244140625,1,0.3771641254425049,0.3750251531600952,-41.23792266845703,122.04039764404297,33.77732467651367,1,0.22676678001880646,0.418905109167099,-93.10310363769531,114.04188537597656,30.866069793701172,1,-4.8074631690979,29.19579315185547,641.2774658203125,0.5113199949264526,0.44502490758895874,0.4330218732357025,1,-71.57469177246094,30.958370208740234,642.231689453125,0.6509739756584167,0.4413476586341858,0.443830668926239,61000597288,2096794909
5,5,1,2.4266204833984375,1,2.528106689453125,1,0.3861788511276245,0.3655090630054474,-38.129146575927734,123.77500915527344,34.40864944458008,1,0.24980425834655762,0.4381359815597534,-85.15853881835938,110.53643035888672,29.5902099609375,1,-4.793054580688477,29.220788955688477,641.278564453125,0.5112897157669067,0.44497302174568176,0.43302732706069946,1,-71.55976104736328,30.99405860900879,642.223388671875,0.6509448289871216,0.4412722885608673,0.443814218044281,61000605621,2096803242
5,5,1,2.407745361328125,1,2.4958953857421875,1,0.38163620233535767,0.36578160524368286,-39.695709228515625,123.725341796875,34.39057922363281,1,0.21555949747562408,0.4202999174594879,-96.96798706054688,113.78764343261719,30.77349090576172,1,-4.777087211608887,29.223726272583008,641.3013305664062,0.5112557411193848,0.4449697732925415,0.433076947927475,1,-71.52766418457031,30.98772621154785,642.1484375,0.6508976817131042,0.44127553701400757,0.44364410638809204,61000613955,2096811576
5,5,1,2.3956298828125,1,2.49755859375,1,0.3880082964897156,0.3692740499973297,-37.49825668334961,123.08871459960938,34.15888595581055,1,0.22864693403244019,0.4106687605381012,-92.45471954345703,115.54322052001953,31.412511825561523,1,-4.756119728088379,29.272075653076172,641.2791748046875,0.5112120509147644,0.4448663294315338,0.43303486704826355,1,-71.4917984008789,31.010183334350586,642.074462890625,0.6508421301841736,0.4412190616130829,0.443479061126709,61000622288,2096819909
5,5,1,2.4144439697265625,1,2.4982452392578125,1,0.39417731761932373,0.3911516070365906,-35.3708381652832,119.100830078125,32.70741271972656,1,0.2507224678993225,0.38714081048965454,-84.84187316894531,119.83194732666016,32.97346115112305,1,-4.728870868682861,29.324726104736328,641.3248291015625,0.5111538767814636,0.44476258754730225,0.43314048647880554,1,-71.45857238769531,31.025562286376953,642.0101318359375,0.6507896780967712,0.4411785304546356,0.44333454966545105,61000630621,2096828242
5,5,1,2.3863525390625,1,2.4807891845703125,1,0.38544517755508423,0.37906280159950256,-38.38215255737305,121.30441284179688,33.50941467285156,1,0.23531925678253174,0.4049469530582428,-90.15374755859375,116.5862045288086,31.79209327697754,1,-4.695659637451172,29.28806495666504,641.3485107421875,0.5110838413238525,0.44484201073646545,0.43318653106689453,1,-71.43768310546875,31.02294921875,642.1219482421875,0.6507168412208557,0.4411988854408264,0.44357046484947205,61000638954,2096836575
5,5,1,2.4093475341796875,1,2.4822540283203125,1,0.3890377879142761,0.40540748834609985,-37.143226623535156,116.50224304199219,31.76158905029297,1,0.23764829337596893,0.38740330934524536,-89.3505630493164,119.78409576416016,32.9560661315918,1,-4.660261631011963,29.317293167114258,641.3150634765625,0.5110100507736206,0.4447769820690155,0.4331172704696655,1,-71.43325805664062,31.057254791259766,642.4486083984375,0.650621771812439,0.4411710500717163,0.44427862763404846,61000647288,2096844909
5,5,1,2.3796844482421875,1,2.4937591552734375,1,0.38045644760131836,0.3745681643486023,-40.1025390625,122.12371826171875,33.807579040527344,1,0.2341945916414261,0.38343796133995056,-90.54158782958984,120.50688934326172,33.219146728515625,1,-4.614734172821045,29.284038543701172,641.3614501953125,0.5109137892723083,0.44485220313072205,0.4332128167152405,1,-71.38238525390625,31.05132293701172,642.484619140625,0.6505063772201538,0.4411882758140564,0.44434335827827454,61000655621,2096853242
5,5,1,2.3800506591796875,1,2.49468994140625,1,0.38113608956336975,0.3860193192958832,-39.868167877197266,120.03636169433594,33.04789352416992,1,0.22735729813575745,0.39527225494384766,-92.89945220947266,118.34973907470703,32.43397521972656,1,-4.572787284851074,29.27508544921875,641.4075317382812,0.5108249187469482,0.4448768198490143,0.43331098556518555,1,-71.32408142089844,31.0537109375,642.4033813476562,0.6504061222076416,0.44117262959480286,0.44415467977523804,61000663954,2096861575
5,5,1,2.390228271484375,1,2.508087158203125,1,0.3875184953212738,0.3761726915836334,-37.66717529296875,121.83123016357422,33.70120620727539,1,0.24569600820541382,0.3968524932861328,-86.57526397705078,118.06167602539062,32.32916259765625,1,-4.536922454833984,29.26983642578125,641.4307861328125,0.5107492804527283,0.4448907971382141,0.43336021900177,1,-71.25335693359375,31.048871994018555,642.1043701171875,0.6503368616104126,0.4411429762840271,0.4434923231601715,61000672288,2096869909
5,5,1,2.374053955078125,1,2.5023193359375,1,0.3949738144874573,0.3636931777000427,-35.09617614746094,124.10602569580078,34.529144287109375,1,0.24225834012031555,0.389075368642807,-87.7607650756836,119.47932434082031,32.84510040283203,1,-4.491986274719238,29.244823455810547,641.4651489257812,0.5106544494628906,0.4449473023414612,0.43343067169189453,1,-71.23302459716797,31.05974578857422,642.3182373046875,0.6502385139465332,0.44114890694618225,0.443950355052948,61000680621,2096878242
5,5,1,2.394866943359375,1,2.4862213134765625,1,0.3754306435585022,0.37749096751213074,-41.835723876953125,121.59092712402344,33.61371994018555,1,0.24778136610984802,0.4048892855644226,-85.85612487792969,116.59668731689453,31.796001434326172,1,-4.4472174644470215,29.261676788330078,641.5687255859375,0.5105586647987366,0.4449255168437958,0.43365705013275146,1,-71.2064208984375,31.102783203125,642.545654296875,0.6501234173774719,0.4410897493362427,0.4444403648376465,61000688954,2096886575
5,5,1,2.3992919921875,1,2.4886627197265625,1,0.38215526938438416,0.36602112650871277,-39.51668930053711,123.68167877197266,34.374671936035156,1,0.24291647970676422,0.39446884393692017,-87.53379821777344,118.49615478515625,32.48731994628906,1,-4.399603843688965,29.242368698120117,641.6256103515625,0.5104578733444214,0.44497305154800415,0.4337771236896515,1,-71.14938354492188,31.105575561523438,642.521728515625,0.6500108242034912,0.44108086824417114,0.44437575340270996,61000697288,2096894909
5,5,1,2.3921051025390625,1,2.5197906494140625,1,0.3845883905887604,0.38306817412376404,-38.67762756347656,120.57431030273438,33.243690490722656,1,0.24404333531856537,0.44890666007995605,-87.14521026611328,108.57312774658203,28.875635147094727,1,-4.362201690673828,29.262216567993164,641.501953125,0.5103814005851746,0.4449160099029541,0.433510959148407,1,-71.1044921875,31.156742095947266,642.4391479492188,0.6499385237693787,0.440963476896286,0.44419410824775696,61000705621,2096903242
5,5,1,2.395172119140625,1,2.475921630859375,1,0.3855033814907074,0.3867719769477844,-38.36207962036133,119.89916229248047,32.99795150756836,1,0.2412104457616806,0.3954496383666992,-88.12213134765625,118.3173828125,32.4222297668457,1,-4.333952903747559,29.316434860229492,641.547607421875,0.5103212594985962,0.44480907917022705,0.43361684679985046,1,-71.048828125,31.206771850585938,642.3231811523438,0.6498525738716125,0.44084402918815613,0.443937748670578,61000713957,2096911578
5,5,1,2.3683319091796875,1,2.47607421875,1,0.38723820447921753,0.40142154693603516,-37.76383590698242,117.22882080078125,32.02601623535156,1,0.24513305723667145,0.3956925868988037,-86.76940155029297,118.27310943603516,32.40610885620117,1,-4.312970161437988,29.361083984375,641.6492919921875,0.5102754831314087,0.44472914934158325,0.43384307622909546,1,-71.02376556396484,31.247915267944336,642.3399047851562,0.6497957706451416,0.4407607316970825,0.443973571062088,61000722291,2096919912
5,5,1,2.426239013671875,1,2.52288818359375,1,0.3899405896663666,0.4268072247505188,-36.83189010620117,112.6014633178711,30.341773986816406,1,0.25392448902130127,0.40862053632736206,-83.73765563964844,115.91658782958984,31.548364639282227,1,-4.294377326965332,29.41128921508789,641.75048828125,0.5102347731590271,0.444637656211853,0.4340691566467285,1,-71.03446960449219,31.297222137451172,642.6176147460938,0.649745523929596,0.4406953454017639,0.44458192586898804,61000730624,2096928245
5,5,1,2.3889923095703125,1,2.4884033203125,1,0.392324835062027,0.403273344039917,-36.00967788696289,116.89124298095703,31.903213500976562,1,0.25182676315307617,0.3977234363555908,-84.4610595703125,117.90291595458984,32.27137756347656,1,-4.279081344604492,29.427480697631836,641.7618408203125,0.5102024078369141,0.44460541009902954,0.43409571051597595,1,-71.01632690429688,31.341636657714844,642.6212158203125,0.6497065424919128,0.44060346484184265,0.4445914924144745,61000738957,2096936578
5,5,1,2.3838958740234375,1,2.4717559814453125,1,0.38987138867378235,0.3643058240413666,-36.85576629638672,123.99433135986328,34.488494873046875,1,0.23559504747390747,0.4188327491283417,-90.05862426757812,114.05506134033203,30.870891571044922,1,-4.2613749504089355,29.45577621459961,641.7735595703125,0.5101650357246399,0.4445480704307556,0.434124618768692,1,-70.9980239868164,31.404773712158203,642.601806640625,0.6496731638908386,0.4404695928096771,0.4445542097091675,61000747291,2096944912
5,5,1,2.3899383544921875,1,2.471466064453125,1,0.38542798161506653,0.37887221574783325,-38.38810348510742,121.33916473388672,33.522071838378906,1,0.24325886368751526,0.4073657691478729,-87.41573333740234,116.14531707763672,31.63161849975586,1,-4.261432647705078,29.49131202697754,641.7970581054688,0.510164737701416,0.4444771111011505,0.434180349111557,1,-71.00566101074219,31.459789276123047,642.6930541992188,0.649665117263794,0.4403674304485321,0.44476041197776794,61000755624,2096953245
5,5,1,2.3523406982421875,1,2.4698486328125,1,0.38325363397598267,0.37295079231262207,-39.13792419433594,122.41851806640625,33.91493225097656,1,0.24977093935012817,0.3901757597923279,-85.1700210571289,119.27872467041016,32.77210998535156,1,-4.268989562988281,29.513343811035156,641.8201904296875,0.5101801753044128,0.444434255361557,0.434233695268631,1,-71.01611328125,31.47339630126953,642.7474365234375,0.6496726274490356,0.4403464198112488,0.4448820650577545,61000763957,2096961578
5,5,1,2.3996734619140625,1,2.4809417724609375,1,0.38542601466178894,0.39703571796417236,-38.38875961303711,118.02827453613281,32.31700134277344,1,0.2428532987833023,0.38566386699676514,-87.55558776855469,120.10114288330078,33.071510314941406,1,-4.2872314453125,29.573028564453125,641.8530883789062,0.5102177262306213,0.44431424140930176,0.4343132972717285,1,-71.03003692626953,31.494104385375977,642.7579345703125,0.6496988534927368,0.4403047561645508,0.44491085410118103,61000772291,2096969912
5,5,1,2.3821868896484375,1,2.4687042236328125,1,0.37970077991485596,0.39340534806251526,-40.36314392089844,118.69001770019531,32.55786895751953,1,0.2421819269657135,0.3797755837440491,-87.78711700439453,121.17447662353516,33.462158203125,1,-4.309329509735107,29.570083618164062,641.830322265625,0.5102644562721252,0.44431737065315247,0.43426379561424255,1,-71.03225708007812,31.481185913085938,642.61767578125,0.6497400999069214,0.4403127431869507,0.444607138633728,61000780624,2096978245
5,5,1,2.3908843994140625,1,2.483917236328125,1,0.37436798214912415,0.4047892093658447,-42.20217514038086,116.61495208740234,31.802583694458008,1,0.2521311044692993,0.41494297981262207,-84.35609436035156,114.76409912109375,31.128938674926758,1,-4.334312915802002,29.581830978393555,641.8297729492188,0.5103168487548828,0.4442928433418274,0.43426448106765747,1,-71.03797912597656,31.472671508789062,642.4615478515625,0.6497926712036133,0.44030943512916565,0.444270521402359,61000788957,2096986578
5,5,1,2.4163360595703125,1,2.44891357421875,1,0.3758716583251953,0.4157775640487671,-41.68363571166992,114.61197662353516,31.073585510253906,1,0.24098606407642365,0.410389244556427,-88.19952392578125,115.59415435791016,31.431100845336914,1,-4.363825798034668,29.576684951782227,641.7838745117188,0.5103794932365417,0.4442976415157318,0.43416470289230347,1,-71.06648254394531,31.45864486694336,642.4000854492188,0.6498681306838989,0.4403303265571594,0.44414275884628296,61000797291,2096994912
5,5,1,2.3823699951171875,1,2.4731903076171875,1,0.38643932342529297,0.39407140016555786,-38.03932189941406,118.56861877441406,32.51367950439453,1,0.23863853514194489,0.39295002818107605,-89.00906372070312,118.77301788330078,32.588077545166016,1,-4.406958103179932,29.570613861083984,641.8864135742188,0.5104683041572571,0.4443233013153076,0.4343869388103485,1,-71.11631774902344,31.444196701049805,642.4939575195312,0.6499477028846741,0.44037288427352905,0.44435492157936096,61000805624,2097003245
5,5,1,2.4212493896484375,1,2.45062255859375,1,0.38202014565467834,0.4161137342453003,-39.563297271728516,114.55071258544922,31.05124855041504,1,0.2369011491537094,0.4154900312423706,-89.60822296142578,114.66439056396484,31.09263038635254,1,-4.453507900238037,29.568286895751953,641.8961181640625,0.5105657577514648,0.44432929158210754,0.43440842628479004,1,-71.17841339111328,31.438135147094727,642.7257080078125,0.6500166654586792,0.44041648507118225,0.4448685348033905,61000813957,2097011578
5,5,1,2.40252685546875,1,2.4947967529296875,1,0.37376177310943604,0.3953784704208374,-42.41123580932617,118.33036804199219,32.42692565917969,1,0.2559784948825836,0.4398069977760315,-83.02928924560547,110.23182678222656,29.47931480407715,1,-4.4969353675842285,29.564929962158203,641.906982421875,0.5106567144393921,0.4443376362323761,0.43443217873573303,1,-71.22845458984375,31.419984817504883,642.8084106445312,0.6500994563102722,0.4404652416706085,0.445056289434433,61000822291,2097019912
5,5,1,2.3787078857421875,1,2.48687744140625,1,0.39204031229019165,0.4067837595939636,-36.10779571533203,116.25139617919922,31.67025375366211,1,0.24889607727527618,0.42594704031944275,-85.47169494628906,112.75823974609375,30.398900985717773,1,-4.544773578643799,29.59941291809082,641.8375854492188,0.5107580423355103,0.44425684213638306,0.43428704142570496,1,-71.25439453125,31.42262077331543,642.697265625,0.6501824259757996,0.4404447674751282,0.4448230266571045,61000830624,2097028245
5,5,1,2.3827667236328125,1,2.45037841796875,1,0.3789203464984894,0.41890546679496765,-40.63227844238281,114.04179382324219,30.8660831451416,1,0.2318219542503357,0.4279893934726715,-91.35980224609375,112.38597869873047,30.263364791870117,1,-4.582737922668457,29.62143325805664,641.74462890625,0.5108392834663391,0.4441990256309509,0.434088796377182,1,-71.30078125,31.42407989501953,642.649658203125,0.6502915024757385,0.4404352307319641,0.44473159313201904,61000838957,2097036578
5,5,1,2.40167236328125,1,2.4755859375,1,0.3808223009109497,0.4266413748264313,-39.976383209228516,112.6317138671875,30.35275650024414,1,0.23787927627563477,0.4258555769920349,-89.2708969116211,112.77489471435547,30.40499496459961,1,-4.6231279373168945,29.640159606933594,641.81201171875,0.5109227895736694,0.44416865706443787,0.4342381954193115,1,-71.34658813476562,31.432289123535156,642.58349609375,0.6504042148590088,0.44040921330451965,0.444600909948349,61000847294,2097044915
5,5,1,2.3824005126953125,1,2.453369140625,1,0.3758125603199005,0.39184096455574036,-41.704017639160156,118.97518920898438,32.66162872314453,1,0.24212142825126648,0.39561527967453003,-87.80797576904297,118.28720092773438,32.41120529174805,1,-4.674255847930908,29.674821853637695,641.9814453125,0.511026918888092,0.4441182017326355,0.43461132049560547,1,-71.40089416503906,31.484699249267578,642.8055419921875,0.6504591107368469,0.44032996892929077,0.44509994983673096,61000855627,2097053248
5,5,1,2.41412353515625,1,2.5080413818359375,1,0.3850421905517578,0.39564192295074463,-38.5211296081543,118.2823257446289,32.409488677978516,1,0.2638552486896515,0.4079170227050781,-80.31297302246094,116.04480743408203,31.59505844116211,1,-4.715483665466309,29.697433471679688,641.9359130859375,0.5111141204833984,0.44406524300575256,0.43451619148254395,1,-71.46101379394531,31.51758575439453,643.0631103515625,0.6505168080329895,0.4402960538864136,0.44567421078681946,61000863960,2097061581
5,5,1,2.41534423828125,1,2.4342041015625,1,0.3778524100780487,0.4011722207069397,-41.00056076049805,117.2742691040039,32.04255294799805,1,0.23688270151615143,0.3900822401046753,-89.61457824707031,119.29576110839844,32.778358459472656,1,-4.753432750701904,29.742427825927734,641.7537231445312,0.5111969113349915,0.44394806027412415,0.434127539396286,1,-71.48745727539062,31.535728454589844,642.8798828125,0.6506196856498718,0.44023367762565613,0.445287823677063,61000872294,2097069915
5,5,1,2.37713623046875,1,2.520172119140625,1,0.3328818380832672,0.3873545825481415,-56.508853912353516,119.79295349121094,32.959346771240234,1,0.1965244710445404,0.4111557602882385,-103.53228759765625,115.4544448852539,31.380189895629883,1,-4.922361373901367,29.79261016845703,641.830078125,0.511549711227417,0.4438531994819641,0.4343026876449585,1,-71.62334442138672,31.54946517944336,642.9312744140625,0.6508891582489014,0.44021177291870117,0.4454328417778015,61000880627,2097078248
5,5,1,2.4040374755859375,1,2.4559478759765625,1,0.2712455093860626,0.3899519443511963,-77.76441192626953,119.31952667236328,32.786956787109375,1,0.11612498015165329,0.41576287150382996,-131.25840759277344,114.61466217041016,31.07451820373535,1,-5.197134971618652,29.839096069335938,641.8238525390625,0.5121260285377502,0.4437551200389862,0.434300035238266,1,-71.85401916503906,31.606904983520508,643.4176635742188,0.6512414813041687,0.44015735387802124,0.4465446174144745,61000888960,2097086581
5,5,1,2.3527679443359375,1,2.428680419921875,1,0.20791853964328766,0.35811740159988403,-99.60298919677734,125.12239837646484,34.89903259277344,1,0.04640111327171326,0.38957250118255615,-155.30300903320312,119.38868713378906,32.81217956542969,1,-5.460916996002197,29.869850158691406,641.886474609375,0.5126778483390808,0.4436987042427063,0.434444785118103,1,-72.0456771850586,31.650127410888672,643.540771484375,0.6516076922416687,0.440083771944046,0.4468618631362915,61000897294,2097094915
5,5,1,2.3681488037109375,1,2.4613037109375,1,0.18946875631809235,0.34708231687545776,-105.96548461914062,127.13387298583984,35.631195068359375,1,0.027751164510846138,0.395574688911438,-161.7344970703125,118.29457092285156,32.41398239135742,1,-5.641904354095459,29.860206604003906,641.7003173828125,0.5130614042282104,0.4436943233013153,0.4340430200099945,1,-72.17796325683594,31.676746368408203,643.981201171875,0.6517667174339294,0.44008755683898926,0.44784680008888245,61000905627,2097103248
5,5,1,2.3481597900390625,1,2.4315948486328125,1,0.18192516267299652,0.3248061537742615,-108.56693267822266,131.19442749023438,37.10908508300781,1,0.03314865753054619,0.414503276348114,-159.87315368652344,114.8442611694336,31.158117294311523,1,-5.668384552001953,29.876602172851562,641.8594970703125,0.5131135582923889,0.4436807632446289,0.434391051530838,1,-72.19609069824219,31.685848236083984,643.8812255859375,0.6518306732177734,0.44005513191223145,0.4476368725299835,61000913960,2097111581
5,5,1,2.35516357421875,1,2.4346466064453125,1,0.18943236768245697,0.3418477177619934,-105.97802734375,128.0880584716797,35.97846221923828,1,0.04221685975790024,0.38718685507774353,-156.7459259033203,119.82353973388672,32.97044372558594,1,-5.661509037017822,29.86707305908203,641.768310546875,0.5131010413169861,0.4436887800693512,0.4341917634010315,1,-72.20221710205078,31.655948638916016,643.9774169921875,0.6518182158470154,0.4401301443576813,0.447841614484787,61000922294,2097119915
5,5,1,2.355499267578125,1,2.4633636474609375,1,0.18084082007408142,0.3545370101928711,-108.94087219238281,125.77503204345703,35.13658905029297,1,0.04509758576750755,0.40869081020355225,-155.7525177001953,115.90377807617188,31.543703079223633,1,-5.65908145904541,29.86035919189453,641.7451171875,0.5130965113639832,0.44369974732398987,0.43414053320884705,1,-72.21495819091797,31.621166229248047,644.031982421875,0.6518304944038391,0.44020962715148926,0.44795745611190796,61000930627,2097128248
5,5,1,2.377166748046875,1,2.474822998046875,1,0.18367686867713928,0.36519306898117065,-107.96284484863281,123.83263397216797,34.429595947265625,1,0.037409164011478424,0.39254486560821533,-158.40390014648438,118.84687805175781,32.614967346191406,1,-5.66218376159668,29.859813690185547,641.75634765625,0.5131027698516846,0.44370236992836,0.434164822101593,1,-72.22588348388672,31.606264114379883,644.0537109375,0.6518476009368896,0.4402434527873993,0.448004812002182,61000938960,2097136581
5,5,1,2.363433837890625,1,2.4346466064453125,1,0.1852101981639862,0.36366021633148193,-107.43406677246094,124.11202239990234,34.53135681152344,1,0.03323894366621971,0.392240971326828,-159.84202575683594,118.90225982666016,32.63516616821289,1,-5.660684585571289,29.853605270385742,641.7686767578125,0.5130993127822876,0.4437168836593628,0.43419069051742554,1,-72.23714447021484,31.587200164794922,644.1456909179688,0.6518468260765076,0.44029533863067627,0.4482031762599945,61000947294,2097144915
