RightPupilValidity,RightPupilDiameter,LeftPupilValidity,LeftPupilDiameter,RightGazePointValidity,RightGazePointOnDisplayAreaX,RightGazePointOnDisplayAreaY,RightGazePointInUserCoordinateSystemX,RightGazePointInUserCoordinateSystemY,RightGazePointInUserCoordinateSystemZ,LeftGazePointValidity,LeftGazePointOnDisplayAreaX,LeftGazePointOnDisplayAreaY,LeftGazePointInUserCoordinateSystemX,LeftGazePointInUserCoordinateSystemY,LeftGazePointInUserCoordinateSystemZ,RightGazeOriginValidity,RightGazeOriginInUserCoordinateSystemX,RightGazeOriginInUserCoordinateSystemY,RightGazeOriginInUserCoordinateSystemZ,RightGazeOriginInTrackboxCoordinateSystemX,RightGazeOriginInTrackboxCoordinateSystemY,RightGazeOriginInTrackboxCoordinateSystemZ,LeftGazeOriginValidity,LeftGazeOriginInUserCoordinateSystemX,LeftGazeOriginInUserCoordinateSystemY,LeftGazeOriginInUserCoordinateSystemZ,LeftGazeOriginInTrackboxCoordinateSystemX,LeftGazeOriginInTrackboxCoordinateSystemY,LeftGazeOriginInTrackboxCoordinateSystemZ,SystemTimestamp,DeviceTimestamp
1,2.1819000244140625,1,2.451202392578125,1,0.08245760947465897,0.6676319241523743,-142.86874389648438,68.70341491699219,14.364265441894531,1,0.06583201885223389,0.7301495671272278,-148.60215759277344,57.30757141113281,10.216483116149902,1,0.49055036902427673,-19.083805084228516,567.2720947265625,0.5001800060272217,0.5479365587234497,0.269601047039032,1,-59.05024719238281,-21.191879272460938,566.0157470703125,0.6441918015480042,0.5527722239494324,0.2735463082790375,602211237826,3067715344
1,2.1819000244140625,1,2.451202392578125,1,0.08245760947465897,0.6676319241523743,-142.86874389648438,68.70341491699219,14.364265441894531,1,0.06583201885223389,0.7301495671272278,-148.60215759277344,57.30757141113281,10.216483116149902,1,0.49055036902427673,-19.083805084228516,567.2720947265625,0.5001800060272217,0.5479365587234497,0.269601047039032,1,-59.05024719238281,-21.191879272460938,566.0157470703125,0.6441918015480042,0.5527722239494324,0.2735463082790375,602211237826,3067715344
1,2.1819000244140625,1,2.451202392578125,1,0.08245760947465897,0.6676319241523743,-142.86874389648438,68.70341491699219,14.364265441894531,1,0.06583201885223389,0.7301495671272278,-148.60215759277344,57.30757141113281,10.216483116149902,1,0.49055036902427673,-19.083805084228516,567.2720947265625,0.5001800060272217,0.5479365587234497,0.269601047039032,1,-59.05024719238281,-21.191879272460938,566.0157470703125,0.6441918015480042,0.5527722239494324,0.2735463082790375,602211237826,3067715344
1,2.1819000244140625,1,2.451202392578125,1,0.08245760947465897,0.6676319241523743,-142.86874389648438,68.70341491699219,14.364265441894531,1,0.06583201885223389,0.7301495671272278,-148.60215759277344,57.30757141113281,10.216483116149902,1,0.49055036902427673,-19.083805084228516,567.2720947265625,0.5001800060272217,0.5479365587234497,0.269601047039032,1,-59.05024719238281,-21.191879272460938,566.0157470703125,0.6441918015480042,0.5527722239494324,0.2735463082790375,602211237826,3067715344
1,2.1819000244140625,1,2.451202392578125,1,0.08245760947465897,0.6676319241523743,-142.86874389648438,68.70341491699219,14.364265441894531,1,0.06583201885223389,0.7301495671272278,-148.60215759277344,57.30757141113281,10.216483116149902,1,0.49055036902427673,-19.083805084228516,567.2720947265625,0.5001800060272217,0.5479365587234497,0.269601047039032,1,-59.05024719238281,-21.191879272460938,566.0157470703125,0.6441918015480042,0.5527722239494324,0.2735463082790375,602211237826,3067715344
1,2.1819000244140625,1,2.451202392578125,1,0.08245760947465897,0.6676319241523743,-142.86874389648438,68.70341491699219,14.364265441894531,1,0.06583201885223389,0.7301495671272278,-148.60215759277344,57.30757141113281,10.216483116149902,1,0.49055036902427673,-19.083805084228516,567.2720947265625,0.5001800060272217,0.5479365587234497,0.269601047039032,1,-59.05024719238281,-21.191879272460938,566.0157470703125,0.6441918015480042,0.5527722239494324,0.2735463082790375,602211237826,3067715344
1,2.1819000244140625,1,2.451202392578125,1,0.08245760947465897,0.6676319241523743,-142.86874389648438,68.70341491699219,14.364265441894531,1,0.06583201885223389,0.7301495671272278,-148.60215759277344,57.30757141113281,10.216483116149902,1,0.49055036902427673,-19.083805084228516,567.2720947265625,0.5001800060272217,0.5479365587234497,0.269601047039032,1,-59.05024719238281,-21.191879272460938,566.0157470703125,0.6441918015480042,0.5527722239494324,0.2735463082790375,602211237826,3067715344
1,2.24188232421875,1,2.429351806640625,1,0.08271870017051697,0.6896697878837585,-142.77870178222656,64.68631744384766,12.902138710021973,1,0.07005131989717484,0.7434116005897522,-147.14710998535156,54.89017105102539,9.33655834197998,1,0.5003973245620728,-19.082427978515625,567.2901611328125,0.5001562237739563,0.5479326844215393,0.26964032649993896,1,-59.04462814331055,-21.189056396484375,566.0333251953125,0.6441731452941895,0.5527647733688354,0.27358293533325195,602211246160,3067723677
1,2.24188232421875,1,2.429351806640625,1,0.08271870017051697,0.6896697878837585,-142.77870178222656,64.68631744384766,12.902138710021973,1,0.07005131989717484,0.7434116005897522,-147.14710998535156,54.89017105102539,9.33655834197998,1,0.5003973245620728,-19.082427978515625,567.2901611328125,0.5001562237739563,0.5479326844215393,0.26964032649993896,1,-59.04462814331055,-21.189056396484375,566.0333251953125,0.6441731452941895,0.5527647733688354,0.27358293533325195,602211246160,3067723677
1,2.24188232421875,1,2.429351806640625,1,0.08271870017051697,0.6896697878837585,-142.77870178222656,64.68631744384766,12.902138710021973,1,0.07005131989717484,0.7434116005897522,-147.14710998535156,54.89017105102539,9.33655834197998,1,0.5003973245620728,-19.082427978515625,567.2901611328125,0.5001562237739563,0.5479326844215393,0.26964032649993896,1,-59.04462814331055,-21.189056396484375,566.0333251953125,0.6441731452941895,0.5527647733688354,0.27358293533325195,602211246160,3067723677
1,2.24188232421875,1,2.429351806640625,1,0.08271870017051697,0.6896697878837585,-142.77870178222656,64.68631744384766,12.902138710021973,1,0.07005131989717484,0.7434116005897522,-147.14710998535156,54.89017105102539,9.33655834197998,1,0.5003973245620728,-19.082427978515625,567.2901611328125,0.5001562237739563,0.5479326844215393,0.26964032649993896,1,-59.04462814331055,-21.189056396484375,566.0333251953125,0.6441731452941895,0.5527647733688354,0.27358293533325195,602211246160,3067723677
1,2.24188232421875,1,2.429351806640625,1,0.08271870017051697,0.6896697878837585,-142.77870178222656,64.68631744384766,12.902138710021973,1,0.07005131989717484,0.7434116005897522,-147.14710998535156,54.89017105102539,9.33655834197998,1,0.5003973245620728,-19.082427978515625,567.2901611328125,0.5001562237739563,0.5479326844215393,0.26964032649993896,1,-59.04462814331055,-21.189056396484375,566.0333251953125,0.6441731452941895,0.5527647733688354,0.27358293533325195,602211246160,3067723677
1,2.24188232421875,1,2.429351806640625,1,0.08271870017051697,0.6896697878837585,-142.77870178222656,64.68631744384766,12.902138710021973,1,0.07005131989717484,0.7434116005897522,-147.14710998535156,54.89017105102539,9.33655834197998,1,0.5003973245620728,-19.082427978515625,567.2901611328125,0.5001562237739563,0.5479326844215393,0.26964032649993896,1,-59.04462814331055,-21.189056396484375,566.0333251953125,0.6441731452941895,0.5527647733688354,0.27358293533325195,602211246160,3067723677
1,2.24188232421875,1,2.429351806640625,1,0.08271870017051697,0.6896697878837585,-142.77870178222656,64.68631744384766,12.902138710021973,1,0.07005131989717484,0.7434116005897522,-147.14710998535156,54.89017105102539,9.33655834197998,1,0.5003973245620728,-19.082427978515625,567.2901611328125,0.5001562237739563,0.5479326844215393,0.26964032649993896,1,-59.04462814331055,-21.189056396484375,566.0333251953125,0.6441731452941895,0.5527647733688354,0.27358293533325195,602211246160,3067723677
1,2.2518463134765625,1,2.5379791259765625,1,0.08317138999700546,0.6939019560813904,-142.62258911132812,63.91484451293945,12.621342658996582,1,0.08480612188577652,0.7599537372589111,-142.05885314941406,51.874794006347656,8.23913288116455,1,0.5097779035568237,-19.078857421875,567.2987060546875,0.5001335740089417,0.5479240417480469,0.26965877413749695,1,-59.03903579711914,-21.18266487121582,566.0794067382812,0.6441463232040405,0.5527477264404297,0.27368098497390747,602211254493,3067732010
1,2.2518463134765625,1,2.5379791259765625,1,0.08317138999700546,0.6939019560813904,-142.62258911132812,63.91484451293945,12.621342658996582,1,0.08480612188577652,0.7599537372589111,-142.05885314941406,51.874794006347656,8.23913288116455,1,0.5097779035568237,-19.078857421875,567.2987060546875,0.5001335740089417,0.5479240417480469,0.26965877413749695,1,-59.03903579711914,-21.18266487121582,566.0794067382812,0.6441463232040405,0.5527477264404297,0.27368098497390747,602211254493,3067732010
1,2.2518463134765625,1,2.5379791259765625,1,0.08317138999700546,0.6939019560813904,-142.62258911132812,63.91484451293945,12.621342658996582,1,0.08480612188577652,0.7599537372589111,-142.05885314941406,51.874794006347656,8.23913288116455,1,0.5097779035568237,-19.078857421875,567.2987060546875,0.5001335740089417,0.5479240417480469,0.26965877413749695,1,-59.03903579711914,-21.18266487121582,566.0794067382812,0.6441463232040405,0.5527477264404297,0.27368098497390747,602211254493,3067732010
1,2.2518463134765625,1,2.5379791259765625,1,0.08317138999700546,0.6939019560813904,-142.62258911132812,63.91484451293945,12.621342658996582,1,0.08480612188577652,0.7599537372589111,-142.05885314941406,51.874794006347656,8.23913288116455,1,0.5097779035568237,-19.078857421875,567.2987060546875,0.5001335740089417,0.5479240417480469,0.26965877413749695,1,-59.03903579711914,-21.18266487121582,566.0794067382812,0.6441463232040405,0.5527477264404297,0.27368098497390747,602211254493,3067732010
1,2.2518463134765625,1,2.5379791259765625,1,0.08317138999700546,0.6939019560813904,-142.62258911132812,63.91484451293945,12.621342658996582,1,0.08480612188577652,0.7599537372589111,-142.05885314941406,51.874794006347656,8.23913288116455,1,0.5097779035568237,-19.078857421875,567.2987060546875,0.5001335740089417,0.5479240417480469,0.26965877413749695,1,-59.03903579711914,-21.18266487121582,566.0794067382812,0.6441463232040405,0.5527477264404297,0.27368098497390747,602211254493,3067732010
1,2.2518463134765625,1,2.5379791259765625,1,0.08317138999700546,0.6939019560813904,-142.62258911132812,63.91484451293945,12.621342658996582,1,0.08480612188577652,0.7599537372589111,-142.05885314941406,51.874794006347656,8.23913288116455,1,0.5097779035568237,-19.078857421875,567.2987060546875,0.5001335740089417,0.5479240417480469,0.26965877413749695,1,-59.03903579711914,-21.18266487121582,566.0794067382812,0.6441463232040405,0.5527477264404297,0.27368098497390747,602211254493,3067732010
1,2.2518463134765625,1,2.5379791259765625,1,0.08317138999700546,0.6939019560813904,-142.62258911132812,63.91484451293945,12.621342658996582,1,0.08480612188577652,0.7599537372589111,-142.05885314941406,51.874794006347656,8.23913288116455,1,0.5097779035568237,-19.078857421875,567.2987060546875,0.5001335740089417,0.5479240417480469,0.26965877413749695,1,-59.03903579711914,-21.18266487121582,566.0794067382812,0.6441463232040405,0.5527477264404297,0.27368098497390747,602211254493,3067732010
1,2.2247314453125,1,2.4794158935546875,1,0.07764900475740433,0.682845413684845,-144.5270233154297,65.93028259277344,13.354873657226562,1,0.08436648547649384,0.7565601468086243,-142.21046447753906,52.4933967590332,8.464273452758789,1,0.5188841819763184,-19.10298728942871,567.2901611328125,0.5001116394996643,0.5479811429977417,0.2696409821510315,1,-59.02886199951172,-21.20537567138672,566.0723266601562,0.644123911857605,0.5528016090393066,0.2736643850803375,602211262827,3067740344
1,2.2247314453125,1,2.4794158935546875,1,0.07764900475740433,0.682845413684845,-144.5270233154297,65.93028259277344,13.354873657226562,1,0.08436648547649384,0.7565601468086243,-142.21046447753906,52.4933967590332,8.464273452758789,1,0.5188841819763184,-19.10298728942871,567.2901611328125,0.5001116394996643,0.5479811429977417,0.2696409821510315,1,-59.02886199951172,-21.20537567138672,566.0723266601562,0.644123911857605,0.5528016090393066,0.2736643850803375,602211262827,3067740344
1,2.2247314453125,1,2.4794158935546875,1,0.07764900475740433,0.682845413684845,-144.5270233154297,65.93028259277344,13.354873657226562,1,0.08436648547649384,0.7565601468086243,-142.21046447753906,52.4933967590332,8.464273452758789,1,0.5188841819763184,-19.10298728942871,567.2901611328125,0.5001116394996643,0.5479811429977417,0.2696409821510315,1,-59.02886199951172,-21.20537567138672,566.0723266601562,0.644123911857605,0.5528016090393066,0.2736643850803375,602211262827,3067740344
1,2.2247314453125,1,2.4794158935546875,1,0.07764900475740433,0.682845413684845,-144.5270233154297,65.93028259277344,13.354873657226562,1,0.08436648547649384,0.7565601468086243,-142.21046447753906,52.4933967590332,8.464273452758789,1,0.5188841819763184,-19.10298728942871,567.2901611328125,0.5001116394996643,0.5479811429977417,0.2696409821510315,1,-59.02886199951172,-21.20537567138672,566.0723266601562,0.644123911857605,0.5528016090393066,0.2736643850803375,602211262827,3067740344
1,2.2247314453125,1,2.4794158935546875,1,0.07764900475740433,0.682845413684845,-144.5270233154297,65.93028259277344,13.354873657226562,1,0.08436648547649384,0.7565601468086243,-142.21046447753906,52.4933967590332,8.464273452758789,1,0.5188841819763184,-19.10298728942871,567.2901611328125,0.5001116394996643,0.5479811429977417,0.2696409821510315,1,-59.02886199951172,-21.20537567138672,566.0723266601562,0.644123911857605,0.5528016090393066,0.2736643850803375,602211262827,3067740344
1,2.2247314453125,1,2.4794158935546875,1,0.07764900475740433,0.682845413684845,-144.5270233154297,65.93028259277344,13.354873657226562,1,0.08436648547649384,0.7565601468086243,-142.21046447753906,52.4933967590332,8.464273452758789,1,0.5188841819763184,-19.10298728942871,567.2901611328125,0.5001116394996643,0.5479811429977417,0.2696409821510315,1,-59.02886199951172,-21.20537567138672,566.0723266601562,0.644123911857605,0.5528016090393066,0.2736643850803375,602211262827,3067740344
1,2.2247314453125,1,2.4794158935546875,1,0.07764900475740433,0.682845413684845,-144.5270233154297,65.93028259277344,13.354873657226562,1,0.08436648547649384,0.7565601468086243,-142.21046447753906,52.4933967590332,8.464273452758789,1,0.5188841819763184,-19.10298728942871,567.2901611328125,0.5001116394996643,0.5479811429977417,0.2696409821510315,1,-59.02886199951172,-21.20537567138672,566.0723266601562,0.644123911857605,0.5528016090393066,0.2736643850803375,602211262827,3067740344
1,2.2239532470703125,1,2.4601898193359375,1,0.07747122645378113,0.6861805319786072,-144.58831787109375,65.32234191894531,13.133597373962402,1,0.06864990293979645,0.7185460925102234,-147.63038635253906,59.422691345214844,10.986268043518066,1,0.5249853134155273,-19.08995246887207,567.3167724609375,0.50009685754776,0.5479495525360107,0.26969844102859497,1,-59.02656555175781,-21.197248458862305,566.0908203125,0.6441129446029663,0.5527817010879517,0.27370354533195496,602211271160,3067748677
1,2.2239532470703125,1,2.4601898193359375,1,0.07747122645378113,0.6861805319786072,-144.58831787109375,65.32234191894531,13.133597373962402,1,0.06864990293979645,0.7185460925102234,-147.63038635253906,59.422691345214844,10.986268043518066,1,0.5249853134155273,-19.08995246887207,567.3167724609375,0.50009685754776,0.5479495525360107,0.26969844102859497,1,-59.02656555175781,-21.197248458862305,566.0908203125,0.6441129446029663,0.5527817010879517,0.27370354533195496,602211271160,3067748677
1,2.2239532470703125,1,2.4601898193359375,1,0.07747122645378113,0.6861805319786072,-144.58831787109375,65.32234191894531,13.133597373962402,1,0.06864990293979645,0.7185460925102234,-147.63038635253906,59.422691345214844,10.986268043518066,1,0.5249853134155273,-19.08995246887207,567.3167724609375,0.50009685754776,0.5479495525360107,0.26969844102859497,1,-59.02656555175781,-21.197248458862305,566.0908203125,0.6441129446029663,0.5527817010879517,0.27370354533195496,602211271160,3067748677
1,2.2239532470703125,1,2.4601898193359375,1,0.07747122645378113,0.6861805319786072,-144.58831787109375,65.32234191894531,13.133597373962402,1,0.06864990293979645,0.7185460925102234,-147.63038635253906,59.422691345214844,10.986268043518066,1,0.5249853134155273,-19.08995246887207,567.3167724609375,0.50009685754776,0.5479495525360107,0.26969844102859497,1,-59.02656555175781,-21.197248458862305,566.0908203125,0.6441129446029663,0.5527817010879517,0.27370354533195496,602211271160,3067748677
1,2.2239532470703125,1,2.4601898193359375,1,0.07747122645378113,0.6861805319786072,-144.58831787109375,65.32234191894531,13.133597373962402,1,0.06864990293979645,0.7185460925102234,-147.63038635253906,59.422691345214844,10.986268043518066,1,0.5249853134155273,-19.08995246887207,567.3167724609375,0.50009685754776,0.5479495525360107,0.26969844102859497,1,-59.02656555175781,-21.197248458862305,566.0908203125,0.6441129446029663,0.5527817010879517,0.27370354533195496,602211271160,3067748677
1,2.2239532470703125,1,2.4601898193359375,1,0.07747122645378113,0.6861805319786072,-144.58831787109375,65.32234191894531,13.133597373962402,1,0.06864990293979645,0.7185460925102234,-147.63038635253906,59.422691345214844,10.986268043518066,1,0.5249853134155273,-19.08995246887207,567.3167724609375,0.50009685754776,0.5479495525360107,0.26969844102859497,1,-59.02656555175781,-21.197248458862305,566.0908203125,0.6441129446029663,0.5527817010879517,0.27370354533195496,602211271160,3067748677
1,2.2239532470703125,1,2.4601898193359375,1,0.07747122645378113,0.6861805319786072,-144.58831787109375,65.32234191894531,13.133597373962402,1,0.06864990293979645,0.7185460925102234,-147.63038635253906,59.422691345214844,10.986268043518066,1,0.5249853134155273,-19.08995246887207,567.3167724609375,0.50009685754776,0.5479495525360107,0.26969844102859497,1,-59.02656555175781,-21.197248458862305,566.0908203125,0.6441129446029663,0.5527817010879517,0.27370354533195496,602211271160,3067748677
1,2.2313385009765625,1,2.4483642578125,1,0.07925528287887573,0.6764910221099854,-143.97308349609375,67.08858489990234,13.776459693908691,1,0.06738457083702087,0.7384362816810608,-148.06675720214844,55.79706573486328,9.666682243347168,1,0.5292826294898987,-19.075672149658203,567.3521118164062,0.5000865459442139,0.5479147434234619,0.269774854183197,1,-59.01411437988281,-21.189699172973633,566.0472412109375,0.6440954804420471,0.5527657866477966,0.27360615134239197,602211279494,3067757011
1,2.2313385009765625,1,2.4483642578125,1,0.07925528287887573,0.6764910221099854,-143.97308349609375,67.08858489990234,13.776459693908691,1,0.06738457083702087,0.7384362816810608,-148.06675720214844,55.79706573486328,9.666682243347168,1,0.5292826294898987,-19.075672149658203,567.3521118164062,0.5000865459442139,0.5479147434234619,0.269774854183197,1,-59.01411437988281,-21.189699172973633,566.0472412109375,0.6440954804420471,0.5527657866477966,0.27360615134239197,602211279494,3067757011
1,2.2313385009765625,1,2.4483642578125,1,0.07925528287887573,0.6764910221099854,-143.97308349609375,67.08858489990234,13.776459693908691,1,0.06738457083702087,0.7384362816810608,-148.06675720214844,55.79706573486328,9.666682243347168,1,0.5292826294898987,-19.075672149658203,567.3521118164062,0.5000865459442139,0.5479147434234619,0.269774854183197,1,-59.01411437988281,-21.189699172973633,566.0472412109375,0.6440954804420471,0.5527657866477966,0.27360615134239197,602211279494,3067757011
1,2.2313385009765625,1,2.4483642578125,1,0.07925528287887573,0.6764910221099854,-143.97308349609375,67.08858489990234,13.776459693908691,1,0.06738457083702087,0.7384362816810608,-148.06675720214844,55.79706573486328,9.666682243347168,1,0.5292826294898987,-19.075672149658203,567.3521118164062,0.5000865459442139,0.5479147434234619,0.269774854183197,1,-59.01411437988281,-21.189699172973633,566.0472412109375,0.6440954804420471,0.5527657866477966,0.27360615134239197,602211279494,3067757011
1,2.2313385009765625,1,2.4483642578125,1,0.07925528287887573,0.6764910221099854,-143.97308349609375,67.08858489990234,13.776459693908691,1,0.06738457083702087,0.7384362816810608,-148.06675720214844,55.79706573486328,9.666682243347168,1,0.5292826294898987,-19.075672149658203,567.3521118164062,0.5000865459442139,0.5479147434234619,0.269774854183197,1,-59.01411437988281,-21.189699172973633,566.0472412109375,0.6440954804420471,0.5527657866477966,0.27360615134239197,602211279494,3067757011
1,2.2313385009765625,1,2.4483642578125,1,0.07925528287887573,0.6764910221099854,-143.97308349609375,67.08858489990234,13.776459693908691,1,0.06738457083702087,0.7384362816810608,-148.06675720214844,55.79706573486328,9.666682243347168,1,0.5292826294898987,-19.075672149658203,567.3521118164062,0.5000865459442139,0.5479147434234619,0.269774854183197,1,-59.01411437988281,-21.189699172973633,566.0472412109375,0.6440954804420471,0.5527657866477966,0.27360615134239197,602211279494,3067757011
1,2.2313385009765625,1,2.4483642578125,1,0.07925528287887573,0.6764910221099854,-143.97308349609375,67.08858489990234,13.776459693908691,1,0.06738457083702087,0.7384362816810608,-148.06675720214844,55.79706573486328,9.666682243347168,1,0.5292826294898987,-19.075672149658203,567.3521118164062,0.5000865459442139,0.5479147434234619,0.269774854183197,1,-59.01411437988281,-21.189699172973633,566.0472412109375,0.6440954804420471,0.5527657866477966,0.27360615134239197,602211279494,3067757011
1,2.23028564453125,1,2.3165130615234375,1,0.0809914767742157,0.6992107033729553,-143.3743438720703,62.94717788696289,12.269156455993652,1,0.04757125303149223,0.8095827698707581,-154.8994598388672,42.82831954956055,4.946502685546875,1,0.5337374210357666,-19.116676330566406,567.3348388671875,0.5000758171081543,0.5480118989944458,0.26973864436149597,1,-59.00653076171875,-21.215744018554688,566.049072265625,0.6440768241882324,0.5528271198272705,0.27360957860946655,602211287825,3067765342
1,2.23028564453125,1,2.3165130615234375,1,0.0809914767742157,0.6992107033729553,-143.3743438720703,62.94717788696289,12.269156455993652,1,0.04757125303149223,0.8095827698707581,-154.8994598388672,42.82831954956055,4.946502685546875,1,0.5337374210357666,-19.116676330566406,567.3348388671875,0.5000758171081543,0.5480118989944458,0.26973864436149597,1,-59.00653076171875,-21.215744018554688,566.049072265625,0.6440768241882324,0.5528271198272705,0.27360957860946655,602211287825,3067765342
1,2.23028564453125,1,2.3165130615234375,1,0.0809914767742157,0.6992107033729553,-143.3743438720703,62.94717788696289,12.269156455993652,1,0.04757125303149223,0.8095827698707581,-154.8994598388672,42.82831954956055,4.946502685546875,1,0.5337374210357666,-19.116676330566406,567.3348388671875,0.5000758171081543,0.5480118989944458,0.26973864436149597,1,-59.00653076171875,-21.215744018554688,566.049072265625,0.6440768241882324,0.5528271198272705,0.27360957860946655,602211287825,3067765342
1,2.23028564453125,1,2.3165130615234375,1,0.0809914767742157,0.6992107033729553,-143.3743438720703,62.94717788696289,12.269156455993652,1,0.04757125303149223,0.8095827698707581,-154.8994598388672,42.82831954956055,4.946502685546875,1,0.5337374210357666,-19.116676330566406,567.3348388671875,0.5000758171081543,0.5480118989944458,0.26973864436149597,1,-59.00653076171875,-21.215744018554688,566.049072265625,0.6440768241882324,0.5528271198272705,0.27360957860946655,602211287825,3067765342
1,2.23028564453125,1,2.3165130615234375,1,0.0809914767742157,0.6992107033729553,-143.3743438720703,62.94717788696289,12.269156455993652,1,0.04757125303149223,0.8095827698707581,-154.8994598388672,42.82831954956055,4.946502685546875,1,0.5337374210357666,-19.116676330566406,567.3348388671875,0.5000758171081543,0.5480118989944458,0.26973864436149597,1,-59.00653076171875,-21.215744018554688,566.049072265625,0.6440768241882324,0.5528271198272705,0.27360957860946655,602211287825,3067765342
1,2.23028564453125,1,2.3165130615234375,1,0.0809914767742157,0.6992107033729553,-143.3743438720703,62.94717788696289,12.269156455993652,1,0.04757125303149223,0.8095827698707581,-154.8994598388672,42.82831954956055,4.946502685546875,1,0.5337374210357666,-19.116676330566406,567.3348388671875,0.5000758171081543,0.5480118989944458,0.26973864436149597,1,-59.00653076171875,-21.215744018554688,566.049072265625,0.6440768241882324,0.5528271198272705,0.27360957860946655,602211287825,3067765342
1,2.23028564453125,1,2.3165130615234375,1,0.0809914767742157,0.6992107033729553,-143.3743438720703,62.94717788696289,12.269156455993652,1,0.04757125303149223,0.8095827698707581,-154.8994598388672,42.82831954956055,4.946502685546875,1,0.5337374210357666,-19.116676330566406,567.3348388671875,0.5000758171081543,0.5480118989944458,0.26973864436149597,1,-59.00653076171875,-21.215744018554688,566.049072265625,0.6440768241882324,0.5528271198272705,0.27360957860946655,602211287825,3067765342
1,2.249786376953125,1,2.491180419921875,1,0.0812561959028244,0.6840563416481018,-143.28305053710938,65.70952606201172,13.274578094482422,1,0.07490961998701096,0.7424600720405579,-145.47169494628906,55.06359100341797,9.399731636047363,1,0.5331594944000244,-19.081165313720703,567.3434448242188,0.5000772476196289,0.5479280352592468,0.26975613832473755,1,-59.007572174072266,-21.192049026489258,566.0484008789062,0.6440794467926025,0.552771270275116,0.2736073434352875,602211296160,3067773677
1,2.249786376953125,1,2.491180419921875,1,0.0812561959028244,0.6840563416481018,-143.28305053710938,65.70952606201172,13.274578094482422,1,0.07490961998701096,0.7424600720405579,-145.47169494628906,55.06359100341797,9.399731636047363,1,0.5331594944000244,-19.081165313720703,567.3434448242188,0.5000772476196289,0.5479280352592468,0.26975613832473755,1,-59.007572174072266,-21.192049026489258,566.0484008789062,0.6440794467926025,0.552771270275116,0.2736073434352875,602211296160,3067773677
1,2.249786376953125,1,2.491180419921875,1,0.0812561959028244,0.6840563416481018,-143.28305053710938,65.70952606201172,13.274578094482422,1,0.07490961998701096,0.7424600720405579,-145.47169494628906,55.06359100341797,9.399731636047363,1,0.5331594944000244,-19.081165313720703,567.3434448242188,0.5000772476196289,0.5479280352592468,0.26975613832473755,1,-59.007572174072266,-21.192049026489258,566.0484008789062,0.6440794467926025,0.552771270275116,0.2736073434352875,602211296160,3067773677
1,2.249786376953125,1,2.491180419921875,1,0.0812561959028244,0.6840563416481018,-143.28305053710938,65.70952606201172,13.274578094482422,1,0.07490961998701096,0.7424600720405579,-145.47169494628906,55.06359100341797,9.399731636047363,1,0.5331594944000244,-19.081165313720703,567.3434448242188,0.5000772476196289,0.5479280352592468,0.26975613832473755,1,-59.007572174072266,-21.192049026489258,566.0484008789062,0.6440794467926025,0.552771270275116,0.2736073434352875,602211296160,3067773677
1,2.249786376953125,1,2.491180419921875,1,0.0812561959028244,0.6840563416481018,-143.28305053710938,65.70952606201172,13.274578094482422,1,0.07490961998701096,0.7424600720405579,-145.47169494628906,55.06359100341797,9.399731636047363,1,0.5331594944000244,-19.081165313720703,567.3434448242188,0.5000772476196289,0.5479280352592468,0.26975613832473755,1,-59.007572174072266,-21.192049026489258,566.0484008789062,0.6440794467926025,0.552771270275116,0.2736073434352875,602211296160,3067773677
1,2.249786376953125,1,2.491180419921875,1,0.0812561959028244,0.6840563416481018,-143.28305053710938,65.70952606201172,13.274578094482422,1,0.07490961998701096,0.7424600720405579,-145.47169494628906,55.06359100341797,9.399731636047363,1,0.5331594944000244,-19.081165313720703,567.3434448242188,0.5000772476196289,0.5479280352592468,0.26975613832473755,1,-59.007572174072266,-21.192049026489258,566.0484008789062,0.6440794467926025,0.552771270275116,0.2736073434352875,602211296160,3067773677
1,2.249786376953125,1,2.491180419921875,1,0.0812561959028244,0.6840563416481018,-143.28305053710938,65.70952606201172,13.274578094482422,1,0.07490961998701096,0.7424600720405579,-145.47169494628906,55.06359100341797,9.399731636047363,1,0.5331594944000244,-19.081165313720703,567.3434448242188,0.5000772476196289,0.5479280352592468,0.26975613832473755,1,-59.007572174072266,-21.192049026489258,566.0484008789062,0.6440794467926025,0.552771270275116,0.2736073434352875,602211296160,3067773677
1,2.2149658203125,1,2.506683349609375,1,0.08398637175559998,0.6904141902923584,-142.341552734375,64.5506362915039,12.85267448425293,1,0.07433930039405823,0.7392905354499817,-145.66839599609375,55.641353607177734,9.610014915466309,1,0.5354060530662537,-19.11695098876953,567.3255615234375,0.5000717639923096,0.5480128526687622,0.2697184681892395,1,-59.00826644897461,-21.215648651123047,566.0667114257812,0.6440759897232056,0.5528261065483093,0.27364808320999146,602211304495,3067782012
1,2.2149658203125,1,2.506683349609375,1,0.08398637175559998,0.6904141902923584,-142.341552734375,64.5506362915039,12.85267448425293,1,0.07433930039405823,0.7392905354499817,-145.66839599609375,55.641353607177734,9.610014915466309,1,0.5354060530662537,-19.11695098876953,567.3255615234375,0.5000717639923096,0.5480128526687622,0.2697184681892395,1,-59.00826644897461,-21.215648651123047,566.0667114257812,0.6440759897232056,0.5528261065483093,0.27364808320999146,602211304495,3067782012
1,2.2149658203125,1,2.506683349609375,1,0.08398637175559998,0.6904141902923584,-142.341552734375,64.5506362915039,12.85267448425293,1,0.07433930039405823,0.7392905354499817,-145.66839599609375,55.641353607177734,9.610014915466309,1,0.5354060530662537,-19.11695098876953,567.3255615234375,0.5000717639923096,0.5480128526687622,0.2697184681892395,1,-59.00826644897461,-21.215648651123047,566.0667114257812,0.6440759897232056,0.5528261065483093,0.27364808320999146,602211304495,3067782012
1,2.2149658203125,1,2.506683349609375,1,0.08398637175559998,0.6904141902923584,-142.341552734375,64.5506362915039,12.85267448425293,1,0.07433930039405823,0.7392905354499817,-145.66839599609375,55.641353607177734,9.610014915466309,1,0.5354060530662537,-19.11695098876953,567.3255615234375,0.5000717639923096,0.5480128526687622,0.2697184681892395,1,-59.00826644897461,-21.215648651123047,566.0667114257812,0.6440759897232056,0.5528261065483093,0.27364808320999146,602211304495,3067782012
1,2.2149658203125,1,2.506683349609375,1,0.08398637175559998,0.6904141902923584,-142.341552734375,64.5506362915039,12.85267448425293,1,0.07433930039405823,0.7392905354499817,-145.66839599609375,55.641353607177734,9.610014915466309,1,0.5354060530662537,-19.11695098876953,567.3255615234375,0.5000717639923096,0.5480128526687622,0.2697184681892395,1,-59.00826644897461,-21.215648651123047,566.0667114257812,0.6440759897232056,0.5528261065483093,0.27364808320999146,602211304495,3067782012
1,2.2149658203125,1,2.506683349609375,1,0.08398637175559998,0.6904141902923584,-142.341552734375,64.5506362915039,12.85267448425293,1,0.07433930039405823,0.7392905354499817,-145.66839599609375,55.641353607177734,9.610014915466309,1,0.5354060530662537,-19.11695098876953,567.3255615234375,0.5000717639923096,0.5480128526687622,0.2697184681892395,1,-59.00826644897461,-21.215648651123047,566.0667114257812,0.6440759897232056,0.5528261065483093,0.27364808320999146,602211304495,3067782012
1,2.2149658203125,1,2.506683349609375,1,0.08398637175559998,0.6904141902923584,-142.341552734375,64.5506362915039,12.85267448425293,1,0.07433930039405823,0.7392905354499817,-145.66839599609375,55.641353607177734,9.610014915466309,1,0.5354060530662537,-19.11695098876953,567.3255615234375,0.5000717639923096,0.5480128526687622,0.2697184681892395,1,-59.00826644897461,-21.215648651123047,566.0667114257812,0.6440759897232056,0.5528261065483093,0.27364808320999146,602211304495,3067782012
1,2.2557525634765625,1,2.4735870361328125,1,0.0787426084280014,0.6830596327781677,-144.14987182617188,65.89122772216797,13.340679168701172,1,0.07536644488573074,0.7429695725440979,-145.31414794921875,54.97071075439453,9.365917205810547,1,0.5333297252655029,-19.098560333251953,567.379150390625,0.5000768899917603,0.5479676723480225,0.2698343098163605,1,-59.02596664428711,-21.200071334838867,566.154296875,0.6440931558609009,0.5527855157852173,0.2738407254219055,602211312827,3067790344
1,2.2557525634765625,1,2.4735870361328125,1,0.0787426084280014,0.6830596327781677,-144.14987182617188,65.89122772216797,13.340679168701172,1,0.07536644488573074,0.7429695725440979,-145.31414794921875,54.97071075439453,9.365917205810547,1,0.5333297252655029,-19.098560333251953,567.379150390625,0.5000768899917603,0.5479676723480225,0.2698343098163605,1,-59.02596664428711,-21.200071334838867,566.154296875,0.6440931558609009,0.5527855157852173,0.2738407254219055,602211312827,3067790344
1,2.2557525634765625,1,2.4735870361328125,1,0.0787426084280014,0.6830596327781677,-144.14987182617188,65.89122772216797,13.340679168701172,1,0.07536644488573074,0.7429695725440979,-145.31414794921875,54.97071075439453,9.365917205810547,1,0.5333297252655029,-19.098560333251953,567.379150390625,0.5000768899917603,0.5479676723480225,0.2698343098163605,1,-59.02596664428711,-21.200071334838867,566.154296875,0.6440931558609009,0.5527855157852173,0.2738407254219055,602211312827,3067790344
1,2.2557525634765625,1,2.4735870361328125,1,0.0787426084280014,0.6830596327781677,-144.14987182617188,65.89122772216797,13.340679168701172,1,0.07536644488573074,0.7429695725440979,-145.31414794921875,54.97071075439453,9.365917205810547,1,0.5333297252655029,-19.098560333251953,567.379150390625,0.5000768899917603,0.5479676723480225,0.2698343098163605,1,-59.02596664428711,-21.200071334838867,566.154296875,0.6440931558609009,0.5527855157852173,0.2738407254219055,602211312827,3067790344
1,2.2557525634765625,1,2.4735870361328125,1,0.0787426084280014,0.6830596327781677,-144.14987182617188,65.89122772216797,13.340679168701172,1,0.07536644488573074,0.7429695725440979,-145.31414794921875,54.97071075439453,9.365917205810547,1,0.5333297252655029,-19.098560333251953,567.379150390625,0.5000768899917603,0.5479676723480225,0.2698343098163605,1,-59.02596664428711,-21.200071334838867,566.154296875,0.6440931558609009,0.5527855157852173,0.2738407254219055,602211312827,3067790344
1,2.2557525634765625,1,2.4735870361328125,1,0.0787426084280014,0.6830596327781677,-144.14987182617188,65.89122772216797,13.340679168701172,1,0.07536644488573074,0.7429695725440979,-145.31414794921875,54.97071075439453,9.365917205810547,1,0.5333297252655029,-19.098560333251953,567.379150390625,0.5000768899917603,0.5479676723480225,0.2698343098163605,1,-59.02596664428711,-21.200071334838867,566.154296875,0.6440931558609009,0.5527855157852173,0.2738407254219055,602211312827,3067790344
1,2.2557525634765625,1,2.4735870361328125,1,0.0787426084280014,0.6830596327781677,-144.14987182617188,65.89122772216797,13.340679168701172,1,0.07536644488573074,0.7429695725440979,-145.31414794921875,54.97071075439453,9.365917205810547,1,0.5333297252655029,-19.098560333251953,567.379150390625,0.5000768899917603,0.5479676723480225,0.2698343098163605,1,-59.02596664428711,-21.200071334838867,566.154296875,0.6440931558609009,0.5527855157852173,0.2738407254219055,602211312827,3067790344
1,2.2558135986328125,1,2.4899749755859375,1,0.08259241282939911,0.6945626735687256,-142.822265625,63.7944450378418,12.577521324157715,1,0.0754125639796257,0.745449960231781,-145.29824829101562,54.51856231689453,9.201416015625,1,0.529923677444458,-19.12997055053711,567.3436889648438,0.5000850558280945,0.548042893409729,0.26975828409194946,1,-59.007991790771484,-21.221412658691406,566.03125,0.6440855860710144,0.5528411865234375,0.27357152104377747,602211321162,3067798679
1,2.2558135986328125,1,2.4899749755859375,1,0.08259241282939911,0.6945626735687256,-142.822265625,63.7944450378418,12.577521324157715,1,0.0754125639796257,0.745449960231781,-145.29824829101562,54.51856231689453,9.201416015625,1,0.529923677444458,-19.12997055053711,567.3436889648438,0.5000850558280945,0.548042893409729,0.26975828409194946,1,-59.007991790771484,-21.221412658691406,566.03125,0.6440855860710144,0.5528411865234375,0.27357152104377747,602211321162,3067798679
1,2.2558135986328125,1,2.4899749755859375,1,0.08259241282939911,0.6945626735687256,-142.822265625,63.7944450378418,12.577521324157715,1,0.0754125639796257,0.745449960231781,-145.29824829101562,54.51856231689453,9.201416015625,1,0.529923677444458,-19.12997055053711,567.3436889648438,0.5000850558280945,0.548042893409729,0.26975828409194946,1,-59.007991790771484,-21.221412658691406,566.03125,0.6440855860710144,0.5528411865234375,0.27357152104377747,602211321162,3067798679
1,2.2558135986328125,1,2.4899749755859375,1,0.08259241282939911,0.6945626735687256,-142.822265625,63.7944450378418,12.577521324157715,1,0.0754125639796257,0.745449960231781,-145.29824829101562,54.51856231689453,9.201416015625,1,0.529923677444458,-19.12997055053711,567.3436889648438,0.5000850558280945,0.548042893409729,0.26975828409194946,1,-59.007991790771484,-21.221412658691406,566.03125,0.6440855860710144,0.5528411865234375,0.27357152104377747,602211321162,3067798679
1,2.2558135986328125,1,2.4899749755859375,1,0.08259241282939911,0.6945626735687256,-142.822265625,63.7944450378418,12.577521324157715,1,0.0754125639796257,0.745449960231781,-145.29824829101562,54.51856231689453,9.201416015625,1,0.529923677444458,-19.12997055053711,567.3436889648438,0.5000850558280945,0.548042893409729,0.26975828409194946,1,-59.007991790771484,-21.221412658691406,566.03125,0.6440855860710144,0.5528411865234375,0.27357152104377747,602211321162,3067798679
1,2.2558135986328125,1,2.4899749755859375,1,0.08259241282939911,0.6945626735687256,-142.822265625,63.7944450378418,12.577521324157715,1,0.0754125639796257,0.745449960231781,-145.29824829101562,54.51856231689453,9.201416015625,1,0.529923677444458,-19.12997055053711,567.3436889648438,0.5000850558280945,0.548042893409729,0.26975828409194946,1,-59.007991790771484,-21.221412658691406,566.03125,0.6440855860710144,0.5528411865234375,0.27357152104377747,602211321162,3067798679
1,2.2558135986328125,1,2.4899749755859375,1,0.08259241282939911,0.6945626735687256,-142.822265625,63.7944450378418,12.577521324157715,1,0.0754125639796257,0.745449960231781,-145.29824829101562,54.51856231689453,9.201416015625,1,0.529923677444458,-19.12997055053711,567.3436889648438,0.5000850558280945,0.548042893409729,0.26975828409194946,1,-59.007991790771484,-21.221412658691406,566.03125,0.6440855860710144,0.5528411865234375,0.27357152104377747,602211321162,3067798679
1,2.2253570556640625,1,2.498046875,1,0.08577456325292587,0.6863484382629395,-141.72488403320312,65.291748046875,13.122503280639648,1,0.08542387187480927,0.7414491772651672,-141.84580993652344,55.24783706665039,9.466822624206543,1,0.5277278423309326,-19.110092163085938,567.3436279296875,0.5000904202461243,0.5479959845542908,0.269757479429245,1,-59.027164459228516,-21.205915451049805,566.1087646484375,0.6441092491149902,0.552801251411438,0.27374279499053955,602211329493,3067807010
1,2.2253570556640625,1,2.498046875,1,0.08577456325292587,0.6863484382629395,-141.72488403320312,65.291748046875,13.122503280639648,1,0.08542387187480927,0.7414491772651672,-141.84580993652344,55.24783706665039,9.466822624206543,1,0.5277278423309326,-19.110092163085938,567.3436279296875,0.5000904202461243,0.5479959845542908,0.269757479429245,1,-59.027164459228516,-21.205915451049805,566.1087646484375,0.6441092491149902,0.552801251411438,0.27374279499053955,602211329493,3067807010
1,2.2253570556640625,1,2.498046875,1,0.08577456325292587,0.6863484382629395,-141.72488403320312,65.291748046875,13.122503280639648,1,0.08542387187480927,0.7414491772651672,-141.84580993652344,55.24783706665039,9.466822624206543,1,0.5277278423309326,-19.110092163085938,567.3436279296875,0.5000904202461243,0.5479959845542908,0.269757479429245,1,-59.027164459228516,-21.205915451049805,566.1087646484375,0.6441092491149902,0.552801251411438,0.27374279499053955,602211329493,3067807010
1,2.2253570556640625,1,2.498046875,1,0.08577456325292587,0.6863484382629395,-141.72488403320312,65.291748046875,13.122503280639648,1,0.08542387187480927,0.7414491772651672,-141.84580993652344,55.24783706665039,9.466822624206543,1,0.5277278423309326,-19.110092163085938,567.3436279296875,0.5000904202461243,0.5479959845542908,0.269757479429245,1,-59.027164459228516,-21.205915451049805,566.1087646484375,0.6441092491149902,0.552801251411438,0.27374279499053955,602211329493,3067807010
1,2.2253570556640625,1,2.498046875,1,0.08577456325292587,0.6863484382629395,-141.72488403320312,65.291748046875,13.122503280639648,1,0.08542387187480927,0.7414491772651672,-141.84580993652344,55.24783706665039,9.466822624206543,1,0.5277278423309326,-19.110092163085938,567.3436279296875,0.5000904202461243,0.5479959845542908,0.269757479429245,1,-59.027164459228516,-21.205915451049805,566.1087646484375,0.6441092491149902,0.552801251411438,0.27374279499053955,602211329493,3067807010
1,2.2253570556640625,1,2.498046875,1,0.08577456325292587,0.6863484382629395,-141.72488403320312,65.291748046875,13.122503280639648,1,0.08542387187480927,0.7414491772651672,-141.84580993652344,55.24783706665039,9.466822624206543,1,0.5277278423309326,-19.110092163085938,567.3436279296875,0.5000904202461243,0.5479959845542908,0.269757479429245,1,-59.027164459228516,-21.205915451049805,566.1087646484375,0.6441092491149902,0.552801251411438,0.27374279499053955,602211329493,3067807010
1,2.2253570556640625,1,2.498046875,1,0.08577456325292587,0.6863484382629395,-141.72488403320312,65.291748046875,13.122503280639648,1,0.08542387187480927,0.7414491772651672,-141.84580993652344,55.24783706665039,9.466822624206543,1,0.5277278423309326,-19.110092163085938,567.3436279296875,0.5000904202461243,0.5479959845542908,0.269757479429245,1,-59.027164459228516,-21.205915451049805,566.1087646484375,0.6441092491149902,0.552801251411438,0.27374279499053955,602211329493,3067807010
1,2.339508056640625,1,2.4737091064453125,1,0.0861063152551651,0.7545999884605408,-141.61048889160156,52.85072708129883,8.594303131103516,1,0.0704367458820343,0.7467097043991089,-147.0142059326172,54.2889518737793,9.117779731750488,1,0.5216676592826843,-19.12735366821289,567.370361328125,0.5001050233840942,0.548035740852356,0.269816130399704,1,-59.027740478515625,-21.22203826904297,566.0720825195312,0.6441214084625244,0.5528408885002136,0.273664265871048,602211337828,3067815345
1,2.339508056640625,1,2.4737091064453125,1,0.0861063152551651,0.7545999884605408,-141.61048889160156,52.85072708129883,8.594303131103516,1,0.0704367458820343,0.7467097043991089,-147.0142059326172,54.2889518737793,9.117779731750488,1,0.5216676592826843,-19.12735366821289,567.370361328125,0.5001050233840942,0.548035740852356,0.269816130399704,1,-59.027740478515625,-21.22203826904297,566.0720825195312,0.6441214084625244,0.5528408885002136,0.273664265871048,602211337828,3067815345
1,2.339508056640625,1,2.4737091064453125,1,0.0861063152551651,0.7545999884605408,-141.61048889160156,52.85072708129883,8.594303131103516,1,0.0704367458820343,0.7467097043991089,-147.0142059326172,54.2889518737793,9.117779731750488,1,0.5216676592826843,-19.12735366821289,567.370361328125,0.5001050233840942,0.548035740852356,0.269816130399704,1,-59.027740478515625,-21.22203826904297,566.0720825195312,0.6441214084625244,0.5528408885002136,0.273664265871048,602211337828,3067815345
1,2.339508056640625,1,2.4737091064453125,1,0.0861063152551651,0.7545999884605408,-141.61048889160156,52.85072708129883,8.594303131103516,1,0.0704367458820343,0.7467097043991089,-147.0142059326172,54.2889518737793,9.117779731750488,1,0.5216676592826843,-19.12735366821289,567.370361328125,0.5001050233840942,0.548035740852356,0.269816130399704,1,-59.027740478515625,-21.22203826904297,566.0720825195312,0.6441214084625244,0.5528408885002136,0.273664265871048,602211337828,3067815345
1,2.339508056640625,1,2.4737091064453125,1,0.0861063152551651,0.7545999884605408,-141.61048889160156,52.85072708129883,8.594303131103516,1,0.0704367458820343,0.7467097043991089,-147.0142059326172,54.2889518737793,9.117779731750488,1,0.5216676592826843,-19.12735366821289,567.370361328125,0.5001050233840942,0.548035740852356,0.269816130399704,1,-59.027740478515625,-21.22203826904297,566.0720825195312,0.6441214084625244,0.5528408885002136,0.273664265871048,602211337828,3067815345
1,2.339508056640625,1,2.4737091064453125,1,0.0861063152551651,0.7545999884605408,-141.61048889160156,52.85072708129883,8.594303131103516,1,0.0704367458820343,0.7467097043991089,-147.0142059326172,54.2889518737793,9.117779731750488,1,0.5216676592826843,-19.12735366821289,567.370361328125,0.5001050233840942,0.548035740852356,0.269816130399704,1,-59.027740478515625,-21.22203826904297,566.0720825195312,0.6441214084625244,0.5528408885002136,0.273664265871048,602211337828,3067815345
1,2.339508056640625,1,2.4737091064453125,1,0.0861063152551651,0.7545999884605408,-141.61048889160156,52.85072708129883,8.594303131103516,1,0.0704367458820343,0.7467097043991089,-147.0142059326172,54.2889518737793,9.117779731750488,1,0.5216676592826843,-19.12735366821289,567.370361328125,0.5001050233840942,0.548035740852356,0.269816130399704,1,-59.027740478515625,-21.22203826904297,566.0720825195312,0.6441214084625244,0.5528408885002136,0.273664265871048,602211337828,3067815345
1,2.245513916015625,1,2.438446044921875,1,0.07425513118505478,0.672694742679596,-145.69740295410156,67.78055572509766,14.02833080291748,1,0.07592181861400604,0.7416507601737976,-145.1226348876953,55.21110534667969,9.453469276428223,1,0.5178554058074951,-19.136943817138672,567.3792114257812,0.5001143217086792,0.5480579733848572,0.26983562111854553,1,-59.0346565246582,-21.227375030517578,566.0797119140625,0.6441358923912048,0.5528531670570374,0.273682564496994,602211346160,3067823677
1,2.245513916015625,1,2.438446044921875,1,0.07425513118505478,0.672694742679596,-145.69740295410156,67.78055572509766,14.02833080291748,1,0.07592181861400604,0.7416507601737976,-145.1226348876953,55.21110534667969,9.453469276428223,1,0.5178554058074951,-19.136943817138672,567.3792114257812,0.5001143217086792,0.5480579733848572,0.26983562111854553,1,-59.0346565246582,-21.227375030517578,566.0797119140625,0.6441358923912048,0.5528531670570374,0.273682564496994,602211346160,3067823677
1,2.245513916015625,1,2.438446044921875,1,0.07425513118505478,0.672694742679596,-145.69740295410156,67.78055572509766,14.02833080291748,1,0.07592181861400604,0.7416507601737976,-145.1226348876953,55.21110534667969,9.453469276428223,1,0.5178554058074951,-19.136943817138672,567.3792114257812,0.5001143217086792,0.5480579733848572,0.26983562111854553,1,-59.0346565246582,-21.227375030517578,566.0797119140625,0.6441358923912048,0.5528531670570374,0.273682564496994,602211346160,3067823677
1,2.245513916015625,1,2.438446044921875,1,0.07425513118505478,0.672694742679596,-145.69740295410156,67.78055572509766,14.02833080291748,1,0.07592181861400604,0.7416507601737976,-145.1226348876953,55.21110534667969,9.453469276428223,1,0.5178554058074951,-19.136943817138672,567.3792114257812,0.5001143217086792,0.5480579733848572,0.26983562111854553,1,-59.0346565246582,-21.227375030517578,566.0797119140625,0.6441358923912048,0.5528531670570374,0.273682564496994,602211346160,3067823677
1,2.245513916015625,1,2.438446044921875,1,0.07425513118505478,0.672694742679596,-145.69740295410156,67.78055572509766,14.02833080291748,1,0.07592181861400604,0.7416507601737976,-145.1226348876953,55.21110534667969,9.453469276428223,1,0.5178554058074951,-19.136943817138672,567.3792114257812,0.5001143217086792,0.5480579733848572,0.26983562111854553,1,-59.0346565246582,-21.227375030517578,566.0797119140625,0.6441358923912048,0.5528531670570374,0.273682564496994,602211346160,3067823677
1,2.245513916015625,1,2.438446044921875,1,0.07425513118505478,0.672694742679596,-145.69740295410156,67.78055572509766,14.02833080291748,1,0.07592181861400604,0.7416507601737976,-145.1226348876953,55.21110534667969,9.453469276428223,1,0.5178554058074951,-19.136943817138672,567.3792114257812,0.5001143217086792,0.5480579733848572,0.26983562111854553,1,-59.0346565246582,-21.227375030517578,566.0797119140625,0.6441358923912048,0.5528531670570374,0.273682564496994,602211346160,3067823677
1,2.245513916015625,1,2.438446044921875,1,0.07425513118505478,0.672694742679596,-145.69740295410156,67.78055572509766,14.02833080291748,1,0.07592181861400604,0.7416507601737976,-145.1226348876953,55.21110534667969,9.453469276428223,1,0.5178554058074951,-19.136943817138672,567.3792114257812,0.5001143217086792,0.5480579733848572,0.26983562111854553,1,-59.0346565246582,-21.227375030517578,566.0797119140625,0.6441358923912048,0.5528531670570374,0.273682564496994,602211346160,3067823677
1,2.2530517578125,1,2.4736175537109375,1,0.07313552498817444,0.6846668720245361,-146.08349609375,65.59825897216797,13.234051704406738,1,0.07592447847127914,0.7439336180686951,-145.12171936035156,54.79497528076172,9.302003860473633,1,0.5098041296005249,-19.12487030029297,567.4058837890625,0.5001338124275208,0.5480286478996277,0.26989322900772095,1,-59.04002380371094,-21.218355178833008,566.0792236328125,0.6441488862037659,0.5528318881988525,0.27368229627609253,602211354494,3067832011
1,2.2530517578125,1,2.4736175537109375,1,0.07313552498817444,0.6846668720245361,-146.08349609375,65.59825897216797,13.234051704406738,1,0.07592447847127914,0.7439336180686951,-145.12171936035156,54.79497528076172,9.302003860473633,1,0.5098041296005249,-19.12487030029297,567.4058837890625,0.5001338124275208,0.5480286478996277,0.26989322900772095,1,-59.04002380371094,-21.218355178833008,566.0792236328125,0.6441488862037659,0.5528318881988525,0.27368229627609253,602211354494,3067832011
1,2.2530517578125,1,2.4736175537109375,1,0.07313552498817444,0.6846668720245361,-146.08349609375,65.59825897216797,13.234051704406738,1,0.07592447847127914,0.7439336180686951,-145.12171936035156,54.79497528076172,9.302003860473633,1,0.5098041296005249,-19.12487030029297,567.4058837890625,0.5001338124275208,0.5480286478996277,0.26989322900772095,1,-59.04002380371094,-21.218355178833008,566.0792236328125,0.6441488862037659,0.5528318881988525,0.27368229627609253,602211354494,3067832011
1,2.2530517578125,1,2.4736175537109375,1,0.07313552498817444,0.6846668720245361,-146.08349609375,65.59825897216797,13.234051704406738,1,0.07592447847127914,0.7439336180686951,-145.12171936035156,54.79497528076172,9.302003860473633,1,0.5098041296005249,-19.12487030029297,567.4058837890625,0.5001338124275208,0.5480286478996277,0.26989322900772095,1,-59.04002380371094,-21.218355178833008,566.0792236328125,0.6441488862037659,0.5528318881988525,0.27368229627609253,602211354494,3067832011
1,2.2530517578125,1,2.4736175537109375,1,0.07313552498817444,0.6846668720245361,-146.08349609375,65.59825897216797,13.234051704406738,1,0.07592447847127914,0.7439336180686951,-145.12171936035156,54.79497528076172,9.302003860473633,1,0.5098041296005249,-19.12487030029297,567.4058837890625,0.5001338124275208,0.5480286478996277,0.26989322900772095,1,-59.04002380371094,-21.218355178833008,566.0792236328125,0.6441488862037659,0.5528318881988525,0.27368229627609253,602211354494,3067832011
1,2.2530517578125,1,2.4736175537109375,1,0.07313552498817444,0.6846668720245361,-146.08349609375,65.59825897216797,13.234051704406738,1,0.07592447847127914,0.7439336180686951,-145.12171936035156,54.79497528076172,9.302003860473633,1,0.5098041296005249,-19.12487030029297,567.4058837890625,0.5001338124275208,0.5480286478996277,0.26989322900772095,1,-59.04002380371094,-21.218355178833008,566.0792236328125,0.6441488862037659,0.5528318881988525,0.27368229627609253,602211354494,3067832011
1,2.2530517578125,1,2.4736175537109375,1,0.07313552498817444,0.6846668720245361,-146.08349609375,65.59825897216797,13.234051704406738,1,0.07592447847127914,0.7439336180686951,-145.12171936035156,54.79497528076172,9.302003860473633,1,0.5098041296005249,-19.12487030029297,567.4058837890625,0.5001338124275208,0.5480286478996277,0.26989322900772095,1,-59.04002380371094,-21.218355178833008,566.0792236328125,0.6441488862037659,0.5528318881988525,0.27368229627609253,602211354494,3067832011
1,2.2314910888671875,1,2.4794464111328125,1,0.08296678960323334,0.6754752397537231,-142.69314575195312,67.27372741699219,13.84386157989502,1,0.07189702987670898,0.7390615344047546,-146.51060485839844,55.68307876586914,9.625239372253418,1,0.5014553666114807,-19.140602111816406,567.4857177734375,0.5001541376113892,0.5480628609657288,0.2700673043727875,1,-59.04423522949219,-21.229169845581055,566.0510864257812,0.6441672444343567,0.5528585910797119,0.27362287044525146,602211362827,3067840344
1,2.2314910888671875,1,2.4794464111328125,1,0.08296678960323334,0.6754752397537231,-142.69314575195312,67.27372741699219,13.84386157989502,1,0.07189702987670898,0.7390615344047546,-146.51060485839844,55.68307876586914,9.625239372253418,1,0.5014553666114807,-19.140602111816406,567.4857177734375,0.5001541376113892,0.5480628609657288,0.2700673043727875,1,-59.04423522949219,-21.229169845581055,566.0510864257812,0.6441672444343567,0.5528585910797119,0.27362287044525146,602211362827,3067840344
1,2.2314910888671875,1,2.4794464111328125,1,0.08296678960323334,0.6754752397537231,-142.69314575195312,67.27372741699219,13.84386157989502,1,0.07189702987670898,0.7390615344047546,-146.51060485839844,55.68307876586914,9.625239372253418,1,0.5014553666114807,-19.140602111816406,567.4857177734375,0.5001541376113892,0.5480628609657288,0.2700673043727875,1,-59.04423522949219,-21.229169845581055,566.0510864257812,0.6441672444343567,0.5528585910797119,0.27362287044525146,602211362827,3067840344
1,2.2314910888671875,1,2.4794464111328125,1,0.08296678960323334,0.6754752397537231,-142.69314575195312,67.27372741699219,13.84386157989502,1,0.07189702987670898,0.7390615344047546,-146.51060485839844,55.68307876586914,9.625239372253418,1,0.5014553666114807,-19.140602111816406,567.4857177734375,0.5001541376113892,0.5480628609657288,0.2700673043727875,1,-59.04423522949219,-21.229169845581055,566.0510864257812,0.6441672444343567,0.5528585910797119,0.27362287044525146,602211362827,3067840344
1,2.2314910888671875,1,2.4794464111328125,1,0.08296678960323334,0.6754752397537231,-142.69314575195312,67.27372741699219,13.84386157989502,1,0.07189702987670898,0.7390615344047546,-146.51060485839844,55.68307876586914,9.625239372253418,1,0.5014553666114807,-19.140602111816406,567.4857177734375,0.5001541376113892,0.5480628609657288,0.2700673043727875,1,-59.04423522949219,-21.229169845581055,566.0510864257812,0.6441672444343567,0.5528585910797119,0.27362287044525146,602211362827,3067840344
1,2.2314910888671875,1,2.4794464111328125,1,0.08296678960323334,0.6754752397537231,-142.69314575195312,67.27372741699219,13.84386157989502,1,0.07189702987670898,0.7390615344047546,-146.51060485839844,55.68307876586914,9.625239372253418,1,0.5014553666114807,-19.140602111816406,567.4857177734375,0.5001541376113892,0.5480628609657288,0.2700673043727875,1,-59.04423522949219,-21.229169845581055,566.0510864257812,0.6441672444343567,0.5528585910797119,0.27362287044525146,602211362827,3067840344
1,2.2314910888671875,1,2.4794464111328125,1,0.08296678960323334,0.6754752397537231,-142.69314575195312,67.27372741699219,13.84386157989502,1,0.07189702987670898,0.7390615344047546,-146.51060485839844,55.68307876586914,9.625239372253418,1,0.5014553666114807,-19.140602111816406,567.4857177734375,0.5001541376113892,0.5480628609657288,0.2700673043727875,1,-59.04423522949219,-21.229169845581055,566.0510864257812,0.6441672444343567,0.5528585910797119,0.27362287044525146,602211362827,3067840344
1,2.2714691162109375,1,2.5038299560546875,1,0.08086442947387695,0.6915746331214905,-143.4181671142578,64.33911895751953,12.775700569152832,1,0.0834936574101448,0.7594643831253052,-142.51144409179688,51.96401596069336,8.271556854248047,1,0.4942084550857544,-19.135692596435547,567.4235229492188,0.5001715421676636,0.5480533838272095,0.269931823015213,1,-59.05513381958008,-21.229642868041992,566.0765991210938,0.6441861987113953,0.5528585314750671,0.2736804485321045,602211371160,3067848677
1,2.2714691162109375,1,2.5038299560546875,1,0.08086442947387695,0.6915746331214905,-143.4181671142578,64.33911895751953,12.775700569152832,1,0.0834936574101448,0.7594643831253052,-142.51144409179688,51.96401596069336,8.271556854248047,1,0.4942084550857544,-19.135692596435547,567.4235229492188,0.5001715421676636,0.5480533838272095,0.269931823015213,1,-59.05513381958008,-21.229642868041992,566.0765991210938,0.6441861987113953,0.5528585314750671,0.2736804485321045,602211371160,3067848677
1,2.2714691162109375,1,2.5038299560546875,1,0.08086442947387695,0.6915746331214905,-143.4181671142578,64.33911895751953,12.775700569152832,1,0.0834936574101448,0.7594643831253052,-142.51144409179688,51.96401596069336,8.271556854248047,1,0.4942084550857544,-19.135692596435547,567.4235229492188,0.5001715421676636,0.5480533838272095,0.269931823015213,1,-59.05513381958008,-21.229642868041992,566.0765991210938,0.6441861987113953,0.5528585314750671,0.2736804485321045,602211371160,3067848677
1,2.2714691162109375,1,2.5038299560546875,1,0.08086442947387695,0.6915746331214905,-143.4181671142578,64.33911895751953,12.775700569152832,1,0.0834936574101448,0.7594643831253052,-142.51144409179688,51.96401596069336,8.271556854248047,1,0.4942084550857544,-19.135692596435547,567.4235229492188,0.5001715421676636,0.5480533838272095,0.269931823015213,1,-59.05513381958008,-21.229642868041992,566.0765991210938,0.6441861987113953,0.5528585314750671,0.2736804485321045,602211371160,3067848677
1,2.2714691162109375,1,2.5038299560546875,1,0.08086442947387695,0.6915746331214905,-143.4181671142578,64.33911895751953,12.775700569152832,1,0.0834936574101448,0.7594643831253052,-142.51144409179688,51.96401596069336,8.271556854248047,1,0.4942084550857544,-19.135692596435547,567.4235229492188,0.5001715421676636,0.5480533838272095,0.269931823015213,1,-59.05513381958008,-21.229642868041992,566.0765991210938,0.6441861987113953,0.5528585314750671,0.2736804485321045,602211371160,3067848677
1,2.2714691162109375,1,2.5038299560546875,1,0.08086442947387695,0.6915746331214905,-143.4181671142578,64.33911895751953,12.775700569152832,1,0.0834936574101448,0.7594643831253052,-142.51144409179688,51.96401596069336,8.271556854248047,1,0.4942084550857544,-19.135692596435547,567.4235229492188,0.5001715421676636,0.5480533838272095,0.269931823015213,1,-59.05513381958008,-21.229642868041992,566.0765991210938,0.6441861987113953,0.5528585314750671,0.2736804485321045,602211371160,3067848677
1,2.2714691162109375,1,2.5038299560546875,1,0.08086442947387695,0.6915746331214905,-143.4181671142578,64.33911895751953,12.775700569152832,1,0.0834936574101448,0.7594643831253052,-142.51144409179688,51.96401596069336,8.271556854248047,1,0.4942084550857544,-19.135692596435547,567.4235229492188,0.5001715421676636,0.5480533838272095,0.269931823015213,1,-59.05513381958008,-21.229642868041992,566.0765991210938,0.6441861987113953,0.5528585314750671,0.2736804485321045,602211371160,3067848677
1,2.3165283203125,0,nan,1,0.0796520933508873,0.7273011207580566,-143.83624267578125,57.82682418823242,10.405435562133789,0,nan,nan,nan,nan,nan,1,0.4828783869743347,-19.144176483154297,567.468017578125,0.500199019908905,0.5480718016624451,0.27002882957458496,0,nan,nan,nan,nan,nan,nan,602211379493,3067857010
1,2.3165283203125,0,nan,1,0.0796520933508873,0.7273011207580566,-143.83624267578125,57.82682418823242,10.405435562133789,0,nan,nan,nan,nan,nan,1,0.4828783869743347,-19.144176483154297,567.468017578125,0.500199019908905,0.5480718016624451,0.27002882957458496,0,nan,nan,nan,nan,nan,nan,602211379493,3067857010
1,2.3165283203125,0,nan,1,0.0796520933508873,0.7273011207580566,-143.83624267578125,57.82682418823242,10.405435562133789,0,nan,nan,nan,nan,nan,1,0.4828783869743347,-19.144176483154297,567.468017578125,0.500199019908905,0.5480718016624451,0.27002882957458496,0,nan,nan,nan,nan,nan,nan,602211379493,3067857010
1,2.3165283203125,0,nan,1,0.0796520933508873,0.7273011207580566,-143.83624267578125,57.82682418823242,10.405435562133789,0,nan,nan,nan,nan,nan,1,0.4828783869743347,-19.144176483154297,567.468017578125,0.500199019908905,0.5480718016624451,0.27002882957458496,0,nan,nan,nan,nan,nan,nan,602211379493,3067857010
1,2.3165283203125,0,nan,1,0.0796520933508873,0.7273011207580566,-143.83624267578125,57.82682418823242,10.405435562133789,0,nan,nan,nan,nan,nan,1,0.4828783869743347,-19.144176483154297,567.468017578125,0.500199019908905,0.5480718016624451,0.27002882957458496,0,nan,nan,nan,nan,nan,nan,602211379493,3067857010
1,2.3165283203125,0,nan,1,0.0796520933508873,0.7273011207580566,-143.83624267578125,57.82682418823242,10.405435562133789,0,nan,nan,nan,nan,nan,1,0.4828783869743347,-19.144176483154297,567.468017578125,0.500199019908905,0.5480718016624451,0.27002882957458496,0,nan,nan,nan,nan,nan,nan,602211379493,3067857010
1,2.3165283203125,0,nan,1,0.0796520933508873,0.7273011207580566,-143.83624267578125,57.82682418823242,10.405435562133789,0,nan,nan,nan,nan,nan,1,0.4828783869743347,-19.144176483154297,567.468017578125,0.500199019908905,0.5480718016624451,0.27002882957458496,0,nan,nan,nan,nan,nan,nan,602211379493,3067857010
1,2.314697265625,1,2.4331817626953125,1,0.0675598755478859,0.6901745796203613,-148.00628662109375,64.59430694580078,12.868638038635254,1,0.05987180396914482,0.7366327047348022,-150.65756225585938,56.12580871582031,9.78632926940918,1,0.4722101092338562,-19.141437530517578,567.46826171875,0.5002248287200928,0.5480653047561646,0.27002933621406555,1,-59.072044372558594,-21.236888885498047,566.0909423828125,0.6442227959632874,0.5528750419616699,0.27371546626091003,602211387826,3067865343
1,2.314697265625,1,2.4331817626953125,1,0.0675598755478859,0.6901745796203613,-148.00628662109375,64.59430694580078,12.868638038635254,1,0.05987180396914482,0.7366327047348022,-150.65756225585938,56.12580871582031,9.78632926940918,1,0.4722101092338562,-19.141437530517578,567.46826171875,0.5002248287200928,0.5480653047561646,0.27002933621406555,1,-59.072044372558594,-21.236888885498047,566.0909423828125,0.6442227959632874,0.5528750419616699,0.27371546626091003,602211387826,3067865343
1,2.314697265625,1,2.4331817626953125,1,0.0675598755478859,0.6901745796203613,-148.00628662109375,64.59430694580078,12.868638038635254,1,0.05987180396914482,0.7366327047348022,-150.65756225585938,56.12580871582031,9.78632926940918,1,0.4722101092338562,-19.141437530517578,567.46826171875,0.5002248287200928,0.5480653047561646,0.27002933621406555,1,-59.072044372558594,-21.236888885498047,566.0909423828125,0.6442227959632874,0.5528750419616699,0.27371546626091003,602211387826,3067865343
1,2.314697265625,1,2.4331817626953125,1,0.0675598755478859,0.6901745796203613,-148.00628662109375,64.59430694580078,12.868638038635254,1,0.05987180396914482,0.7366327047348022,-150.65756225585938,56.12580871582031,9.78632926940918,1,0.4722101092338562,-19.141437530517578,567.46826171875,0.5002248287200928,0.5480653047561646,0.27002933621406555,1,-59.072044372558594,-21.236888885498047,566.0909423828125,0.6442227959632874,0.5528750419616699,0.27371546626091003,602211387826,3067865343
1,2.314697265625,1,2.4331817626953125,1,0.0675598755478859,0.6901745796203613,-148.00628662109375,64.59430694580078,12.868638038635254,1,0.05987180396914482,0.7366327047348022,-150.65756225585938,56.12580871582031,9.78632926940918,1,0.4722101092338562,-19.141437530517578,567.46826171875,0.5002248287200928,0.5480653047561646,0.27002933621406555,1,-59.072044372558594,-21.236888885498047,566.0909423828125,0.6442227959632874,0.5528750419616699,0.27371546626091003,602211387826,3067865343
1,2.314697265625,1,2.4331817626953125,1,0.0675598755478859,0.6901745796203613,-148.00628662109375,64.59430694580078,12.868638038635254,1,0.05987180396914482,0.7366327047348022,-150.65756225585938,56.12580871582031,9.78632926940918,1,0.4722101092338562,-19.141437530517578,567.46826171875,0.5002248287200928,0.5480653047561646,0.27002933621406555,1,-59.072044372558594,-21.236888885498047,566.0909423828125,0.6442227959632874,0.5528750419616699,0.27371546626091003,602211387826,3067865343
1,2.314697265625,1,2.4331817626953125,1,0.0675598755478859,0.6901745796203613,-148.00628662109375,64.59430694580078,12.868638038635254,1,0.05987180396914482,0.7366327047348022,-150.65756225585938,56.12580871582031,9.78632926940918,1,0.4722101092338562,-19.141437530517578,567.46826171875,0.5002248287200928,0.5480653047561646,0.27002933621406555,1,-59.072044372558594,-21.236888885498047,566.0909423828125,0.6442227959632874,0.5528750419616699,0.27371546626091003,602211387826,3067865343
1,2.2661895751953125,1,2.452117919921875,1,0.08192800730466843,0.7059484124183655,-143.05137634277344,61.7190055847168,11.82213306427002,1,0.06145557016134262,0.7346057295799255,-150.1113739013672,56.495269775390625,9.920855522155762,1,0.4626261591911316,-19.14215087890625,567.3878173828125,0.5002478361129761,0.5480697751045227,0.26985445618629456,1,-59.084930419921875,-21.23914337158203,566.115966796875,0.6442465782165527,0.5528792142868042,0.27377253770828247,602211396160,3067873677
1,2.2661895751953125,1,2.452117919921875,1,0.08192800730466843,0.7059484124183655,-143.05137634277344,61.7190055847168,11.82213306427002,1,0.06145557016134262,0.7346057295799255,-150.1113739013672,56.495269775390625,9.920855522155762,1,0.4626261591911316,-19.14215087890625,567.3878173828125,0.5002478361129761,0.5480697751045227,0.26985445618629456,1,-59.084930419921875,-21.23914337158203,566.115966796875,0.6442465782165527,0.5528792142868042,0.27377253770828247,602211396160,3067873677
1,2.2661895751953125,1,2.452117919921875,1,0.08192800730466843,0.7059484124183655,-143.05137634277344,61.7190055847168,11.82213306427002,1,0.06145557016134262,0.7346057295799255,-150.1113739013672,56.495269775390625,9.920855522155762,1,0.4626261591911316,-19.14215087890625,567.3878173828125,0.5002478361129761,0.5480697751045227,0.26985445618629456,1,-59.084930419921875,-21.23914337158203,566.115966796875,0.6442465782165527,0.5528792142868042,0.27377253770828247,602211396160,3067873677
1,2.2661895751953125,1,2.452117919921875,1,0.08192800730466843,0.7059484124183655,-143.05137634277344,61.7190055847168,11.82213306427002,1,0.06145557016134262,0.7346057295799255,-150.1113739013672,56.495269775390625,9.920855522155762,1,0.4626261591911316,-19.14215087890625,567.3878173828125,0.5002478361129761,0.5480697751045227,0.26985445618629456,1,-59.084930419921875,-21.23914337158203,566.115966796875,0.6442465782165527,0.5528792142868042,0.27377253770828247,602211396160,3067873677
1,2.2661895751953125,1,2.452117919921875,1,0.08192800730466843,0.7059484124183655,-143.05137634277344,61.7190055847168,11.82213306427002,1,0.06145557016134262,0.7346057295799255,-150.1113739013672,56.495269775390625,9.920855522155762,1,0.4626261591911316,-19.14215087890625,567.3878173828125,0.5002478361129761,0.5480697751045227,0.26985445618629456,1,-59.084930419921875,-21.23914337158203,566.115966796875,0.6442465782165527,0.5528792142868042,0.27377253770828247,602211396160,3067873677
1,2.2661895751953125,1,2.452117919921875,1,0.08192800730466843,0.7059484124183655,-143.05137634277344,61.7190055847168,11.82213306427002,1,0.06145557016134262,0.7346057295799255,-150.1113739013672,56.495269775390625,9.920855522155762,1,0.4626261591911316,-19.14215087890625,567.3878173828125,0.5002478361129761,0.5480697751045227,0.26985445618629456,1,-59.084930419921875,-21.23914337158203,566.115966796875,0.6442465782165527,0.5528792142868042,0.27377253770828247,602211396160,3067873677
1,2.2661895751953125,1,2.452117919921875,1,0.08192800730466843,0.7059484124183655,-143.05137634277344,61.7190055847168,11.82213306427002,1,0.06145557016134262,0.7346057295799255,-150.1113739013672,56.495269775390625,9.920855522155762,1,0.4626261591911316,-19.14215087890625,567.3878173828125,0.5002478361129761,0.5480697751045227,0.26985445618629456,1,-59.084930419921875,-21.23914337158203,566.115966796875,0.6442465782165527,0.5528792142868042,0.27377253770828247,602211396160,3067873677
1,2.2502288818359375,0,nan,1,0.09058651328086853,0.7078438401222229,-140.06546020507812,61.37351608276367,11.696372032165527,0,nan,nan,nan,nan,nan,1,0.4479577839374542,-19.157777786254883,567.4149169921875,0.5002833008766174,0.5481055378913879,0.26991379261016846,0,nan,nan,nan,nan,nan,nan,602211404496,3067882013
1,2.2502288818359375,0,nan,1,0.09058651328086853,0.7078438401222229,-140.06546020507812,61.37351608276367,11.696372032165527,0,nan,nan,nan,nan,nan,1,0.4479577839374542,-19.157777786254883,567.4149169921875,0.5002833008766174,0.5481055378913879,0.26991379261016846,0,nan,nan,nan,nan,nan,nan,602211404496,3067882013
1,2.2502288818359375,0,nan,1,0.09058651328086853,0.7078438401222229,-140.06546020507812,61.37351608276367,11.696372032165527,0,nan,nan,nan,nan,nan,1,0.4479577839374542,-19.157777786254883,567.4149169921875,0.5002833008766174,0.5481055378913879,0.26991379261016846,0,nan,nan,nan,nan,nan,nan,602211404496,3067882013
1,2.2502288818359375,0,nan,1,0.09058651328086853,0.7078438401222229,-140.06546020507812,61.37351608276367,11.696372032165527,0,nan,nan,nan,nan,nan,1,0.4479577839374542,-19.157777786254883,567.4149169921875,0.5002833008766174,0.5481055378913879,0.26991379261016846,0,nan,nan,nan,nan,nan,nan,602211404496,3067882013
1,2.2502288818359375,0,nan,1,0.09058651328086853,0.7078438401222229,-140.06546020507812,61.37351608276367,11.696372032165527,0,nan,nan,nan,nan,nan,1,0.4479577839374542,-19.157777786254883,567.4149169921875,0.5002833008766174,0.5481055378913879,0.26991379261016846,0,nan,nan,nan,nan,nan,nan,602211404496,3067882013
1,2.2502288818359375,0,nan,1,0.09058651328086853,0.7078438401222229,-140.06546020507812,61.37351608276367,11.696372032165527,0,nan,nan,nan,nan,nan,1,0.4479577839374542,-19.157777786254883,567.4149169921875,0.5002833008766174,0.5481055378913879,0.26991379261016846,0,nan,nan,nan,nan,nan,nan,602211404496,3067882013
1,2.2502288818359375,0,nan,1,0.09058651328086853,0.7078438401222229,-140.06546020507812,61.37351608276367,11.696372032165527,0,nan,nan,nan,nan,nan,1,0.4479577839374542,-19.157777786254883,567.4149169921875,0.5002833008766174,0.5481055378913879,0.26991379261016846,0,nan,nan,nan,nan,nan,nan,602211404496,3067882013
1,2.27239990234375,0,nan,1,0.08201588690280914,0.68538498878479,-143.02108764648438,65.46735382080078,13.186416625976562,0,nan,nan,nan,nan,nan,1,0.4362858831882477,-19.1492919921875,567.3701171875,0.5003113746643066,0.5480871200561523,0.269816130399704,0,nan,nan,nan,nan,nan,nan,602211412828,3067890345
1,2.27239990234375,0,nan,1,0.08201588690280914,0.68538498878479,-143.02108764648438,65.46735382080078,13.186416625976562,0,nan,nan,nan,nan,nan,1,0.4362858831882477,-19.1492919921875,567.3701171875,0.5003113746643066,0.5480871200561523,0.269816130399704,0,nan,nan,nan,nan,nan,nan,602211412828,3067890345
1,2.27239990234375,0,nan,1,0.08201588690280914,0.68538498878479,-143.02108764648438,65.46735382080078,13.186416625976562,0,nan,nan,nan,nan,nan,1,0.4362858831882477,-19.1492919921875,567.3701171875,0.5003113746643066,0.5480871200561523,0.269816130399704,0,nan,nan,nan,nan,nan,nan,602211412828,3067890345
1,2.27239990234375,0,nan,1,0.08201588690280914,0.68538498878479,-143.02108764648438,65.46735382080078,13.186416625976562,0,nan,nan,nan,nan,nan,1,0.4362858831882477,-19.1492919921875,567.3701171875,0.5003113746643066,0.5480871200561523,0.269816130399704,0,nan,nan,nan,nan,nan,nan,602211412828,3067890345
1,2.27239990234375,0,nan,1,0.08201588690280914,0.68538498878479,-143.02108764648438,65.46735382080078,13.186416625976562,0,nan,nan,nan,nan,nan,1,0.4362858831882477,-19.1492919921875,567.3701171875,0.5003113746643066,0.5480871200561523,0.269816130399704,0,nan,nan,nan,nan,nan,nan,602211412828,3067890345
1,2.27239990234375,0,nan,1,0.08201588690280914,0.68538498878479,-143.02108764648438,65.46735382080078,13.186416625976562,0,nan,nan,nan,nan,nan,1,0.4362858831882477,-19.1492919921875,567.3701171875,0.5003113746643066,0.5480871200561523,0.269816130399704,0,nan,nan,nan,nan,nan,nan,602211412828,3067890345
1,2.27239990234375,0,nan,1,0.08201588690280914,0.68538498878479,-143.02108764648438,65.46735382080078,13.186416625976562,0,nan,nan,nan,nan,nan,1,0.4362858831882477,-19.1492919921875,567.3701171875,0.5003113746643066,0.5480871200561523,0.269816130399704,0,nan,nan,nan,nan,nan,nan,602211412828,3067890345
1,2.23974609375,1,2.5275726318359375,1,0.0772729218006134,0.6880079507827759,-144.65670776367188,64.98922729492188,13.012409210205078,1,0.0829213410615921,0.7706649303436279,-142.70883178710938,49.92234420776367,7.5284528732299805,1,0.4248051047325134,-19.163673400878906,567.4146728515625,0.5003392100334167,0.5481193661689758,0.26991352438926697,1,-59.129417419433594,-21.269901275634766,566.3059692382812,0.6442989110946655,0.5529432892799377,0.274194598197937,602211421160,3067898677
1,2.23974609375,1,2.5275726318359375,1,0.0772729218006134,0.6880079507827759,-144.65670776367188,64.98922729492188,13.012409210205078,1,0.0829213410615921,0.7706649303436279,-142.70883178710938,49.92234420776367,7.5284528732299805,1,0.4248051047325134,-19.163673400878906,567.4146728515625,0.5003392100334167,0.5481193661689758,0.26991352438926697,1,-59.129417419433594,-21.269901275634766,566.3059692382812,0.6442989110946655,0.5529432892799377,0.274194598197937,602211421160,3067898677
1,2.23974609375,1,2.5275726318359375,1,0.0772729218006134,0.6880079507827759,-144.65670776367188,64.98922729492188,13.012409210205078,1,0.0829213410615921,0.7706649303436279,-142.70883178710938,49.92234420776367,7.5284528732299805,1,0.4248051047325134,-19.163673400878906,567.4146728515625,0.5003392100334167,0.5481193661689758,0.26991352438926697,1,-59.129417419433594,-21.269901275634766,566.3059692382812,0.6442989110946655,0.5529432892799377,0.274194598197937,602211421160,3067898677
1,2.23974609375,1,2.5275726318359375,1,0.0772729218006134,0.6880079507827759,-144.65670776367188,64.98922729492188,13.012409210205078,1,0.0829213410615921,0.7706649303436279,-142.70883178710938,49.92234420776367,7.5284528732299805,1,0.4248051047325134,-19.163673400878906,567.4146728515625,0.5003392100334167,0.5481193661689758,0.26991352438926697,1,-59.129417419433594,-21.269901275634766,566.3059692382812,0.6442989110946655,0.5529432892799377,0.274194598197937,602211421160,3067898677
1,2.23974609375,1,2.5275726318359375,1,0.0772729218006134,0.6880079507827759,-144.65670776367188,64.98922729492188,13.012409210205078,1,0.0829213410615921,0.7706649303436279,-142.70883178710938,49.92234420776367,7.5284528732299805,1,0.4248051047325134,-19.163673400878906,567.4146728515625,0.5003392100334167,0.5481193661689758,0.26991352438926697,1,-59.129417419433594,-21.269901275634766,566.3059692382812,0.6442989110946655,0.5529432892799377,0.274194598197937,602211421160,3067898677
1,2.23974609375,1,2.5275726318359375,1,0.0772729218006134,0.6880079507827759,-144.65670776367188,64.98922729492188,13.012409210205078,1,0.0829213410615921,0.7706649303436279,-142.70883178710938,49.92234420776367,7.5284528732299805,1,0.4248051047325134,-19.163673400878906,567.4146728515625,0.5003392100334167,0.5481193661689758,0.26991352438926697,1,-59.129417419433594,-21.269901275634766,566.3059692382812,0.6442989110946655,0.5529432892799377,0.274194598197937,602211421160,3067898677
1,2.23974609375,1,2.5275726318359375,1,0.0772729218006134,0.6880079507827759,-144.65670776367188,64.98922729492188,13.012409210205078,1,0.0829213410615921,0.7706649303436279,-142.70883178710938,49.92234420776367,7.5284528732299805,1,0.4248051047325134,-19.163673400878906,567.4146728515625,0.5003392100334167,0.5481193661689758,0.26991352438926697,1,-59.129417419433594,-21.269901275634766,566.3059692382812,0.6442989110946655,0.5529432892799377,0.274194598197937,602211421160,3067898677
1,2.2642059326171875,1,2.4525299072265625,1,0.0750686302781105,0.6734170913696289,-145.4168701171875,67.6489028930664,13.980412483215332,1,0.06477759033441544,0.7483976483345032,-148.96578979492188,53.98128128051758,9.005809783935547,1,0.4102860689163208,-19.161479949951172,567.3966064453125,0.5003742575645447,0.5481147766113281,0.26987409591674805,1,-59.14452362060547,-21.272647857666016,566.357421875,0.6443204283714294,0.5529475212097168,0.2743092477321625,602211429493,3067907010
1,2.2642059326171875,1,2.4525299072265625,1,0.0750686302781105,0.6734170913696289,-145.4168701171875,67.6489028930664,13.980412483215332,1,0.06477759033441544,0.7483976483345032,-148.96578979492188,53.98128128051758,9.005809783935547,1,0.4102860689163208,-19.161479949951172,567.3966064453125,0.5003742575645447,0.5481147766113281,0.26987409591674805,1,-59.14452362060547,-21.272647857666016,566.357421875,0.6443204283714294,0.5529475212097168,0.2743092477321625,602211429493,3067907010
1,2.2642059326171875,1,2.4525299072265625,1,0.0750686302781105,0.6734170913696289,-145.4168701171875,67.6489028930664,13.980412483215332,1,0.06477759033441544,0.7483976483345032,-148.96578979492188,53.98128128051758,9.005809783935547,1,0.4102860689163208,-19.161479949951172,567.3966064453125,0.5003742575645447,0.5481147766113281,0.26987409591674805,1,-59.14452362060547,-21.272647857666016,566.357421875,0.6443204283714294,0.5529475212097168,0.2743092477321625,602211429493,3067907010
1,2.2642059326171875,1,2.4525299072265625,1,0.0750686302781105,0.6734170913696289,-145.4168701171875,67.6489028930664,13.980412483215332,1,0.06477759033441544,0.7483976483345032,-148.96578979492188,53.98128128051758,9.005809783935547,1,0.4102860689163208,-19.161479949951172,567.3966064453125,0.5003742575645447,0.5481147766113281,0.26987409591674805,1,-59.14452362060547,-21.272647857666016,566.357421875,0.6443204283714294,0.5529475212097168,0.2743092477321625,602211429493,3067907010
1,2.2642059326171875,1,2.4525299072265625,1,0.0750686302781105,0.6734170913696289,-145.4168701171875,67.6489028930664,13.980412483215332,1,0.06477759033441544,0.7483976483345032,-148.96578979492188,53.98128128051758,9.005809783935547,1,0.4102860689163208,-19.161479949951172,567.3966064453125,0.5003742575645447,0.5481147766113281,0.26987409591674805,1,-59.14452362060547,-21.272647857666016,566.357421875,0.6443204283714294,0.5529475212097168,0.2743092477321625,602211429493,3067907010
1,2.2642059326171875,1,2.4525299072265625,1,0.0750686302781105,0.6734170913696289,-145.4168701171875,67.6489028930664,13.980412483215332,1,0.06477759033441544,0.7483976483345032,-148.96578979492188,53.98128128051758,9.005809783935547,1,0.4102860689163208,-19.161479949951172,567.3966064453125,0.5003742575645447,0.5481147766113281,0.26987409591674805,1,-59.14452362060547,-21.272647857666016,566.357421875,0.6443204283714294,0.5529475212097168,0.2743092477321625,602211429493,3067907010
1,2.2642059326171875,1,2.4525299072265625,1,0.0750686302781105,0.6734170913696289,-145.4168701171875,67.6489028930664,13.980412483215332,1,0.06477759033441544,0.7483976483345032,-148.96578979492188,53.98128128051758,9.005809783935547,1,0.4102860689163208,-19.161479949951172,567.3966064453125,0.5003742575645447,0.5481147766113281,0.26987409591674805,1,-59.14452362060547,-21.272647857666016,566.357421875,0.6443204283714294,0.5529475212097168,0.2743092477321625,602211429493,3067907010
1,2.244140625,1,2.4492340087890625,1,0.0773191750049591,0.6921195387840271,-144.6407470703125,64.23977661132812,12.739601135253906,1,0.06731140613555908,0.7401317358016968,-148.09197998046875,55.48799514770508,9.554205894470215,1,0.4000732898712158,-19.173099517822266,567.4943237304688,0.5003991723060608,0.5481386780738831,0.27008679509162903,1,-59.15842819213867,-21.27605628967285,566.400390625,0.6443414688110352,0.5529536008834839,0.27440544962882996,602211437832,3067915349
1,2.244140625,1,2.4492340087890625,1,0.0773191750049591,0.6921195387840271,-144.6407470703125,64.23977661132812,12.739601135253906,1,0.06731140613555908,0.7401317358016968,-148.09197998046875,55.48799514770508,9.554205894470215,1,0.4000732898712158,-19.173099517822266,567.4943237304688,0.5003991723060608,0.5481386780738831,0.27008679509162903,1,-59.15842819213867,-21.27605628967285,566.400390625,0.6443414688110352,0.5529536008834839,0.27440544962882996,602211437832,3067915349
1,2.244140625,1,2.4492340087890625,1,0.0773191750049591,0.6921195387840271,-144.6407470703125,64.23977661132812,12.739601135253906,1,0.06731140613555908,0.7401317358016968,-148.09197998046875,55.48799514770508,9.554205894470215,1,0.4000732898712158,-19.173099517822266,567.4943237304688,0.5003991723060608,0.5481386780738831,0.27008679509162903,1,-59.15842819213867,-21.27605628967285,566.400390625,0.6443414688110352,0.5529536008834839,0.27440544962882996,602211437832,3067915349
1,2.244140625,1,2.4492340087890625,1,0.0773191750049591,0.6921195387840271,-144.6407470703125,64.23977661132812,12.739601135253906,1,0.06731140613555908,0.7401317358016968,-148.09197998046875,55.48799514770508,9.554205894470215,1,0.4000732898712158,-19.173099517822266,567.4943237304688,0.5003991723060608,0.5481386780738831,0.27008679509162903,1,-59.15842819213867,-21.27605628967285,566.400390625,0.6443414688110352,0.5529536008834839,0.27440544962882996,602211437832,3067915349
1,2.244140625,1,2.4492340087890625,1,0.0773191750049591,0.6921195387840271,-144.6407470703125,64.23977661132812,12.739601135253906,1,0.06731140613555908,0.7401317358016968,-148.09197998046875,55.48799514770508,9.554205894470215,1,0.4000732898712158,-19.173099517822266,567.4943237304688,0.5003991723060608,0.5481386780738831,0.27008679509162903,1,-59.15842819213867,-21.27605628967285,566.400390625,0.6443414688110352,0.5529536008834839,0.27440544962882996,602211437832,3067915349
1,2.244140625,1,2.4492340087890625,1,0.0773191750049591,0.6921195387840271,-144.6407470703125,64.23977661132812,12.739601135253906,1,0.06731140613555908,0.7401317358016968,-148.09197998046875,55.48799514770508,9.554205894470215,1,0.4000732898712158,-19.173099517822266,567.4943237304688,0.5003991723060608,0.5481386780738831,0.27008679509162903,1,-59.15842819213867,-21.27605628967285,566.400390625,0.6443414688110352,0.5529536008834839,0.27440544962882996,602211437832,3067915349
1,2.244140625,1,2.4492340087890625,1,0.0773191750049591,0.6921195387840271,-144.6407470703125,64.23977661132812,12.739601135253906,1,0.06731140613555908,0.7401317358016968,-148.09197998046875,55.48799514770508,9.554205894470215,1,0.4000732898712158,-19.173099517822266,567.4943237304688,0.5003991723060608,0.5481386780738831,0.27008679509162903,1,-59.15842819213867,-21.27605628967285,566.400390625,0.6443414688110352,0.5529536008834839,0.27440544962882996,602211437832,3067915349
1,2.202545166015625,1,2.471649169921875,1,0.07652734220027924,0.6585535407066345,-144.91383361816406,70.35824584960938,14.966545104980469,1,0.07627300918102264,0.7411968111991882,-145.00152587890625,55.29387664794922,9.483545303344727,1,0.38687145709991455,-19.180923461914062,567.4766845703125,0.5004310011863708,0.5481576323509216,0.27004870772361755,1,-59.175418853759766,-21.2923583984375,566.41552734375,0.6443780660629272,0.5529913306236267,0.274442583322525,602211446165,3067923682
1,2.202545166015625,1,2.471649169921875,1,0.07652734220027924,0.6585535407066345,-144.91383361816406,70.35824584960938,14.966545104980469,1,0.07627300918102264,0.7411968111991882,-145.00152587890625,55.29387664794922,9.483545303344727,1,0.38687145709991455,-19.180923461914062,567.4766845703125,0.5004310011863708,0.5481576323509216,0.27004870772361755,1,-59.175418853759766,-21.2923583984375,566.41552734375,0.6443780660629272,0.5529913306236267,0.274442583322525,602211446165,3067923682
1,2.202545166015625,1,2.471649169921875,1,0.07652734220027924,0.6585535407066345,-144.91383361816406,70.35824584960938,14.966545104980469,1,0.07627300918102264,0.7411968111991882,-145.00152587890625,55.29387664794922,9.483545303344727,1,0.38687145709991455,-19.180923461914062,567.4766845703125,0.5004310011863708,0.5481576323509216,0.27004870772361755,1,-59.175418853759766,-21.2923583984375,566.41552734375,0.6443780660629272,0.5529913306236267,0.274442583322525,602211446165,3067923682
1,2.202545166015625,1,2.471649169921875,1,0.07652734220027924,0.6585535407066345,-144.91383361816406,70.35824584960938,14.966545104980469,1,0.07627300918102264,0.7411968111991882,-145.00152587890625,55.29387664794922,9.483545303344727,1,0.38687145709991455,-19.180923461914062,567.4766845703125,0.5004310011863708,0.5481576323509216,0.27004870772361755,1,-59.175418853759766,-21.2923583984375,566.41552734375,0.6443780660629272,0.5529913306236267,0.274442583322525,602211446165,3067923682
1,2.202545166015625,1,2.471649169921875,1,0.07652734220027924,0.6585535407066345,-144.91383361816406,70.35824584960938,14.966545104980469,1,0.07627300918102264,0.7411968111991882,-145.00152587890625,55.29387664794922,9.483545303344727,1,0.38687145709991455,-19.180923461914062,567.4766845703125,0.5004310011863708,0.5481576323509216,0.27004870772361755,1,-59.175418853759766,-21.2923583984375,566.41552734375,0.6443780660629272,0.5529913306236267,0.274442583322525,602211446165,3067923682
1,2.202545166015625,1,2.471649169921875,1,0.07652734220027924,0.6585535407066345,-144.91383361816406,70.35824584960938,14.966545104980469,1,0.07627300918102264,0.7411968111991882,-145.00152587890625,55.29387664794922,9.483545303344727,1,0.38687145709991455,-19.180923461914062,567.4766845703125,0.5004310011863708,0.5481576323509216,0.27004870772361755,1,-59.175418853759766,-21.2923583984375,566.41552734375,0.6443780660629272,0.5529913306236267,0.274442583322525,602211446165,3067923682
1,2.202545166015625,1,2.471649169921875,1,0.07652734220027924,0.6585535407066345,-144.91383361816406,70.35824584960938,14.966545104980469,1,0.07627300918102264,0.7411968111991882,-145.00152587890625,55.29387664794922,9.483545303344727,1,0.38687145709991455,-19.180923461914062,567.4766845703125,0.5004310011863708,0.5481576323509216,0.27004870772361755,1,-59.175418853759766,-21.2923583984375,566.41552734375,0.6443780660629272,0.5529913306236267,0.274442583322525,602211446165,3067923682
1,2.3292694091796875,1,2.5034332275390625,1,0.08325627446174622,0.7261472344398499,-142.59332275390625,58.03712463378906,10.482074737548828,1,0.07454594224691391,0.7527021765708923,-145.5971221923828,53.196632385253906,8.720237731933594,1,0.37625735998153687,-19.176799774169922,567.50341796875,0.500456690788269,0.5481469631195068,0.270106703042984,1,-59.18376922607422,-21.28565216064453,566.4595947265625,0.6443853378295898,0.5529735684394836,0.27453944087028503,602211454498,3067932015
1,2.3292694091796875,1,2.5034332275390625,1,0.08325627446174622,0.7261472344398499,-142.59332275390625,58.03712463378906,10.482074737548828,1,0.07454594224691391,0.7527021765708923,-145.5971221923828,53.196632385253906,8.720237731933594,1,0.37625735998153687,-19.176799774169922,567.50341796875,0.500456690788269,0.5481469631195068,0.270106703042984,1,-59.18376922607422,-21.28565216064453,566.4595947265625,0.6443853378295898,0.5529735684394836,0.27453944087028503,602211454498,3067932015
1,2.3292694091796875,1,2.5034332275390625,1,0.08325627446174622,0.7261472344398499,-142.59332275390625,58.03712463378906,10.482074737548828,1,0.07454594224691391,0.7527021765708923,-145.5971221923828,53.196632385253906,8.720237731933594,1,0.37625735998153687,-19.176799774169922,567.50341796875,0.500456690788269,0.5481469631195068,0.270106703042984,1,-59.18376922607422,-21.28565216064453,566.4595947265625,0.6443853378295898,0.5529735684394836,0.27453944087028503,602211454498,3067932015
1,2.3292694091796875,1,2.5034332275390625,1,0.08325627446174622,0.7261472344398499,-142.59332275390625,58.03712463378906,10.482074737548828,1,0.07454594224691391,0.7527021765708923,-145.5971221923828,53.196632385253906,8.720237731933594,1,0.37625735998153687,-19.176799774169922,567.50341796875,0.500456690788269,0.5481469631195068,0.270106703042984,1,-59.18376922607422,-21.28565216064453,566.4595947265625,0.6443853378295898,0.5529735684394836,0.27453944087028503,602211454498,3067932015
1,2.3292694091796875,1,2.5034332275390625,1,0.08325627446174622,0.7261472344398499,-142.59332275390625,58.03712463378906,10.482074737548828,1,0.07454594224691391,0.7527021765708923,-145.5971221923828,53.196632385253906,8.720237731933594,1,0.37625735998153687,-19.176799774169922,567.50341796875,0.500456690788269,0.5481469631195068,0.270106703042984,1,-59.18376922607422,-21.28565216064453,566.4595947265625,0.6443853378295898,0.5529735684394836,0.27453944087028503,602211454498,3067932015
1,2.3292694091796875,1,2.5034332275390625,1,0.08325627446174622,0.7261472344398499,-142.59332275390625,58.03712463378906,10.482074737548828,1,0.07454594224691391,0.7527021765708923,-145.5971221923828,53.196632385253906,8.720237731933594,1,0.37625735998153687,-19.176799774169922,567.50341796875,0.500456690788269,0.5481469631195068,0.270106703042984,1,-59.18376922607422,-21.28565216064453,566.4595947265625,0.6443853378295898,0.5529735684394836,0.27453944087028503,602211454498,3067932015
1,2.3292694091796875,1,2.5034332275390625,1,0.08325627446174622,0.7261472344398499,-142.59332275390625,58.03712463378906,10.482074737548828,1,0.07454594224691391,0.7527021765708923,-145.5971221923828,53.196632385253906,8.720237731933594,1,0.37625735998153687,-19.176799774169922,567.50341796875,0.500456690788269,0.5481469631195068,0.270106703042984,1,-59.18376922607422,-21.28565216064453,566.4595947265625,0.6443853378295898,0.5529735684394836,0.27453944087028503,602211454498,3067932015
1,2.2816314697265625,1,2.4896392822265625,1,0.07277517765760422,0.6889205574989319,-146.20777893066406,64.82288360595703,12.951836585998535,1,0.06707002222537994,0.7424203753471375,-148.17523193359375,55.07085418701172,9.402329444885254,1,0.36626136302948,-19.177776336669922,567.4498291015625,0.5004807114601135,0.5481510758399963,0.2699902057647705,1,-59.192771911621094,-21.291790008544922,566.4661865234375,0.6444052457809448,0.5529877543449402,0.27455589175224304,602211462831,3067940348
1,2.2816314697265625,1,2.4896392822265625,1,0.07277517765760422,0.6889205574989319,-146.20777893066406,64.82288360595703,12.951836585998535,1,0.06707002222537994,0.7424203753471375,-148.17523193359375,55.07085418701172,9.402329444885254,1,0.36626136302948,-19.177776336669922,567.4498291015625,0.5004807114601135,0.5481510758399963,0.2699902057647705,1,-59.192771911621094,-21.291790008544922,566.4661865234375,0.6444052457809448,0.5529877543449402,0.27455589175224304,602211462831,3067940348
1,2.2816314697265625,1,2.4896392822265625,1,0.07277517765760422,0.6889205574989319,-146.20777893066406,64.82288360595703,12.951836585998535,1,0.06707002222537994,0.7424203753471375,-148.17523193359375,55.07085418701172,9.402329444885254,1,0.36626136302948,-19.177776336669922,567.4498291015625,0.5004807114601135,0.5481510758399963,0.2699902057647705,1,-59.192771911621094,-21.291790008544922,566.4661865234375,0.6444052457809448,0.5529877543449402,0.27455589175224304,602211462831,3067940348
1,2.2816314697265625,1,2.4896392822265625,1,0.07277517765760422,0.6889205574989319,-146.20777893066406,64.82288360595703,12.951836585998535,1,0.06707002222537994,0.7424203753471375,-148.17523193359375,55.07085418701172,9.402329444885254,1,0.36626136302948,-19.177776336669922,567.4498291015625,0.5004807114601135,0.5481510758399963,0.2699902057647705,1,-59.192771911621094,-21.291790008544922,566.4661865234375,0.6444052457809448,0.5529877543449402,0.27455589175224304,602211462831,3067940348
1,2.2816314697265625,1,2.4896392822265625,1,0.07277517765760422,0.6889205574989319,-146.20777893066406,64.82288360595703,12.951836585998535,1,0.06707002222537994,0.7424203753471375,-148.17523193359375,55.07085418701172,9.402329444885254,1,0.36626136302948,-19.177776336669922,567.4498291015625,0.5004807114601135,0.5481510758399963,0.2699902057647705,1,-59.192771911621094,-21.291790008544922,566.4661865234375,0.6444052457809448,0.5529877543449402,0.27455589175224304,602211462831,3067940348
1,2.2816314697265625,1,2.4896392822265625,1,0.07277517765760422,0.6889205574989319,-146.20777893066406,64.82288360595703,12.951836585998535,1,0.06707002222537994,0.7424203753471375,-148.17523193359375,55.07085418701172,9.402329444885254,1,0.36626136302948,-19.177776336669922,567.4498291015625,0.5004807114601135,0.5481510758399963,0.2699902057647705,1,-59.192771911621094,-21.291790008544922,566.4661865234375,0.6444052457809448,0.5529877543449402,0.27455589175224304,602211462831,3067940348
1,2.2816314697265625,1,2.4896392822265625,1,0.07277517765760422,0.6889205574989319,-146.20777893066406,64.82288360595703,12.951836585998535,1,0.06707002222537994,0.7424203753471375,-148.17523193359375,55.07085418701172,9.402329444885254,1,0.36626136302948,-19.177776336669922,567.4498291015625,0.5004807114601135,0.5481510758399963,0.2699902057647705,1,-59.192771911621094,-21.291790008544922,566.4661865234375,0.6444052457809448,0.5529877543449402,0.27455589175224304,602211462831,3067940348
1,2.295379638671875,1,2.463134765625,1,0.08248059451580048,0.7058147192001343,-142.86080932617188,61.743370056152344,11.830999374389648,1,0.08008155226707458,0.7459505796432495,-143.68814086914062,54.427330017089844,9.168181419372559,1,0.3556528091430664,-19.172149658203125,567.4588623046875,0.5005063414573669,0.5481374859809875,0.27000972628593445,1,-59.19831085205078,-21.290042877197266,566.4381713867188,0.6444266438484192,0.5529848337173462,0.27449658513069153,602211471165,3067948682
1,2.295379638671875,1,2.463134765625,1,0.08248059451580048,0.7058147192001343,-142.86080932617188,61.743370056152344,11.830999374389648,1,0.08008155226707458,0.7459505796432495,-143.68814086914062,54.427330017089844,9.168181419372559,1,0.3556528091430664,-19.172149658203125,567.4588623046875,0.5005063414573669,0.5481374859809875,0.27000972628593445,1,-59.19831085205078,-21.290042877197266,566.4381713867188,0.6444266438484192,0.5529848337173462,0.27449658513069153,602211471165,3067948682
1,2.295379638671875,1,2.463134765625,1,0.08248059451580048,0.7058147192001343,-142.86080932617188,61.743370056152344,11.830999374389648,1,0.08008155226707458,0.7459505796432495,-143.68814086914062,54.427330017089844,9.168181419372559,1,0.3556528091430664,-19.172149658203125,567.4588623046875,0.5005063414573669,0.5481374859809875,0.27000972628593445,1,-59.19831085205078,-21.290042877197266,566.4381713867188,0.6444266438484192,0.5529848337173462,0.27449658513069153,602211471165,3067948682
1,2.295379638671875,1,2.463134765625,1,0.08248059451580048,0.7058147192001343,-142.86080932617188,61.743370056152344,11.830999374389648,1,0.08008155226707458,0.7459505796432495,-143.68814086914062,54.427330017089844,9.168181419372559,1,0.3556528091430664,-19.172149658203125,567.4588623046875,0.5005063414573669,0.5481374859809875,0.27000972628593445,1,-59.19831085205078,-21.290042877197266,566.4381713867188,0.6444266438484192,0.5529848337173462,0.27449658513069153,602211471165,3067948682
1,2.295379638671875,1,2.463134765625,1,0.08248059451580048,0.7058147192001343,-142.86080932617188,61.743370056152344,11.830999374389648,1,0.08008155226707458,0.7459505796432495,-143.68814086914062,54.427330017089844,9.168181419372559,1,0.3556528091430664,-19.172149658203125,567.4588623046875,0.5005063414573669,0.5481374859809875,0.27000972628593445,1,-59.19831085205078,-21.290042877197266,566.4381713867188,0.6444266438484192,0.5529848337173462,0.27449658513069153,602211471165,3067948682
1,2.295379638671875,1,2.463134765625,1,0.08248059451580048,0.7058147192001343,-142.86080932617188,61.743370056152344,11.830999374389648,1,0.08008155226707458,0.7459505796432495,-143.68814086914062,54.427330017089844,9.168181419372559,1,0.3556528091430664,-19.172149658203125,567.4588623046875,0.5005063414573669,0.5481374859809875,0.27000972628593445,1,-59.19831085205078,-21.290042877197266,566.4381713867188,0.6444266438484192,0.5529848337173462,0.27449658513069153,602211471165,3067948682
1,2.295379638671875,1,2.463134765625,1,0.08248059451580048,0.7058147192001343,-142.86080932617188,61.743370056152344,11.830999374389648,1,0.08008155226707458,0.7459505796432495,-143.68814086914062,54.427330017089844,9.168181419372559,1,0.3556528091430664,-19.172149658203125,567.4588623046875,0.5005063414573669,0.5481374859809875,0.27000972628593445,1,-59.19831085205078,-21.290042877197266,566.4381713867188,0.6444266438484192,0.5529848337173462,0.27449658513069153,602211471165,3067948682
1,2.2137603759765625,1,2.36639404296875,1,0.08262893557548523,0.683569610118866,-142.80966186523438,65.79826354980469,13.306856155395508,1,0.057031866163015366,0.7066697478294373,-151.6369171142578,61.5875244140625,11.774263381958008,1,0.3457513749599457,-19.16350555419922,567.476318359375,0.5005302429199219,0.5481165647506714,0.2700473964214325,1,-59.20418167114258,-21.283218383789062,566.4461669921875,0.6444384455680847,0.552968442440033,0.27451491355895996,602211479499,3067957016
1,2.2137603759765625,1,2.36639404296875,1,0.08262893557548523,0.683569610118866,-142.80966186523438,65.79826354980469,13.306856155395508,1,0.057031866163015366,0.7066697478294373,-151.6369171142578,61.5875244140625,11.774263381958008,1,0.3457513749599457,-19.16350555419922,567.476318359375,0.5005302429199219,0.5481165647506714,0.2700473964214325,1,-59.20418167114258,-21.283218383789062,566.4461669921875,0.6444384455680847,0.552968442440033,0.27451491355895996,602211479499,3067957016
1,2.2137603759765625,1,2.36639404296875,1,0.08262893557548523,0.683569610118866,-142.80966186523438,65.79826354980469,13.306856155395508,1,0.057031866163015366,0.7066697478294373,-151.6369171142578,61.5875244140625,11.774263381958008,1,0.3457513749599457,-19.16350555419922,567.476318359375,0.5005302429199219,0.5481165647506714,0.2700473964214325,1,-59.20418167114258,-21.283218383789062,566.4461669921875,0.6444384455680847,0.552968442440033,0.27451491355895996,602211479499,3067957016
1,2.2137603759765625,1,2.36639404296875,1,0.08262893557548523,0.683569610118866,-142.80966186523438,65.79826354980469,13.306856155395508,1,0.057031866163015366,0.7066697478294373,-151.6369171142578,61.5875244140625,11.774263381958008,1,0.3457513749599457,-19.16350555419922,567.476318359375,0.5005302429199219,0.5481165647506714,0.2700473964214325,1,-59.20418167114258,-21.283218383789062,566.4461669921875,0.6444384455680847,0.552968442440033,0.27451491355895996,602211479499,3067957016
1,2.2137603759765625,1,2.36639404296875,1,0.08262893557548523,0.683569610118866,-142.80966186523438,65.79826354980469,13.306856155395508,1,0.057031866163015366,0.7066697478294373,-151.6369171142578,61.5875244140625,11.774263381958008,1,0.3457513749599457,-19.16350555419922,567.476318359375,0.5005302429199219,0.5481165647506714,0.2700473964214325,1,-59.20418167114258,-21.283218383789062,566.4461669921875,0.6444384455680847,0.552968442440033,0.27451491355895996,602211479499,3067957016
1,2.2137603759765625,1,2.36639404296875,1,0.08262893557548523,0.683569610118866,-142.80966186523438,65.79826354980469,13.306856155395508,1,0.057031866163015366,0.7066697478294373,-151.6369171142578,61.5875244140625,11.774263381958008,1,0.3457513749599457,-19.16350555419922,567.476318359375,0.5005302429199219,0.5481165647506714,0.2700473964214325,1,-59.20418167114258,-21.283218383789062,566.4461669921875,0.6444384455680847,0.552968442440033,0.27451491355895996,602211479499,3067957016
1,2.2137603759765625,1,2.36639404296875,1,0.08262893557548523,0.683569610118866,-142.80966186523438,65.79826354980469,13.306856155395508,1,0.057031866163015366,0.7066697478294373,-151.6369171142578,61.5875244140625,11.774263381958008,1,0.3457513749599457,-19.16350555419922,567.476318359375,0.5005302429199219,0.5481165647506714,0.2700473964214325,1,-59.20418167114258,-21.283218383789062,566.4461669921875,0.6444384455680847,0.552968442440033,0.27451491355895996,602211479499,3067957016
1,2.2860565185546875,1,2.514434814453125,1,0.0829988569021225,0.7117276787757874,-142.6820831298828,60.665550231933594,11.438703536987305,1,0.06956494599580765,0.7405684590339661,-147.31483459472656,55.40839767456055,9.525261878967285,1,0.3434559106826782,-19.16567611694336,567.529541015625,0.5005359053611755,0.5481197834014893,0.27016308903694153,1,-59.209022521972656,-21.28757667541504,566.4090576171875,0.6444608569145203,0.5529802441596985,0.27443596720695496,602211487832,3067965349
1,2.2860565185546875,1,2.514434814453125,1,0.0829988569021225,0.7117276787757874,-142.6820831298828,60.665550231933594,11.438703536987305,1,0.06956494599580765,0.7405684590339661,-147.31483459472656,55.40839767456055,9.525261878967285,1,0.3434559106826782,-19.16567611694336,567.529541015625,0.5005359053611755,0.5481197834014893,0.27016308903694153,1,-59.209022521972656,-21.28757667541504,566.4090576171875,0.6444608569145203,0.5529802441596985,0.27443596720695496,602211487832,3067965349
1,2.2860565185546875,1,2.514434814453125,1,0.0829988569021225,0.7117276787757874,-142.6820831298828,60.665550231933594,11.438703536987305,1,0.06956494599580765,0.7405684590339661,-147.31483459472656,55.40839767456055,9.525261878967285,1,0.3434559106826782,-19.16567611694336,567.529541015625,0.5005359053611755,0.5481197834014893,0.27016308903694153,1,-59.209022521972656,-21.28757667541504,566.4090576171875,0.6444608569145203,0.5529802441596985,0.27443596720695496,602211487832,3067965349
1,2.2860565185546875,1,2.514434814453125,1,0.0829988569021225,0.7117276787757874,-142.6820831298828,60.665550231933594,11.438703536987305,1,0.06956494599580765,0.7405684590339661,-147.31483459472656,55.40839767456055,9.525261878967285,1,0.3434559106826782,-19.16567611694336,567.529541015625,0.5005359053611755,0.5481197834014893,0.27016308903694153,1,-59.209022521972656,-21.28757667541504,566.4090576171875,0.6444608569145203,0.5529802441596985,0.27443596720695496,602211487832,3067965349
1,2.2860565185546875,1,2.514434814453125,1,0.0829988569021225,0.7117276787757874,-142.6820831298828,60.665550231933594,11.438703536987305,1,0.06956494599580765,0.7405684590339661,-147.31483459472656,55.40839767456055,9.525261878967285,1,0.3434559106826782,-19.16567611694336,567.529541015625,0.5005359053611755,0.5481197834014893,0.27016308903694153,1,-59.209022521972656,-21.28757667541504,566.4090576171875,0.6444608569145203,0.5529802441596985,0.27443596720695496,602211487832,3067965349
1,2.2860565185546875,1,2.514434814453125,1,0.0829988569021225,0.7117276787757874,-142.6820831298828,60.665550231933594,11.438703536987305,1,0.06956494599580765,0.7405684590339661,-147.31483459472656,55.40839767456055,9.525261878967285,1,0.3434559106826782,-19.16567611694336,567.529541015625,0.5005359053611755,0.5481197834014893,0.27016308903694153,1,-59.209022521972656,-21.28757667541504,566.4090576171875,0.6444608569145203,0.5529802441596985,0.27443596720695496,602211487832,3067965349
1,2.2860565185546875,1,2.514434814453125,1,0.0829988569021225,0.7117276787757874,-142.6820831298828,60.665550231933594,11.438703536987305,1,0.06956494599580765,0.7405684590339661,-147.31483459472656,55.40839767456055,9.525261878967285,1,0.3434559106826782,-19.16567611694336,567.529541015625,0.5005359053611755,0.5481197834014893,0.27016308903694153,1,-59.209022521972656,-21.28757667541504,566.4090576171875,0.6444608569145203,0.5529802441596985,0.27443596720695496,602211487832,3067965349
1,2.3050384521484375,0,nan,1,0.07974279671907425,0.7133914232254028,-143.80494689941406,60.36228561401367,11.32828426361084,0,nan,nan,nan,nan,nan,1,0.3347131609916687,-19.155366897583008,567.6192626953125,0.5005570650100708,0.5480923056602478,0.2703578770160675,0,nan,nan,nan,nan,nan,nan,602211496165,3067973682
1,2.3050384521484375,0,nan,1,0.07974279671907425,0.7133914232254028,-143.80494689941406,60.36228561401367,11.32828426361084,0,nan,nan,nan,nan,nan,1,0.3347131609916687,-19.155366897583008,567.6192626953125,0.5005570650100708,0.5480923056602478,0.2703578770160675,0,nan,nan,nan,nan,nan,nan,602211496165,3067973682
1,2.3050384521484375,0,nan,1,0.07974279671907425,0.7133914232254028,-143.80494689941406,60.36228561401367,11.32828426361084,0,nan,nan,nan,nan,nan,1,0.3347131609916687,-19.155366897583008,567.6192626953125,0.5005570650100708,0.5480923056602478,0.2703578770160675,0,nan,nan,nan,nan,nan,nan,602211496165,3067973682
1,2.3050384521484375,0,nan,1,0.07974279671907425,0.7133914232254028,-143.80494689941406,60.36228561401367,11.32828426361084,0,nan,nan,nan,nan,nan,1,0.3347131609916687,-19.155366897583008,567.6192626953125,0.5005570650100708,0.5480923056602478,0.2703578770160675,0,nan,nan,nan,nan,nan,nan,602211496165,3067973682
1,2.3050384521484375,0,nan,1,0.07974279671907425,0.7133914232254028,-143.80494689941406,60.36228561401367,11.32828426361084,0,nan,nan,nan,nan,nan,1,0.3347131609916687,-19.155366897583008,567.6192626953125,0.5005570650100708,0.5480923056602478,0.2703578770160675,0,nan,nan,nan,nan,nan,nan,602211496165,3067973682
1,2.3050384521484375,0,nan,1,0.07974279671907425,0.7133914232254028,-143.80494689941406,60.36228561401367,11.32828426361084,0,nan,nan,nan,nan,nan,1,0.3347131609916687,-19.155366897583008,567.6192626953125,0.5005570650100708,0.5480923056602478,0.2703578770160675,0,nan,nan,nan,nan,nan,nan,602211496165,3067973682
1,2.3050384521484375,0,nan,1,0.07974279671907425,0.7133914232254028,-143.80494689941406,60.36228561401367,11.32828426361084,0,nan,nan,nan,nan,nan,1,0.3347131609916687,-19.155366897583008,567.6192626953125,0.5005570650100708,0.5480923056602478,0.2703578770160675,0,nan,nan,nan,nan,nan,nan,602211496165,3067973682
0,nan,0,nan,0,nan,nan,nan,nan,nan,0,nan,nan,nan,nan,nan,0,nan,nan,nan,nan,nan,nan,0,nan,nan,nan,nan,nan,nan,602211504498,3067982015
0,nan,0,nan,0,nan,nan,nan,nan,nan,0,nan,nan,nan,nan,nan,0,nan,nan,nan,nan,nan,nan,0,nan,nan,nan,nan,nan,nan,602211504498,3067982015
0,nan,0,nan,0,nan,nan,nan,nan,nan,0,nan,nan,nan,nan,nan,0,nan,nan,nan,nan,nan,nan,0,nan,nan,nan,nan,nan,nan,602211504498,3067982015
0,nan,0,nan,0,nan,nan,nan,nan,nan,0,nan,nan,nan,nan,nan,0,nan,nan,nan,nan,nan,nan,0,nan,nan,nan,nan,nan,nan,602211504498,3067982015
0,nan,0,nan,0,nan,nan,nan,nan,nan,0,nan,nan,nan,nan,nan,0,nan,nan,nan,nan,nan,nan,0,nan,nan,nan,nan,nan,nan,602211504498,3067982015
0,nan,0,nan,0,nan,nan,nan,nan,nan,0,nan,nan,nan,nan,nan,0,nan,nan,nan,nan,nan,nan,0,nan,nan,nan,nan,nan,nan,602211504498,3067982015
0,nan,0,nan,0,nan,nan,nan,nan,nan,0,nan,nan,nan,nan,nan,0,nan,nan,nan,nan,nan,nan,0,nan,nan,nan,nan,nan,nan,602211504498,3067982015
1,2.28753662109375,0,nan,1,0.06744998693466187,0.6676772236824036,-148.044189453125,68.69518280029297,14.361200332641602,0,nan,nan,nan,nan,nan,1,0.3269508481025696,-19.146961212158203,567.7260131835938,0.5005759000778198,0.5480688214302063,0.27058956027030945,0,nan,nan,nan,nan,nan,nan,602211512831,3067990348
1,2.28753662109375,0,nan,1,0.06744998693466187,0.6676772236824036,-148.044189453125,68.69518280029297,14.361200332641602,0,nan,nan,nan,nan,nan,1,0.3269508481025696,-19.146961212158203,567.7260131835938,0.5005759000778198,0.5480688214302063,0.27058956027030945,0,nan,nan,nan,nan,nan,nan,602211512831,3067990348
1,2.28753662109375,0,nan,1,0.06744998693466187,0.6676772236824036,-148.044189453125,68.69518280029297,14.361200332641602,0,nan,nan,nan,nan,nan,1,0.3269508481025696,-19.146961212158203,567.7260131835938,0.5005759000778198,0.5480688214302063,0.27058956027030945,0,nan,nan,nan,nan,nan,nan,602211512831,3067990348
1,2.28753662109375,0,nan,1,0.06744998693466187,0.6676772236824036,-148.044189453125,68.69518280029297,14.361200332641602,0,nan,nan,nan,nan,nan,1,0.3269508481025696,-19.146961212158203,567.7260131835938,0.5005759000778198,0.5480688214302063,0.27058956027030945,0,nan,nan,nan,nan,nan,nan,602211512831,3067990348
1,2.28753662109375,0,nan,1,0.06744998693466187,0.6676772236824036,-148.044189453125,68.69518280029297,14.361200332641602,0,nan,nan,nan,nan,nan,1,0.3269508481025696,-19.146961212158203,567.7260131835938,0.5005759000778198,0.5480688214302063,0.27058956027030945,0,nan,nan,nan,nan,nan,nan,602211512831,3067990348
1,2.28753662109375,0,nan,1,0.06744998693466187,0.6676772236824036,-148.044189453125,68.69518280029297,14.361200332641602,0,nan,nan,nan,nan,nan,1,0.3269508481025696,-19.146961212158203,567.7260131835938,0.5005759000778198,0.5480688214302063,0.27058956027030945,0,nan,nan,nan,nan,nan,nan,602211512831,3067990348
1,2.28753662109375,0,nan,1,0.06744998693466187,0.6676772236824036,-148.044189453125,68.69518280029297,14.361200332641602,0,nan,nan,nan,nan,nan,1,0.3269508481025696,-19.146961212158203,567.7260131835938,0.5005759000778198,0.5480688214302063,0.27058956027030945,0,nan,nan,nan,nan,nan,nan,602211512831,3067990348
0,nan,0,nan,0,nan,nan,nan,nan,nan,0,nan,nan,nan,nan,nan,0,nan,nan,nan,nan,nan,nan,0,nan,nan,nan,nan,nan,nan,602211521165,3067998682
0,nan,0,nan,0,nan,nan,nan,nan,nan,0,nan,nan,nan,nan,nan,0,nan,nan,nan,nan,nan,nan,0,nan,nan,nan,nan,nan,nan,602211521165,3067998682
0,nan,0,nan,0,nan,nan,nan,nan,nan,0,nan,nan,nan,nan,nan,0,nan,nan,nan,nan,nan,nan,0,nan,nan,nan,nan,nan,nan,602211521165,3067998682
0,nan,0,nan,0,nan,nan,nan,nan,nan,0,nan,nan,nan,nan,nan,0,nan,nan,nan,nan,nan,nan,0,nan,nan,nan,nan,nan,nan,602211521165,3067998682
0,nan,0,nan,0,nan,nan,nan,nan,nan,0,nan,nan,nan,nan,nan,0,nan,nan,nan,nan,nan,nan,0,nan,nan,nan,nan,nan,nan,602211521165,3067998682
0,nan,0,nan,0,nan,nan,nan,nan,nan,0,nan,nan,nan,nan,nan,0,nan,nan,nan,nan,nan,nan,0,nan,nan,nan,nan,nan,nan,602211521165,3067998682
0,nan,0,nan,0,nan,nan,nan,nan,nan,0,nan,nan,nan,nan,nan,0,nan,nan,nan,nan,nan,nan,0,nan,nan,nan,nan,nan,nan,602211521165,3067998682
0,nan,0,nan,0,nan,nan,nan,nan,nan,0,nan,nan,nan,nan,nan,0,nan,nan,nan,nan,nan,nan,0,nan,nan,nan,nan,nan,nan,602211529499,3068007016
0,nan,0,nan,0,nan,nan,nan,nan,nan,0,nan,nan,nan,nan,nan,0,nan,nan,nan,nan,nan,nan,0,nan,nan,nan,nan,nan,nan,602211529499,3068007016
0,nan,0,nan,0,nan,nan,nan,nan,nan,0,nan,nan,nan,nan,nan,0,nan,nan,nan,nan,nan,nan,0,nan,nan,nan,nan,nan,nan,602211529499,3068007016
0,nan,0,nan,0,nan,nan,nan,nan,nan,0,nan,nan,nan,nan,nan,0,nan,nan,nan,nan,nan,nan,0,nan,nan,nan,nan,nan,nan,602211529499,3068007016
0,nan,0,nan,0,nan,nan,nan,nan,nan,0,nan,nan,nan,nan,nan,0,nan,nan,nan,nan,nan,nan,0,nan,nan,nan,nan,nan,nan,602211529499,3068007016
0,nan,0,nan,0,nan,nan,nan,nan,nan,0,nan,nan,nan,nan,nan,0,nan,nan,nan,nan,nan,nan,0,nan,nan,nan,nan,nan,nan,602211529499,3068007016
0,nan,0,nan,0,nan,nan,nan,nan,nan,0,nan,nan,nan,nan,nan,0,nan,nan,nan,nan,nan,nan,0,nan,nan,nan,nan,nan,nan,602211529499,3068007016
0,nan,0,nan,0,nan,nan,nan,nan,nan,0,nan,nan,nan,nan,nan,0,nan,nan,nan,nan,nan,nan,0,nan,nan,nan,nan,nan,nan,602211537831,3068015348
0,nan,0,nan,0,nan,nan,nan,nan,nan,0,nan,nan,nan,nan,nan,0,nan,nan,nan,nan,nan,nan,0,nan,nan,nan,nan,nan,nan,602211537831,3068015348
0,nan,0,nan,0,nan,nan,nan,nan,nan,0,nan,nan,nan,nan,nan,0,nan,nan,nan,nan,nan,nan,0,nan,nan,nan,nan,nan,nan,602211537831,3068015348
0,nan,0,nan,0,nan,nan,nan,nan,nan,0,nan,nan,nan,nan,nan,0,nan,nan,nan,nan,nan,nan,0,nan,nan,nan,nan,nan,nan,602211537831,3068015348
0,nan,0,nan,0,nan,nan,nan,nan,nan,0,nan,nan,nan,nan,nan,0,nan,nan,nan,nan,nan,nan,0,nan,nan,nan,nan,nan,nan,602211537831,3068015348
0,nan,0,nan,0,nan,nan,nan,nan,nan,0,nan,nan,nan,nan,nan,0,nan,nan,nan,nan,nan,nan,0,nan,nan,nan,nan,nan,nan,602211537831,3068015348
0,nan,0,nan,0,nan,nan,nan,nan,nan,0,nan,nan,nan,nan,nan,0,nan,nan,nan,nan,nan,nan,0,nan,nan,nan,nan,nan,nan,602211537831,3068015348
0,nan,0,nan,0,nan,nan,nan,nan,nan,0,nan,nan,nan,nan,nan,0,nan,nan,nan,nan,nan,nan,0,nan,nan,nan,nan,nan,nan,602211546165,3068023682
0,nan,0,nan,0,nan,nan,nan,nan,nan,0,nan,nan,nan,nan,nan,0,nan,nan,nan,nan,nan,nan,0,nan,nan,nan,nan,nan,nan,602211546165,3068023682
0,nan,0,nan,0,nan,nan,nan,nan,nan,0,nan,nan,nan,nan,nan,0,nan,nan,nan,nan,nan,nan,0,nan,nan,nan,nan,nan,nan,602211546165,3068023682
0,nan,0,nan,0,nan,nan,nan,nan,nan,0,nan,nan,nan,nan,nan,0,nan,nan,nan,nan,nan,nan,0,nan,nan,nan,nan,nan,nan,602211546165,3068023682
0,nan,0,nan,0,nan,nan,nan,nan,nan,0,nan,nan,nan,nan,nan,0,nan,nan,nan,nan,nan,nan,0,nan,nan,nan,nan,nan,nan,602211546165,3068023682
0,nan,0,nan,0,nan,nan,nan,nan,nan,0,nan,nan,nan,nan,nan,0,nan,nan,nan,nan,nan,nan,0,nan,nan,nan,nan,nan,nan,602211546165,3068023682
0,nan,0,nan,0,nan,nan,nan,nan,nan,0,nan,nan,nan,nan,nan,0,nan,nan,nan,nan,nan,nan,0,nan,nan,nan,nan,nan,nan,602211546165,3068023682
0,nan,0,nan,0,nan,nan,nan,nan,nan,0,nan,nan,nan,nan,nan,0,nan,nan,nan,nan,nan,nan,0,nan,nan,nan,nan,nan,nan,602211554498,3068032015
