ProductId,Visited,LeftGazePointX,LeftGazePointY,LeftGazePointValidity,RightGazePointX,RightGazePointY,RightGazePointValidity,Timestamp
0,0,nan,nan,0,nan,nan,0,523244971
0,0,nan,nan,0,nan,nan,0,523253304
0,0,nan,nan,0,nan,nan,0,523261638
0,0,nan,nan,0,nan,nan,0,523269971
0,0,nan,nan,0,nan,nan,0,523278304
0,0,nan,nan,0,nan,nan,0,523286638
0,0,nan,nan,0,nan,nan,0,523294970
0,0,nan,nan,0,nan,nan,0,523303304
0,0,nan,nan,0,nan,nan,0,523311683
0,0,nan,nan,0,nan,nan,0,523320062
0,0,nan,nan,0,nan,nan,0,523328441
0,0,nan,nan,0,nan,nan,0,523336775
0,0,nan,nan,0,nan,nan,0,523345108
0,0,nan,nan,0,0.4864605665206909,0.5354272127151489,1,523353443
0,0,nan,nan,0,nan,nan,0,523361776
0,0,nan,nan,0,nan,nan,0,523370109
0,0,nan,nan,0,nan,nan,0,523378443
0,0,nan,nan,0,nan,nan,0,523386775
0,0,nan,nan,0,nan,nan,0,523395108
0,0,nan,nan,0,nan,nan,0,523403442
0,0,nan,nan,0,nan,nan,0,523411776
0,0,nan,nan,0,nan,nan,0,523420110
0,0,nan,nan,0,nan,nan,0,523428443
0,0,nan,nan,0,nan,nan,0,523436777
0,0,nan,nan,0,nan,nan,0,523445110
0,0,0.5160190463066101,0.5417600274085999,1,0.4752635657787323,0.5464375615119934,1,523453443
0,0,0.5181912183761597,0.4820418953895569,1,0.476976603269577,0.3574986755847931,1,523461776
0,0,0.5083722472190857,0.5153955221176147,1,nan,nan,0,523470110
0,0,nan,nan,0,nan,nan,0,523478442
0,0,nan,nan,0,nan,nan,0,523486779
0,0,nan,nan,0,0.4732905328273773,0.36679041385650635,1,523495112
0,0,0.5096540451049805,0.46201786398887634,1,nan,nan,0,523503446
0,0,nan,nan,0,nan,nan,0,523511780
0,0,0.5113080143928528,0.4917570948600769,1,nan,nan,0,523520112
0,0,0.5123796463012695,0.5205101370811462,1,nan,nan,0,523528445
0,0,nan,nan,0,nan,nan,0,523536778
0,0,nan,nan,0,nan,nan,0,523545112
0,0,0.5031565427780151,0.43717992305755615,1,nan,nan,0,523553445
0,0,0.5128324031829834,0.48963451385498047,1,nan,nan,0,523561778
0,0,nan,nan,0,0.4774662256240845,0.5158166885375977,1,523570113
0,0,0.5145775675773621,0.496114045381546,1,0.473076730966568,0.5226315855979919,1,523578446
0,0,0.5247092247009277,0.5137929916381836,1,nan,nan,0,523586779
0,0,nan,nan,0,nan,nan,0,523595111
0,0,0.5150888562202454,0.4796416461467743,1,0.47857579588890076,0.4583004415035248,1,523603445
0,0,0.5107622146606445,0.41837748885154724,1,nan,nan,0,523611780
0,0,0.5189855098724365,0.4997057616710663,1,0.4795406460762024,0.47905686497688293,1,523620118
0,0,0.5082873106002808,0.49771881103515625,1,0.474443256855011,0.5188074111938477,1,523628451
0,0,0.5129013657569885,0.5196709632873535,1,nan,nan,0,523636785
0,0,0.5198764801025391,0.46591976284980774,1,nan,nan,0,523645117
0,0,0.5099521279335022,0.5002458691596985,1,nan,nan,0,523653451
0,0,0.5162795186042786,0.4696542024612427,1,nan,nan,0,523661784
0,0,nan,nan,0,nan,nan,0,523670116
0,0,0.5083007216453552,0.49154481291770935,1,0.477596253156662,0.3572171926498413,1,523678450
0,0,0.5147143006324768,0.5000212788581848,1,nan,nan,0,523686784
0,0,nan,nan,0,0.4710209369659424,0.5154178142547607,1,523695117
0,0,nan,nan,0,nan,nan,0,523703451
0,0,nan,nan,0,nan,nan,0,523711784
0,0,nan,nan,0,nan,nan,0,523720117
0,0,0.5175163745880127,0.43830057978630066,1,0.4768151044845581,0.505907416343689,1,523728451
0,0,nan,nan,0,nan,nan,0,523736784
0,0,nan,nan,0,nan,nan,0,523745117
0,0,nan,nan,0,0.47384753823280334,0.47552889585494995,1,523753453
0,0,nan,nan,0,0.47803184390068054,0.44184792041778564,1,523761786
0,0,nan,nan,0,nan,nan,0,523770120
0,0,nan,nan,0,0.4740513265132904,0.4739581346511841,1,523778453
0,0,nan,nan,0,nan,nan,0,523786786
0,0,nan,nan,0,0.4684024751186371,0.5189600586891174,1,523795119
0,0,0.5071602463722229,0.38641229271888733,1,nan,nan,0,523803453
0,0,nan,nan,0,0.4722289741039276,0.3477368950843811,1,523811786
0,0,nan,nan,0,0.47259560227394104,0.4729881286621094,1,523820120
0,0,nan,nan,0,0.4745693504810333,0.4609430730342865,1,523828453
0,0,0.5133036375045776,0.40227028727531433,1,0.47147902846336365,0.4494733214378357,1,523836786
0,0,nan,nan,0,nan,nan,0,523845119
0,0,nan,nan,0,nan,nan,0,523853453
0,0,nan,nan,0,nan,nan,0,523861786
0,0,nan,nan,0,0.48030567169189453,0.3974267542362213,1,523870120
0,0,0.5120528340339661,0.43311166763305664,1,0.4702988564968109,0.3595059812068939,1,523878453
0,0,nan,nan,0,nan,nan,0,523886790
0,0,nan,nan,0,0.471236914396286,0.5016044974327087,1,523895124
0,0,nan,nan,0,nan,nan,0,523903457
0,0,nan,nan,0,nan,nan,0,523911790
0,0,nan,nan,0,0.4711662232875824,0.35311833024024963,1,523920123
0,0,0.5299964547157288,0.49957072734832764,1,0.47555118799209595,0.3914637267589569,1,523928457
0,0,0.5195712447166443,0.5026515126228333,1,0.4842701852321625,0.48894813656806946,1,523936790
0,0,nan,nan,0,nan,nan,0,523945123
0,0,nan,nan,0,nan,nan,0,523953457
0,0,0.5286732316017151,0.48566052317619324,1,0.46455973386764526,0.5511580109596252,1,523961790
0,0,nan,nan,0,nan,nan,0,523970123
0,0,0.5286568999290466,0.48163700103759766,1,0.4732390344142914,0.483929842710495,1,523978457
0,0,nan,nan,0,0.4744083881378174,0.4802781343460083,1,523986790
0,0,nan,nan,0,0.47368210554122925,0.4918193221092224,1,523995124
0,0,nan,nan,0,nan,nan,0,524003457
0,0,nan,nan,0,nan,nan,0,524011790
0,0,nan,nan,0,nan,nan,0,524020123
0,0,0.5234715342521667,0.4623500108718872,1,nan,nan,0,524028457
0,0,nan,nan,0,0.47878703474998474,0.3862702548503876,1,524036790
0,0,nan,nan,0,nan,nan,0,524045124
0,0,nan,nan,0,0.4737856090068817,0.3666858971118927,1,524053456
0,0,nan,nan,0,nan,nan,0,524061790
0,0,nan,nan,0,0.47515028715133667,0.3647060990333557,1,524070124
0,0,0.5156159400939941,0.4400867521762848,1,nan,nan,0,524078457
0,0,0.5266698002815247,0.46140140295028687,1,nan,nan,0,524086790
0,0,nan,nan,0,nan,nan,0,524095123
0,0,0.5134501457214355,0.4871099293231964,1,0.4708561897277832,0.3823137879371643,1,524103456
0,0,nan,nan,0,nan,nan,0,524111790
0,0,nan,nan,0,nan,nan,0,524120124
0,0,nan,nan,0,nan,nan,0,524128457
0,0,nan,nan,0,0.46597984433174133,0.5023218393325806,1,524136790
0,0,nan,nan,0,nan,nan,0,524145128
0,0,0.5233224630355835,0.4919792413711548,1,nan,nan,0,524153461
0,0,nan,nan,0,nan,nan,0,524161795
0,0,nan,nan,0,nan,nan,0,524170129
0,0,nan,nan,0,nan,nan,0,524178462
0,0,nan,nan,0,nan,nan,0,524186795
0,0,nan,nan,0,0.479049950838089,0.40478602051734924,1,524195128
0,0,nan,nan,0,nan,nan,0,524203460
0,0,nan,nan,0,0.46822506189346313,0.5106350183486938,1,524211794
0,0,nan,nan,0,0.4707565903663635,0.37876567244529724,1,524220129
0,0,0.5303468704223633,0.4940064549446106,1,nan,nan,0,524228462
0,0,nan,nan,0,0.47978848218917847,0.4019254446029663,1,524236795
0,0,nan,nan,0,nan,nan,0,524245128
0,0,0.5154508352279663,0.4557434916496277,1,nan,nan,0,524253461
0,0,nan,nan,0,nan,nan,0,524261795
0,0,0.5291088223457336,0.4519476294517517,1,0.460051029920578,0.3464812636375427,1,524270129
0,0,nan,nan,0,nan,nan,0,524278464
0,0,nan,nan,0,0.4780886471271515,0.3520670533180237,1,524286798
0,0,nan,nan,0,nan,nan,0,524295132
0,0,0.5203289985656738,0.49384811520576477,1,nan,nan,0,524303465
0,0,nan,nan,0,nan,nan,0,524311798
0,0,nan,nan,0,nan,nan,0,524320131
0,0,nan,nan,0,nan,nan,0,524328464
0,0,nan,nan,0,0.4654066562652588,0.43923643231391907,1,524336798
0,0,nan,nan,0,nan,nan,0,524345131
0,0,nan,nan,0,nan,nan,0,524353465
0,0,nan,nan,0,nan,nan,0,524361798
0,0,nan,nan,0,nan,nan,0,524370131
0,0,nan,nan,0,nan,nan,0,524378464
0,0,nan,nan,0,0.4637511074542999,0.3788933753967285,1,524386798
0,0,nan,nan,0,0.4654161036014557,0.48290207982063293,1,524395131
0,0,nan,nan,0,nan,nan,0,524403464
0,0,nan,nan,0,0.46447455883026123,0.4493471086025238,1,524411800
0,0,nan,nan,0,0.4683212637901306,0.37477970123291016,1,524420133
0,0,nan,nan,0,nan,nan,0,524428467
0,0,0.5142751336097717,0.3111523985862732,1,0.46569493412971497,0.5281157493591309,1,524436800
0,0,nan,nan,0,nan,nan,0,524445133
0,0,0.5292539000511169,0.49173712730407715,1,nan,nan,0,524453467
0,0,nan,nan,0,0.4580398201942444,0.3639267385005951,1,524461800
0,0,nan,nan,0,nan,nan,0,524470133
0,0,nan,nan,0,nan,nan,0,524478466
0,0,0.521390974521637,0.5003460645675659,1,0.472791463136673,0.43451136350631714,1,524486800
0,0,nan,nan,0,nan,nan,0,524495133
0,0,nan,nan,0,0.47258615493774414,0.4678158462047577,1,524503467
0,0,nan,nan,0,nan,nan,0,524511800
0,0,0.5188455581665039,0.47463682293891907,1,nan,nan,0,524520133
0,0,nan,nan,0,nan,nan,0,524528466
0,0,nan,nan,0,nan,nan,0,524536803
0,0,0.5130089521408081,0.4607526659965515,1,nan,nan,0,524545136
0,0,0.5203664302825928,0.49291786551475525,1,nan,nan,0,524553470
0,0,0.5251927375793457,0.44719198346138,1,0.47586706280708313,0.46219533681869507,1,524561803
0,0,0.5212976932525635,0.4664088487625122,1,0.47889989614486694,0.4833037853240967,1,524570136
0,0,nan,nan,0,nan,nan,0,524578469
0,0,nan,nan,0,nan,nan,0,524586803
0,0,nan,nan,0,0.46480754017829895,0.48100462555885315,1,524595136
0,0,nan,nan,0,0.46873709559440613,0.45711207389831543,1,524603470
0,0,0.5312816500663757,0.42192408442497253,1,0.4785899519920349,0.34989169239997864,1,524611803
0,0,nan,nan,0,0.46809765696525574,0.47246965765953064,1,524620136
0,0,0.5151523947715759,0.40551814436912537,1,0.46667665243148804,0.4608127474784851,1,524628470
0,0,0.5256535410881042,0.47276103496551514,1,0.46085506677627563,0.5040592551231384,1,524636803
0,0,nan,nan,0,0.47654861211776733,0.46589529514312744,1,524645136
0,0,0.5236944556236267,0.4918537735939026,1,0.46720483899116516,0.5049540996551514,1,524653470
0,0,0.5233224630355835,0.4562626779079437,1,0.4739459455013275,0.5287092924118042,1,524661803
0,0,0.5234512090682983,0.47857600450515747,1,0.47460588812828064,0.35663604736328125,1,524670140
0,0,0.5210666656494141,0.5092445611953735,1,0.4689365029335022,0.4415113627910614,1,524678473
0,0,0.5255959033966064,0.4799540936946869,1,nan,nan,0,524686806
0,0,0.5130292177200317,0.4899105727672577,1,0.4650923013687134,0.5147644281387329,1,524695140
0,0,nan,nan,0,nan,nan,0,524703474
0,0,0.5208548307418823,0.46281591057777405,1,0.4739070534706116,0.38243696093559265,1,524711806
0,0,0.5255548357963562,0.4809592664241791,1,nan,nan,0,524720140
0,0,0.5198035836219788,0.4562087059020996,1,nan,nan,0,524728473
0,0,0.5162582397460938,0.4803929030895233,1,nan,nan,0,524736807
0,0,nan,nan,0,nan,nan,0,524745140
0,0,nan,nan,0,0.46908605098724365,0.45130202174186707,1,524753473
0,0,0.5135543942451477,0.49219149351119995,1,0.46136972308158875,0.4770875871181488,1,524761806
0,0,nan,nan,0,nan,nan,0,524770140
0,0,nan,nan,0,0.46466362476348877,0.4800971448421478,1,524778474
0,0,0.5066311359405518,0.4570782780647278,1,0.46507468819618225,0.35023945569992065,1,524786806
0,0,0.49960753321647644,0.4636118412017822,1,0.46358782052993774,0.4235379695892334,1,524795140
0,0,0.5131957530975342,0.460396945476532,1,0.4660426080226898,0.4292023479938507,1,524803475
0,0,0.5142812728881836,0.4613346457481384,1,0.4715595245361328,0.4228323698043823,1,524811809
0,0,0.5103124380111694,0.45777568221092224,1,nan,nan,0,524820142
0,0,0.509284257888794,0.4544583857059479,1,nan,nan,0,524828475
0,0,nan,nan,0,nan,nan,0,524836809
0,0,0.5206412672996521,0.4681515097618103,1,nan,nan,0,524845142
0,0,nan,nan,0,0.4587174654006958,0.4684344530105591,1,524853475
0,0,0.517040491104126,0.4348676800727844,1,0.4575102925300598,0.4369940161705017,1,524861809
0,0,nan,nan,0,0.4653323292732239,0.3652802109718323,1,524870142
0,0,0.5146814584732056,0.46362999081611633,1,0.4688916802406311,0.5227341055870056,1,524878475
0,0,nan,nan,0,0.46993589401245117,0.4856116473674774,1,524886809
0,0,nan,nan,0,nan,nan,0,524895142
0,0,0.5129830837249756,0.49117985367774963,1,0.4746054708957672,0.41907861828804016,1,524903475
0,0,nan,nan,0,0.48138681054115295,0.45319098234176636,1,524911809
0,0,nan,nan,0,nan,nan,0,524920142
0,0,0.5239826440811157,0.4495866894721985,1,0.4673682749271393,0.4996912181377411,1,524928475
0,0,nan,nan,0,nan,nan,0,524936809
0,0,nan,nan,0,0.47027742862701416,0.5208850502967834,1,524945142
0,0,nan,nan,0,nan,nan,0,524953475
0,0,0.5098532438278198,0.4810832738876343,1,nan,nan,0,524961808
0,0,0.5119668245315552,0.4935785233974457,1,0.4647791087627411,0.47189632058143616,1,524970142
0,0,nan,nan,0,0.4694284498691559,0.35151979327201843,1,524978475
0,0,0.511646568775177,0.48232895135879517,1,nan,nan,0,524986809
0,0,nan,nan,0,0.4626467823982239,0.4451746940612793,1,524995142
0,0,0.5284174084663391,0.45876169204711914,1,nan,nan,0,525003475
0,0,0.5193556547164917,0.4986855685710907,1,nan,nan,0,525011809
0,0,nan,nan,0,nan,nan,0,525020142
0,0,nan,nan,0,nan,nan,0,525028475
0,0,nan,nan,0,0.47154954075813293,0.5145994424819946,1,525036809
0,0,nan,nan,0,nan,nan,0,525045142
0,0,nan,nan,0,0.4643755257129669,0.4677188992500305,1,525053475
0,0,0.521467924118042,0.4701334834098816,1,0.4755302369594574,0.46392175555229187,1,525061815
0,0,0.5179228782653809,0.4836885631084442,1,0.4755209982395172,0.4598117470741272,1,525070148
0,0,0.5063571333885193,0.49259981513023376,1,nan,nan,0,525078481
0,0,nan,nan,0,0.4653823673725128,0.5089648365974426,1,525086814
0,0,nan,nan,0,nan,nan,0,525095148
0,0,0.5138475894927979,0.48301512002944946,1,nan,nan,0,525103481
0,0,nan,nan,0,nan,nan,0,525111815
0,0,0.5140557885169983,0.5081475973129272,1,0.46024537086486816,0.4865866005420685,1,525120147
0,0,0.5146527886390686,0.4516436755657196,1,0.4673088788986206,0.44895854592323303,1,525128481
0,0,0.5149239897727966,0.467269629240036,1,0.46542441844940186,0.4592404067516327,1,525136815
0,0,0.5033072233200073,0.44944605231285095,1,0.4774773418903351,0.4460684657096863,1,525145148
0,0,nan,nan,0,0.47147032618522644,0.5148955583572388,1,525153481
0,0,nan,nan,0,0.4700041115283966,0.4534772038459778,1,525161814
0,0,0.5165755748748779,0.39997026324272156,1,0.4631566107273102,0.4614057242870331,1,525170148
0,0,nan,nan,0,nan,nan,0,525178481
0,0,0.5157443881034851,0.43376240134239197,1,0.4806763231754303,0.4580698013305664,1,525186815
0,0,nan,nan,0,nan,nan,0,525195149
0,0,nan,nan,0,0.4609794020652771,0.481372207403183,1,525203483
0,0,0.5092979669570923,0.4896215796470642,1,0.4796660542488098,0.4737817347049713,1,525211817
0,0,nan,nan,0,nan,nan,0,525220150
0,0,nan,nan,0,0.4621026813983917,0.5009061694145203,1,525228483
0,0,0.5069186091423035,0.4322250485420227,1,0.4645827114582062,0.4842938482761383,1,525236816
0,0,0.514637291431427,0.4780192971229553,1,0.46120598912239075,0.440750390291214,1,525245149
0,0,0.5141095519065857,0.5048442482948303,1,0.46792885661125183,0.5450959801673889,1,525253483
0,0,0.5136220455169678,0.49901270866394043,1,nan,nan,0,525261817
0,0,0.514171302318573,0.45032140612602234,1,nan,nan,0,525270150
0,0,nan,nan,0,nan,nan,0,525278483
0,0,nan,nan,0,nan,nan,0,525286816
0,0,0.5159582495689392,0.49106088280677795,1,nan,nan,0,525295150
0,0,nan,nan,0,nan,nan,0,525303483
0,0,nan,nan,0,nan,nan,0,525311817
0,0,0.5120576620101929,0.5012663006782532,1,nan,nan,0,525320151
0,0,0.5130264163017273,0.34438297152519226,1,nan,nan,0,525328485
0,0,nan,nan,0,0.46816959977149963,0.47700628638267517,1,525336818
0,0,nan,nan,0,0.468971848487854,0.510728657245636,1,525345151
0,0,nan,nan,0,0.4751737415790558,0.5339037775993347,1,525353485
0,0,0.5180342197418213,0.4836539626121521,1,0.4635133743286133,0.5050070881843567,1,525361818
0,0,nan,nan,0,nan,nan,0,525370152
0,0,0.5209928750991821,0.4743938744068146,1,0.47313910722732544,0.3493531346321106,1,525378485
0,0,nan,nan,0,0.4595441222190857,0.4960038363933563,1,525386818
0,0,nan,nan,0,0.4813014566898346,0.5172026753425598,1,525395151
0,0,0.5160022974014282,0.4537493884563446,1,0.463887095451355,0.46884390711784363,1,525403485
0,0,0.5216643214225769,0.47411075234413147,1,0.4651118516921997,0.47608232498168945,1,525411818
0,0,nan,nan,0,nan,nan,0,525420151
0,0,0.5121819972991943,0.4490346908569336,1,0.4723307192325592,0.35128840804100037,1,525428485
0,0,0.5273562073707581,0.43782350420951843,1,nan,nan,0,525436818
0,0,0.5091100931167603,0.4136209189891815,1,0.4800752103328705,0.519818127155304,1,525445151
0,0,nan,nan,0,0.47186771035194397,0.4451292157173157,1,525453488
0,0,0.5120589733123779,0.3291763663291931,1,nan,nan,0,525461821
0,0,nan,nan,0,0.4599655866622925,0.43862971663475037,1,525470154
0,0,nan,nan,0,0.46686220169067383,0.5005245208740234,1,525478488
0,0,0.5099072456359863,0.33480480313301086,1,nan,nan,0,525486821
0,0,nan,nan,0,0.4683373272418976,0.35245248675346375,1,525495155
0,0,nan,nan,0,0.47024738788604736,0.4949169456958771,1,525503488
0,0,0.5116541385650635,0.44094711542129517,1,0.48121607303619385,0.3707256317138672,1,525511821
0,0,nan,nan,0,nan,nan,0,525520154
0,0,nan,nan,0,0.47168582677841187,0.44200173020362854,1,525528488
0,0,nan,nan,0,nan,nan,0,525536821
0,0,nan,nan,0,0.4690857231616974,0.48244789242744446,1,525545154
0,0,nan,nan,0,nan,nan,0,525553488
0,0,nan,nan,0,0.467787504196167,0.47847309708595276,1,525561821
0,0,nan,nan,0,nan,nan,0,525570154
0,0,0.5036814212799072,0.4926894009113312,1,nan,nan,0,525578488
0,0,nan,nan,0,nan,nan,0,525586826
0,0,0.5051764845848083,0.49527791142463684,1,nan,nan,0,525595159
0,0,nan,nan,0,0.4685205817222595,0.44715964794158936,1,525603493
0,0,nan,nan,0,nan,nan,0,525611826
0,0,nan,nan,0,nan,nan,0,525620160
0,0,nan,nan,0,0.4736647605895996,0.5664029121398926,1,525628492
0,0,nan,nan,0,nan,nan,0,525636826
0,0,nan,nan,0,0.47545045614242554,0.46146082878112793,1,525645159
0,0,nan,nan,0,0.48078784346580505,0.4544694125652313,1,525653492
0,0,nan,nan,0,nan,nan,0,525661826
0,0,0.5314862728118896,0.4815208315849304,1,nan,nan,0,525670159
0,0,0.5212090015411377,0.49098101258277893,1,nan,nan,0,525678493
0,0,nan,nan,0,nan,nan,0,525686826
0,0,nan,nan,0,nan,nan,0,525695159
0,0,0.505245566368103,0.3324601948261261,1,nan,nan,0,525703493
0,0,0.51393723487854,0.4769068956375122,1,nan,nan,0,525711826
0,0,0.5024770498275757,0.3589150607585907,1,nan,nan,0,525720163
0,0,nan,nan,0,0.47459670901298523,0.3685917556285858,1,525728495
0,0,nan,nan,0,0.47386983036994934,0.3969179391860962,1,525736829
0,0,nan,nan,0,0.4706178307533264,0.4754140079021454,1,525745162
0,0,nan,nan,0,0.4746166169643402,0.412166565656662,1,525753496
0,0,nan,nan,0,0.46706873178482056,0.3594079315662384,1,525761829
0,0,0.5202324390411377,0.44846051931381226,1,nan,nan,0,525770162
0,0,nan,nan,0,0.4589322805404663,0.5342239737510681,1,525778496
0,0,nan,nan,0,0.4719966948032379,0.5113293528556824,1,525786829
0,0,nan,nan,0,nan,nan,0,525795163
0,0,nan,nan,0,nan,nan,0,525803496
0,0,0.5223072171211243,0.4910796880722046,1,0.4743264615535736,0.38637876510620117,1,525811829
0,0,0.5214794278144836,0.448965460062027,1,nan,nan,0,525820163
0,0,nan,nan,0,nan,nan,0,525828494
0,0,nan,nan,0,nan,nan,0,525836829
0,0,nan,nan,0,nan,nan,0,525845163
0,0,nan,nan,0,0.4730904996395111,0.37654444575309753,1,525853496
0,0,nan,nan,0,nan,nan,0,525861830
0,0,nan,nan,0,0.470149964094162,0.36529555916786194,1,525870163
0,0,nan,nan,0,0.42609038949012756,0.3667723536491394,1,525878497
0,0,0.39052698016166687,0.3060053288936615,1,0.37561219930648804,0.4005453288555145,1,525886830
0,0,0.3672133684158325,0.3096000850200653,1,0.35032203793525696,0.411639928817749,1,525895163
0,0,0.34813985228538513,0.31902194023132324,1,0.3350922465324402,0.44179996848106384,1,525903497
0,0,0.3541596531867981,0.3114812970161438,1,0.3249008357524872,0.3697192370891571,1,525911830
0,0,0.35056519508361816,0.31532615423202515,1,0.3346240222454071,0.4181358814239502,1,525920163
0,0,0.34969598054885864,0.30584731698036194,1,0.3304755389690399,0.40634000301361084,1,525928496
0,0,0.3468755781650543,0.3071112036705017,1,0.33374378085136414,0.45440804958343506,1,525936830
0,0,0.3524148166179657,0.35758987069129944,1,0.3258383572101593,0.38742536306381226,1,525945163
0,0,0.35647159814834595,0.2925940454006195,1,0.32525867223739624,0.4260564148426056,1,525953497
0,0,0.34498631954193115,0.3288079500198364,1,0.3263133764266968,0.4320206642150879,1,525961829
0,0,0.3487919867038727,0.30955109000205994,1,0.3287512958049774,0.41415199637413025,1,525970163
0,0,0.34681928157806396,0.3193269968032837,1,0.32699617743492126,0.4299449026584625,1,525978500
0,0,0.3502243757247925,0.3025766611099243,1,0.32576990127563477,0.4241572618484497,1,525986834
0,0,0.3461943566799164,0.3073805570602417,1,0.32313957810401917,0.43319857120513916,1,525995167
0,0,0.35450300574302673,0.3160281181335449,1,0.3248094320297241,0.3956303596496582,1,526003501
0,0,0.35656219720840454,0.3023487329483032,1,0.3230508863925934,0.4068191349506378,1,526011834
0,0,0.3500909209251404,0.3200172781944275,1,0.32329875230789185,0.4466826319694519,1,526020167
0,0,0.34967660903930664,0.2905268967151642,1,0.3219521641731262,0.39416882395744324,1,526028501
0,0,0.3395397663116455,0.3214316964149475,1,0.3290846049785614,0.3605947494506836,1,526036834
0,0,0.3524181842803955,0.31861817836761475,1,0.3254055380821228,0.42046478390693665,1,526045167
0,0,0.3575006127357483,0.3554525077342987,1,0.32316094636917114,0.3938571810722351,1,526053501
0,0,0.35787802934646606,0.29424044489860535,1,0.32100164890289307,0.38640376925468445,1,526061834
0,0,0.3535849452018738,0.3107962906360626,1,0.329245388507843,0.4242059886455536,1,526070166
0,0,0.35725268721580505,0.3111509680747986,1,0.3229731023311615,0.40878456830978394,1,526078501
0,0,0.351017028093338,0.2898808717727661,1,0.3275306224822998,0.41334372758865356,1,526086834
0,0,0.3539905548095703,0.2967461943626404,1,0.3298388719558716,0.36740538477897644,1,526095167
0,0,0.3612493872642517,0.30547118186950684,1,0.3227778673171997,0.42014551162719727,1,526103501
0,0,0.34783339500427246,0.3040086328983307,1,0.31940919160842896,0.42769479751586914,1,526111837
0,0,0.3501865267753601,0.2906514108181,1,0.32865628600120544,0.44135135412216187,1,526120170
0,0,0.352716326713562,0.2957764267921448,1,0.32454490661621094,0.43749210238456726,1,526128504
0,0,0.3526908755302429,0.3082694411277771,1,0.3227521479129791,0.4044593274593353,1,526136837
0,0,0.3538074791431427,0.2928261458873749,1,0.3222283124923706,0.42744940519332886,1,526145170
0,0,0.3457948863506317,0.3135146498680115,1,0.32605016231536865,0.3632849454879761,1,526153504
0,0,0.3533323109149933,0.30643442273139954,1,0.32243427634239197,0.3940134346485138,1,526161837
0,0,0.35068047046661377,0.3129325807094574,1,0.3229950964450836,0.43820393085479736,1,526170170
0,0,0.3471499979496002,0.313347727060318,1,0.32526275515556335,0.3790218234062195,1,526178504
0,0,0.355470210313797,0.31749361753463745,1,0.3277679979801178,0.374064177274704,1,526186837
0,0,0.3511563837528229,0.32723790407180786,1,0.3157763183116913,0.4360200762748718,1,526195170
0,0,0.3447146415710449,0.301715224981308,1,0.31867966055870056,0.40133151412010193,1,526203504
0,0,nan,nan,0,0.3217214047908783,0.41910237073898315,1,526211837
0,0,0.34708234667778015,0.3186386823654175,1,0.3189411163330078,0.41867291927337646,1,526220170
0,0,0.35448703169822693,0.30015555024147034,1,0.32184121012687683,0.4250486493110657,1,526228504
0,0,0.34659120440483093,0.3082391023635864,1,0.3238791227340698,0.42571520805358887,1,526236837
0,0,0.3498842120170593,0.30652695894241333,1,0.3192882537841797,0.4512157142162323,1,526245172
0,0,0.35246342420578003,0.3106061816215515,1,0.3204645812511444,0.4100229740142822,1,526253506
0,0,0.3529614210128784,0.3293375074863434,1,0.3217572867870331,0.4157968759536743,1,526261839
0,0,nan,nan,0,0.32583117485046387,0.43165937066078186,1,526270171
0,0,0.3562300503253937,0.3242114782333374,1,0.3169519007205963,0.415646493434906,1,526278506
0,0,0.3552587926387787,0.3249221742153168,1,0.3219273090362549,0.40660232305526733,1,526286839
0,0,0.3503696620464325,0.30156204104423523,1,0.3223188817501068,0.4019607603549957,1,526295172
0,0,0.3560541868209839,0.31828802824020386,1,0.3275029957294464,0.440157413482666,1,526303506
0,0,0.3489057421684265,0.31185898184776306,1,0.32205137610435486,0.4098430871963501,1,526311838
0,0,0.35357025265693665,0.31265220046043396,1,0.3150675892829895,0.39677947759628296,1,526320172
0,0,0.3516945242881775,0.31166285276412964,1,0.3257625102996826,0.39811739325523376,1,526328506
0,0,0.3583493232727051,0.29914095997810364,1,0.31767213344573975,0.41536158323287964,1,526336839
0,0,0.35466262698173523,0.3121204078197479,1,0.32872405648231506,0.43266060948371887,1,526345172
0,0,0.3761284351348877,0.31024810671806335,1,0.3461015224456787,0.3844420313835144,1,526353506
0,0,0.4087567627429962,0.3208073079586029,1,0.3808937072753906,0.34177538752555847,1,526361839
0,0,0.425668865442276,0.2989835739135742,1,0.390366792678833,0.34812110662460327,1,526370174
0,0,0.4408629834651947,0.30145204067230225,1,0.4096846878528595,0.3392796814441681,1,526378508
0,0,0.4399257004261017,0.30734914541244507,1,0.40039315819740295,0.3310641050338745,1,526386841
0,0,0.43284881114959717,0.2941484749317169,1,0.41119349002838135,0.34249502420425415,1,526395174
0,0,0.4388066828250885,0.3070269227027893,1,0.4045180678367615,0.33633357286453247,1,526403508
0,0,0.4436299502849579,0.30146467685699463,1,0.40620169043540955,0.32906171679496765,1,526411841
0,0,0.44660359621047974,0.29646047949790955,1,0.40743908286094666,0.33497145771980286,1,526420174
0,0,0.43922582268714905,0.2950875461101532,1,0.4116113781929016,0.33831095695495605,1,526428508
0,0,0.44749778509140015,0.2905721366405487,1,0.4061269760131836,0.33702388405799866,1,526436841
0,0,0.44400349259376526,0.3060348331928253,1,0.412868469953537,0.3375888764858246,1,526445174
0,0,0.44432905316352844,0.30146822333335876,1,0.4082733690738678,0.33503931760787964,1,526453507
0,0,0.4391654431819916,0.29928022623062134,1,0.4107576310634613,0.3301571309566498,1,526461841
0,0,0.44264745712280273,0.3053215742111206,1,0.4123154878616333,0.3407774865627289,1,526470174
0,0,0.44564586877822876,0.29712939262390137,1,0.4067220389842987,0.34366872906684875,1,526478507
0,0,0.44757330417633057,0.2914043068885803,1,0.4177722930908203,0.33815741539001465,1,526486841
0,0,0.4520983397960663,0.3090660572052002,1,0.4107753038406372,0.3363909423351288,1,526495174
0,0,0.4499874711036682,0.3044282793998718,1,0.409070760011673,0.344341516494751,1,526503513
0,0,0.444427490234375,0.29403144121170044,1,0.4067062437534332,0.3385230004787445,1,526511847
0,0,0.45138341188430786,0.2932485342025757,1,0.4090271294116974,0.33372947573661804,1,526520180
0,0,0.4401360750198364,0.3039340674877167,1,0.40898749232292175,0.3519000709056854,1,526528513
0,0,0.4468132555484772,0.28859516978263855,1,0.40587031841278076,0.3399706780910492,1,526536847
0,0,0.44456934928894043,0.31404513120651245,1,0.40794309973716736,0.349018394947052,1,526545180
0,0,0.44586554169654846,0.2999742329120636,1,0.4133303165435791,0.3457637429237366,1,526553513
0,0,0.4412105679512024,0.2973393201828003,1,0.4076557755470276,0.341261088848114,1,526561847
0,0,0.4363895356655121,0.30464956164360046,1,0.4041295647621155,0.3480108678340912,1,526570180
0,0,0.3856368958950043,0.28790974617004395,1,0.3789884150028229,0.33055171370506287,1,526578513
0,0,0.3480885624885559,0.2677188217639923,1,0.33173105120658875,0.39647865295410156,1,526586847
0,0,0.33236023783683777,0.2828854024410248,1,0.29988017678260803,0.3946947455406189,1,526595180
0,0,0.31186166405677795,0.3263937532901764,1,0.2929384112358093,0.42056816816329956,1,526603513
0,0,0.3112349212169647,0.2659439742565155,1,0.2908945679664612,0.4123334288597107,1,526611847
0,0,0.31174394488334656,0.2902740240097046,1,0.28817859292030334,0.423246294260025,1,526620180
0,0,0.3107355833053589,0.33049502968788147,1,0.28619706630706787,0.4026428163051605,1,526628513
0,0,0.3152347505092621,0.2981661558151245,1,0.2854645848274231,0.411737322807312,1,526636847
0,0,0.31217676401138306,0.2968263030052185,1,0.283428430557251,0.3918970823287964,1,526645180
0,0,0.3119634985923767,0.29549646377563477,1,0.28735336661338806,0.381434828042984,1,526653513
0,0,0.32242122292518616,0.2902960777282715,1,0.2839367389678955,0.37990665435791016,1,526661847
0,0,0.30957332253456116,0.30203062295913696,1,0.284335732460022,0.373127281665802,1,526670180
0,0,0.3095414936542511,0.2947608232498169,1,0.28515350818634033,0.37448957562446594,1,526678513
0,0,0.3137688934803009,0.29394805431365967,1,0.28520697355270386,0.38673633337020874,1,526686847
0,0,0.3136594295501709,0.3416312336921692,1,0.2847312092781067,0.39799806475639343,1,526695180
0,0,0.3115731477737427,0.29626792669296265,1,0.2846849262714386,0.37867242097854614,1,526703513
0,0,0.31373462080955505,0.2910284698009491,1,0.2887904644012451,0.3930298089981079,1,526711847
0,0,0.31313982605934143,0.2854437828063965,1,0.2872166037559509,0.37832269072532654,1,526720180
0,0,0.3122832179069519,0.29224616289138794,1,0.28322070837020874,0.3805328607559204,1,526728513
0,0,0.3091971278190613,0.282211035490036,1,0.28641510009765625,0.37154421210289,1,526736847
0,0,0.3107093572616577,0.2922735810279846,1,0.2858654260635376,0.393495112657547,1,526745180
0,0,0.3149942457675934,0.28625422716140747,1,0.28789952397346497,0.3771637976169586,1,526753513
0,0,0.3074150085449219,0.27670761942863464,1,0.2881481945514679,0.36941343545913696,1,526761847
0,0,0.2805354595184326,0.27383360266685486,1,0.260997474193573,0.3478879928588867,1,526770183
0,0,0.27064552903175354,0.2553500533103943,1,0.2522582709789276,0.2920263111591339,1,526778516
0,0,0.26636508107185364,0.2148645967245102,1,0.25601112842559814,0.2918705642223358,1,526786850
1,1,0.27757173776626587,0.2215437889099121,1,0.2472827285528183,0.31049180030822754,1,526795183
1,1,0.2750565707683563,0.24336202442646027,1,0.2480359673500061,0.3017945885658264,1,526803516
1,1,0.269493043422699,0.22048337757587433,1,0.2468397468328476,0.2827771008014679,1,526811850
1,1,0.27276739478111267,0.23316608369350433,1,0.2441496104001999,0.300468772649765,1,526820183
1,1,0.2747451066970825,0.22536388039588928,1,0.24266627430915833,0.28726986050605774,1,526828516
1,1,0.27129289507865906,0.2364835888147354,1,0.2448807805776596,0.28666168451309204,1,526836849
1,1,0.2713773846626282,0.22788874804973602,1,0.24686168134212494,0.2820655405521393,1,526845183
1,1,0.2758571207523346,0.24440844357013702,1,0.2448740452528,0.2878069579601288,1,526853516
1,1,0.27622973918914795,0.23566964268684387,1,0.24535875022411346,0.2782347500324249,1,526861850
1,1,0.27564695477485657,0.21862757205963135,1,0.24244581162929535,0.2965104281902313,1,526870182
1,1,0.2722509801387787,0.2318052351474762,1,0.24410517513751984,0.28719985485076904,1,526878516
1,1,0.265942245721817,0.23112176358699799,1,0.24169576168060303,0.2760915160179138,1,526886850
1,1,0.27196988463401794,0.2356683760881424,1,0.2440279871225357,0.28153887391090393,1,526895187
1,1,0.24292424321174622,0.3151297867298126,1,0.21831630170345306,0.32907992601394653,1,526903520
1,1,0.21822558343410492,0.3733655512332916,1,0.1723402738571167,0.3936803638935089,1,526911853
1,1,0.20640641450881958,0.3945271372795105,1,0.1697114109992981,0.40489014983177185,1,526920186
1,1,0.20527862012386322,0.3719279170036316,1,0.172361359000206,0.43446385860443115,1,526928520
1,1,0.20335771143436432,0.3593039810657501,1,0.17924325168132782,0.4015181362628937,1,526936854
1,1,0.2026575207710266,0.3860115706920624,1,0.16929632425308228,0.43015486001968384,1,526945186
1,1,0.20460762083530426,0.36124187707901,1,0.17351582646369934,0.42244523763656616,1,526953520
1,1,0.20485347509384155,0.36585548520088196,1,0.16773658990859985,0.40429651737213135,1,526961853
1,1,0.2017396092414856,0.3713163137435913,1,0.17105063796043396,0.4116167426109314,1,526970186
1,1,0.20721417665481567,0.3673481047153473,1,0.17477154731750488,0.413932740688324,1,526978520
1,1,0.21009531617164612,0.3794454038143158,1,0.164594829082489,0.41840657591819763,1,526986853
1,1,0.20232747495174408,0.3891792297363281,1,0.1633901447057724,0.39577120542526245,1,526995186
1,1,0.20631396770477295,0.38304054737091064,1,0.17091496288776398,0.429242879152298,1,527003520
1,1,0.20221784710884094,0.35070550441741943,1,0.17180843651294708,0.4056495726108551,1,527011853
1,1,0.20868121087551117,0.37518441677093506,1,0.17109158635139465,0.4202613830566406,1,527020187
1,1,0.20064663887023926,0.38810792565345764,1,0.1726166158914566,0.4069982171058655,1,527028523
1,1,0.20621517300605774,0.3585648238658905,1,0.17234580218791962,0.42687615752220154,1,527036856
1,1,0.2049875110387802,0.3956044316291809,1,0.17638005316257477,0.41975510120391846,1,527045189
1,1,0.20845729112625122,0.3873714804649353,1,0.17024123668670654,0.40384021401405334,1,527053523
1,1,0.21150214970111847,0.37363678216934204,1,0.16720221936702728,0.4207444489002228,1,527061856
1,1,0.23005031049251556,0.37368810176849365,1,0.20698228478431702,0.4299493134021759,1,527070190
1,1,0.2557481527328491,0.3800458312034607,1,0.23489660024642944,0.39403092861175537,1,527078523
1,1,0.257058322429657,0.3194311857223511,1,0.235069140791893,0.4060867726802826,1,527086856
1,1,0.2701873779296875,0.35017159581184387,1,0.23884345591068268,0.41101840138435364,1,527095189
1,1,0.26058727502822876,0.38327550888061523,1,0.22422565519809723,0.3897556960582733,1,527103523
1,1,0.26982176303863525,0.373344361782074,1,0.23953568935394287,0.41080132126808167,1,527111856
1,1,0.2654028534889221,0.3416365683078766,1,0.23330995440483093,0.4236983358860016,1,527120189
1,1,0.2711363434791565,0.3502575159072876,1,0.23387913405895233,0.40074723958969116,1,527128523
1,1,0.26613688468933105,0.38756921887397766,1,0.23189960420131683,0.3857875168323517,1,527136856
1,1,0.26232263445854187,0.36203354597091675,1,0.2354241907596588,0.3960963785648346,1,527145190
1,1,0.2599092423915863,0.3611173629760742,1,0.23578864336013794,0.39398348331451416,1,527153523
1,1,0.2732279300689697,0.3759947419166565,1,0.24049052596092224,0.40793782472610474,1,527161859
1,1,0.26274925470352173,0.3788089156150818,1,0.23863568902015686,0.4225786328315735,1,527170192
1,1,0.2626644968986511,0.387620747089386,1,0.24147281050682068,0.3948971629142761,1,527178526
1,1,0.27184635400772095,0.3620138466358185,1,0.2420734167098999,0.4155052900314331,1,527186859
1,1,0.2681499421596527,0.3797144591808319,1,0.23333030939102173,0.3882090747356415,1,527195193
1,1,0.26713818311691284,0.35881564021110535,1,0.2345951348543167,0.3857666850090027,1,527203526
1,1,0.26367560029029846,0.3400346338748932,1,0.23663635551929474,0.41771867871284485,1,527211859
1,1,0.26049289107322693,0.3837980031967163,1,0.23524054884910583,0.4033852219581604,1,527220192
1,1,0.268452912569046,0.3876008689403534,1,0.23490364849567413,0.4227081537246704,1,527228526
1,1,0.2659018933773041,0.3596440553665161,1,0.23745815455913544,0.4080386757850647,1,527236859
1,1,0.2692149877548218,0.38440728187561035,1,0.2374550998210907,0.4003668427467346,1,527245192
1,1,0.27255696058273315,0.38405168056488037,1,0.238564595580101,0.39908653497695923,1,527253526
1,1,0.27152180671691895,0.3871200382709503,1,0.24149338901042938,0.4408917725086212,1,527261859
1,1,0.2713165283203125,0.35996028780937195,1,0.23918038606643677,0.4049738645553589,1,527270193
1,1,0.2717019319534302,0.4069315791130066,1,0.24190883338451385,0.4085310995578766,1,527278526
1,1,0.26378196477890015,0.4025692939758301,1,0.23552335798740387,0.40693187713623047,1,527286859
1,1,0.26955583691596985,0.3434152901172638,1,0.2417912781238556,0.4245573878288269,1,527295194
1,1,0.26638615131378174,0.3367709815502167,1,0.2442154735326767,0.4026658833026886,1,527303528
1,1,0.27036139369010925,0.3696112632751465,1,0.23528848588466644,0.41915661096572876,1,527311861
1,1,0.2725943624973297,0.3928331732749939,1,0.23723946511745453,0.4246641993522644,1,527320195
1,1,0.2691202759742737,0.38242048025131226,1,0.237106055021286,0.4285248816013336,1,527328527
1,1,0.27073150873184204,0.3907172679901123,1,0.2339581698179245,0.41206440329551697,1,527336861
1,1,0.2648938298225403,0.36456939578056335,1,0.23450680077075958,0.4320905804634094,1,527345195
1,1,0.27696508169174194,0.37694260478019714,1,0.24784919619560242,0.40356510877609253,1,527353527
1,1,0.32422110438346863,0.2804376780986786,1,0.3073926866054535,0.3698664903640747,1,527361861
1,1,0.3615177571773529,0.268474280834198,1,0.3335522711277008,0.31813591718673706,1,527370194
1,1,0.3807527720928192,0.32474273443222046,1,0.34755000472068787,0.3259567320346832,1,527378528
1,1,0.3654418885707855,0.28172704577445984,1,0.34622928500175476,0.31964239478111267,1,527386861
1,1,0.36812037229537964,0.282037615776062,1,0.35116904973983765,0.31988081336021423,1,527395194
1,1,0.3664589524269104,0.288025826215744,1,0.34784135222435,0.3203372359275818,1,527403528
1,1,0.37333357334136963,0.2797184884548187,1,0.34920716285705566,0.321700781583786,1,527411861
1,1,0.3704664707183838,0.2722545862197876,1,0.34916171431541443,0.3403291702270508,1,527420197
1,1,0.3744165599346161,0.2707836627960205,1,0.3524136245250702,0.31770965456962585,1,527428530
1,1,0.37372687458992004,0.26752111315727234,1,0.3490268886089325,0.32465434074401855,1,527436863
1,1,0.37290385365486145,0.28087180852890015,1,0.35188066959381104,0.3269648849964142,1,527445197
1,1,0.37131908535957336,0.26235875487327576,1,0.3505869507789612,0.3549051880836487,1,527453529
1,1,0.37657809257507324,0.27137449383735657,1,0.3526492118835449,0.3548598289489746,1,527461863
1,1,0.3754388093948364,0.25581979751586914,1,0.3487374186515808,0.3195727467536926,1,527470197
1,1,0.38218948245048523,0.2649032175540924,1,0.34680527448654175,0.32580357789993286,1,527478529
1,1,0.3758208751678467,0.28289270401000977,1,0.34631040692329407,0.3135080337524414,1,527486863
1,1,0.37337517738342285,0.27051880955696106,1,0.3472544848918915,0.3115406632423401,1,527495196
1,1,0.3758819103240967,0.268576443195343,1,0.34457409381866455,0.3125547766685486,1,527503530
1,1,0.366095632314682,0.28293776512145996,1,0.3438810706138611,0.32352399826049805,1,527511863
1,1,0.3662967383861542,0.2737911343574524,1,0.3463224768638611,0.3288956582546234,1,527520196
1,1,0.365560382604599,0.2767314314842224,1,0.35128524899482727,0.31478747725486755,1,527528530
1,1,0.31169363856315613,0.3642791211605072,1,0.2906181216239929,0.4026818871498108,1,527536863
1,1,0.236050084233284,0.5165416598320007,1,0.2194182425737381,0.532356858253479,1,527545196
1,1,0.17913272976875305,0.5114104151725769,1,0.14994578063488007,0.5518324375152588,1,527553535
1,1,0.12633094191551208,0.5747011303901672,1,0.09866787493228912,0.5948843955993652,1,527561868
1,1,0.09885260462760925,0.5667812824249268,1,0.06089402362704277,0.6002303957939148,1,527570201
1,1,0.10476493090391159,0.6218854784965515,1,0.06888890266418457,0.6310791969299316,1,527578535
1,1,0.10381370037794113,0.5913785099983215,1,0.07309647649526596,0.6014077663421631,1,527586868
1,1,0.10305429250001907,0.6077180504798889,1,0.07453542202711105,0.6267877817153931,1,527595201
1,1,0.10100048780441284,0.5890955328941345,1,0.061286039650440216,0.628868579864502,1,527603535
1,1,0.09410573542118073,0.5939418077468872,1,0.06271356344223022,0.6153191328048706,1,527611868
1,1,0.10149385035037994,0.6105976104736328,1,0.06577420234680176,0.6257303357124329,1,527620201
1,1,0.09639416635036469,0.6078975796699524,1,0.0608496256172657,0.6163923144340515,1,527628535
1,1,0.10428289324045181,0.601477861404419,1,0.058137744665145874,0.6134313941001892,1,527636868
1,1,0.10842522233724594,0.6074173450469971,1,0.06773124635219574,0.629257321357727,1,527645201
1,1,0.10463586449623108,0.6166420578956604,1,0.0642327293753624,0.6110371351242065,1,527653535
1,1,0.0953967496752739,0.6050540804862976,1,0.07232241332530975,0.6364024877548218,1,527661868
1,1,0.10497818887233734,0.6119765043258667,1,0.06388749927282333,0.6301257610321045,1,527670201
1,1,0.09546943753957748,0.5852758288383484,1,0.05847018212080002,0.6224868297576904,1,527678535
1,1,0.10229538381099701,0.6038976311683655,1,0.06652602553367615,0.6168901920318604,1,527686869
1,1,0.09623748064041138,0.6111444234848022,1,0.05972513556480408,0.6223806142807007,1,527695202
1,1,0.09215725213289261,0.65557461977005,1,0.07100296020507812,0.6981149911880493,1,527703535
1,1,0.090232253074646,0.7644083499908447,1,0.057309553027153015,0.7621040940284729,1,527711869
1,1,0.08911391347646713,0.7684500813484192,1,0.056151971220970154,0.7844021916389465,1,527720202
1,1,0.08661207556724548,0.7812649607658386,1,0.05971809849143028,0.7663818597793579,1,527728536
1,1,0.09167899191379547,0.766853928565979,1,0.049400877207517624,0.7640135288238525,1,527736868
1,1,0.09260901808738708,0.7542747855186462,1,0.06654146313667297,0.7642594575881958,1,527745202
1,1,0.09362060576677322,0.7489427328109741,1,0.06352207809686661,0.7846458554267883,1,527753536
1,1,0.08779380470514297,0.7585405707359314,1,0.07166260480880737,0.7696358561515808,1,527761869
1,1,0.08316948264837265,0.7625060677528381,1,0.05725797265768051,0.7836034297943115,1,527770202
1,1,0.0865454450249672,0.7569573521614075,1,0.0654759332537651,0.7876840829849243,1,527778535
1,1,0.08499999344348907,0.7541892528533936,1,0.059402745217084885,0.7675303816795349,1,527786869
1,1,0.09361442178487778,0.760468065738678,1,0.05926448479294777,0.7797176837921143,1,527795202
1,1,0.09346269816160202,0.7592279314994812,1,0.0572873055934906,0.7738475203514099,1,527803536
1,1,0.0945737361907959,0.7645472288131714,1,0.05868144705891609,0.7676867246627808,1,527811869
1,1,0.09006879478693008,0.7644529938697815,1,0.05262904241681099,0.7678120732307434,1,527820205
1,1,0.09162530303001404,0.771441638469696,1,0.06068664789199829,0.7866407632827759,1,527828539
1,1,0.09148617833852768,0.7720548510551453,1,0.05517590418457985,0.7705234885215759,1,527836872
1,1,0.08930469304323196,0.7604272961616516,1,0.06259814649820328,0.7820656299591064,1,527845205
1,1,0.09862516820430756,0.7627977132797241,1,0.06092413142323494,0.7845540046691895,1,527853539
1,1,0.08817446231842041,0.7623210549354553,1,0.0619942769408226,0.7857651114463806,1,527861870
1,1,0.08464784175157547,0.7678524255752563,1,0.06429096311330795,0.7802703380584717,1,527870205
1,1,0.08857478946447372,0.7828209400177002,1,0.06446915864944458,0.800926923751831,1,527878539
1,1,0.09317054599523544,0.759591281414032,1,0.06564241647720337,0.7802570462226868,1,527886871
1,1,0.10221382230520248,0.7753481268882751,1,0.06352802366018295,0.7584171891212463,1,527895204
1,1,0.08430256694555283,0.7661014199256897,1,0.06298428028821945,0.7903586626052856,1,527903537
1,1,0.09426233917474747,0.7700152397155762,1,0.05870793014764786,0.7918633222579956,1,527911871
1,1,0.09199326485395432,0.7661284804344177,1,0.059919022023677826,0.7927345037460327,1,527920204
1,1,0.08599641919136047,0.7808311581611633,1,0.06379667669534683,0.7851464152336121,1,527928538
1,1,0.0823681503534317,0.7729771733283997,1,0.05901443958282471,0.7778535485267639,1,527936871
1,1,0.09071741253137589,0.7643530368804932,1,0.06742685288190842,0.7918246388435364,1,527945209
1,1,0.08650117367506027,0.7660672664642334,1,0.06480374932289124,0.7809454798698425,1,527953542
1,1,0.09338967502117157,0.7539305090904236,1,0.06737355142831802,0.7730018496513367,1,527961875
1,1,0.09378986060619354,0.7795208692550659,1,0.06848441809415817,0.7793198823928833,1,527970217
1,1,0.09181230515241623,0.7795859575271606,1,0.06930918246507645,0.8032840490341187,1,527978550
1,1,0.09361246228218079,0.7695842385292053,1,0.057611044496297836,0.7784131765365601,1,527986883
1,1,0.08931133896112442,0.7633769512176514,1,0.06815565377473831,0.7907377481460571,1,527995217
1,1,0.09020736813545227,0.7764089107513428,1,0.06416710466146469,0.7892953157424927,1,528003550
1,1,0.09206174314022064,0.764220654964447,1,0.06922531127929688,0.8042699098587036,1,528011883
1,1,0.0934327095746994,0.7693980932235718,1,0.06881643086671829,0.7937222123146057,1,528020215
1,1,0.08912183344364166,0.7628659605979919,1,0.062399014830589294,0.7997303009033203,1,528028548
1,1,0.09925206005573273,0.7797547578811646,1,0.06548900157213211,0.7841952443122864,1,528036881
1,1,0.0964927226305008,0.77231764793396,1,0.06320423632860184,0.7896530628204346,1,528045215
1,1,0.08812658488750458,0.7598472237586975,1,0.06088223308324814,0.7874857187271118,1,528053548
1,1,0.10632417351007462,0.7723938226699829,1,0.08543671667575836,0.8009863495826721,1,528061881
1,1,0.13258077204227448,0.7635481357574463,1,0.12064094096422195,0.8050180673599243,1,528070215
1,1,0.12556982040405273,0.7625757455825806,1,0.11435136944055557,0.7988064885139465,1,528078548
1,1,0.1215917095541954,0.7661197781562805,1,0.09911482036113739,0.7919453978538513,1,528086881
1,1,0.13538619875907898,0.7821864485740662,1,0.10671770572662354,0.8044257760047913,1,528095215
1,1,0.13873131573200226,0.7863011956214905,1,0.10957448184490204,0.7929904460906982,1,528103548
1,1,0.13861140608787537,0.782587468624115,1,0.11168863624334335,0.8042144179344177,1,528111881
1,1,0.12814854085445404,0.7538594007492065,1,0.11372731626033783,0.814094066619873,1,528120215
1,1,0.129640594124794,0.7791560292243958,1,0.10764163732528687,0.7938984632492065,1,528128546
1,1,0.1317666471004486,0.7850534915924072,1,0.09629166126251221,0.7940142750740051,1,528136879
1,1,0.12999969720840454,0.769950270652771,1,0.10793201625347137,0.800089418888092,1,528145213
1,1,0.13612046837806702,0.766304612159729,1,0.10703759640455246,0.7992416620254517,1,528153546
1,1,0.1387811303138733,0.7770314812660217,1,0.10668466985225677,0.8136403560638428,1,528161879
1,1,0.14278961718082428,0.7716431021690369,1,0.11018122732639313,0.8051992058753967,1,528170213
1,1,0.13197124004364014,0.7758743166923523,1,0.10573171824216843,0.8193981647491455,1,528178546
1,1,0.13821010291576385,0.7796807885169983,1,0.11634640395641327,0.8055041432380676,1,528186879
1,1,0.14991244673728943,0.7996978759765625,1,0.13359011709690094,0.8194258213043213,1,528195213
1,1,0.2313375622034073,0.9312711358070374,1,0.21775707602500916,0.9609628915786743,1,528203546
1,1,0.3019081950187683,1.0770292282104492,1,0.2931472659111023,1.0827794075012207,1,528211882
1,1,0.44982483983039856,1.2294632196426392,1,nan,nan,0,528220216
1,1,nan,nan,0,0.5293346643447876,1.1944153308868408,1,528228549
1,1,nan,nan,0,nan,nan,0,528236882
1,1,nan,nan,0,nan,nan,0,528245216
1,1,nan,nan,0,nan,nan,0,528253549
1,1,nan,nan,0,nan,nan,0,528261882
1,1,nan,nan,0,nan,nan,0,528270216
1,1,nan,nan,0,nan,nan,0,528278549
1,1,nan,nan,0,nan,nan,0,528286882
1,1,nan,nan,0,nan,nan,0,528295215
1,1,nan,nan,0,nan,nan,0,528303548
1,1,nan,nan,0,nan,nan,0,528311882
1,1,nan,nan,0,nan,nan,0,528320215
1,1,nan,nan,0,nan,nan,0,528328549
1,1,nan,nan,0,nan,nan,0,528336885
1,1,nan,nan,0,nan,nan,0,528345218
1,1,nan,nan,0,nan,nan,0,528353551
1,1,nan,nan,0,nan,nan,0,528361887
1,1,nan,nan,0,nan,nan,0,528370218
1,1,nan,nan,0,nan,nan,0,528378552
1,1,nan,nan,0,nan,nan,0,528386887
1,1,nan,nan,0,nan,nan,0,528395220
1,1,nan,nan,0,nan,nan,0,528403552
1,1,nan,nan,0,nan,nan,0,528411885
1,1,nan,nan,0,nan,nan,0,528420218
1,1,nan,nan,0,nan,nan,0,528428551
1,1,nan,nan,0,nan,nan,0,528436885
1,1,nan,nan,0,nan,nan,0,528445218
1,1,nan,nan,0,nan,nan,0,528453552
1,1,nan,nan,0,nan,nan,0,528461885
1,1,nan,nan,0,nan,nan,0,528470220
1,1,nan,nan,0,nan,nan,0,528478554
1,1,nan,nan,0,nan,nan,0,528486887
1,1,nan,nan,0,nan,nan,0,528495220
1,1,nan,nan,0,nan,nan,0,528503554
1,1,nan,nan,0,nan,nan,0,528511887
1,1,nan,nan,0,nan,nan,0,528520220
1,1,nan,nan,0,nan,nan,0,528528554
1,1,nan,nan,0,nan,nan,0,528536887
1,1,nan,nan,0,nan,nan,0,528545220
1,1,nan,nan,0,nan,nan,0,528553554
1,1,nan,nan,0,nan,nan,0,528561887
1,1,nan,nan,0,nan,nan,0,528570220
1,1,nan,nan,0,nan,nan,0,528578553
1,1,nan,nan,0,nan,nan,0,528586886
1,1,nan,nan,0,nan,nan,0,528595220
1,1,nan,nan,0,nan,nan,0,528603557
1,1,nan,nan,0,nan,nan,0,528611889
1,1,nan,nan,0,nan,nan,0,528620223
1,1,nan,nan,0,nan,nan,0,528628557
1,1,nan,nan,0,nan,nan,0,528636889
1,1,nan,nan,0,nan,nan,0,528645223
1,1,nan,nan,0,nan,nan,0,528653557
1,1,nan,nan,0,nan,nan,0,528661889
1,1,nan,nan,0,nan,nan,0,528670223
1,1,nan,nan,0,nan,nan,0,528678557
1,1,nan,nan,0,nan,nan,0,528686889
1,1,nan,nan,0,nan,nan,0,528695223
1,1,nan,nan,0,nan,nan,0,528703557
1,1,0.014253061264753342,1.1401429176330566,1,nan,nan,0,528711890
1,1,nan,nan,0,0.06426820158958435,0.8440446257591248,1,528720223
1,1,nan,nan,0,0.031065842136740685,0.7513402104377747,1,528728557
1,1,0.06173945963382721,0.6623764634132385,1,0.027353404089808464,0.6950539946556091,1,528736892
1,1,0.059196218848228455,0.6799266934394836,1,0.033640507608652115,0.7223960757255554,1,528745225
1,1,0.07802325487136841,0.6876099705696106,1,0.03051012195646763,0.7425881624221802,1,528753558
1,1,nan,nan,0,0.032052017748355865,0.7400227189064026,1,528761898
1,1,0.06624425202608109,0.7354299426078796,1,0.037256304174661636,0.7380016446113586,1,528770223
1,1,0.07082440704107285,0.7340245246887207,1,0.03522951528429985,0.7273254990577698,1,528778565
1,1,0.07357295602560043,0.7334774136543274,1,0.042941801249980927,0.7483600378036499,1,528786898
1,1,0.0780932605266571,0.7255260944366455,1,0.03175339102745056,0.7333142161369324,1,528795231
1,1,0.07847391813993454,0.7231475114822388,1,0.03691382333636284,0.7421385049819946,1,528803565
1,1,0.06983014196157455,0.7472470998764038,1,0.03497837111353874,0.7396643161773682,1,528811898
1,1,0.07641368359327316,0.7397003769874573,1,0.02921491675078869,0.7398770451545715,1,528820231
1,1,0.07352568209171295,0.7345976829528809,1,0.03109629824757576,0.734363853931427,1,528828565
1,1,0.06698271632194519,0.7330971360206604,1,0.034723591059446335,0.744253396987915,1,528836890
1,1,0.07175655663013458,0.73481285572052,1,0.03571874275803566,0.7233220338821411,1,528845223
1,1,0.07314272224903107,0.7219229340553284,1,0.029975853860378265,0.7420572638511658,1,528853556
1,1,0.06975195556879044,0.7229099273681641,1,0.03608293458819389,0.7389456629753113,1,528861893
1,1,0.07730422914028168,0.727051854133606,1,0.03548061102628708,0.74794602394104,1,528870226
1,1,0.0726928785443306,0.7250751256942749,1,0.032965272665023804,0.7393302321434021,1,528878559
1,1,0.06801864504814148,0.7186375260353088,1,0.033717505633831024,0.750051736831665,1,528886892
1,1,0.07642386853694916,0.6833494901657104,1,0.028029942885041237,0.726308286190033,1,528895228
1,1,0.06860148906707764,0.7335643768310547,1,0.033057570457458496,0.7324670553207397,1,528903561
1,1,0.06946311146020889,0.7183065414428711,1,0.035509709268808365,0.7509890198707581,1,528911892
1,1,0.07767395675182343,0.7353840470314026,1,0.04126958176493645,0.7393267750740051,1,528920228
1,1,0.07310669124126434,0.7279107570648193,1,0.038066618144512177,0.742962658405304,1,528928561
1,1,0.08548586815595627,0.7169874906539917,1,0.03885222226381302,0.7433221936225891,1,528936894
1,1,0.09919071197509766,0.7315019369125366,1,0.06752891093492508,0.7514856457710266,1,528945228
1,1,0.09270134568214417,0.7221057415008545,1,0.06995555758476257,0.7523372769355774,1,528953561
1,1,0.09188556671142578,0.7142655849456787,1,0.0564044788479805,0.7269818782806396,1,528961894
1,1,0.09991302341222763,0.7427005767822266,1,0.056912608444690704,0.738589346408844,1,528970228
1,1,0.09959091991186142,0.7321200966835022,1,0.058292753994464874,0.7487705945968628,1,528978561
1,1,0.09670758992433548,0.7329666614532471,1,0.05562082678079605,0.7357995510101318,1,528986895
1,1,0.09631197154521942,0.7227481603622437,1,0.060677845031023026,0.7408824563026428,1,528995231
1,1,0.09033898264169693,0.7226153016090393,1,0.0663529634475708,0.7423049211502075,1,529003564
1,1,0.08986140042543411,0.7455282211303711,1,0.06526918709278107,0.7401797771453857,1,529011898
1,1,0.09812474995851517,0.7276402711868286,1,0.060289088636636734,0.7503939867019653,1,529020231
1,1,0.09174836426973343,0.7364444136619568,1,0.07379840314388275,0.764891505241394,1,529028564
1,1,0.08817149698734283,0.7194255590438843,1,0.06707737594842911,0.7494115829467773,1,529036897
1,1,0.09490125626325607,0.7336640954017639,1,0.05805137753486633,0.7470993399620056,1,529045231
1,1,0.09203366935253143,0.7412086129188538,1,0.05996517464518547,0.7522192001342773,1,529053564
1,1,0.09659117460250854,0.723053514957428,1,0.06705325096845627,0.768528163433075,1,529061898
1,1,0.08954308182001114,0.725653886795044,1,0.06003843992948532,0.7526862621307373,1,529070231
1,1,0.09219951927661896,0.7260820865631104,1,0.06777727603912354,0.7548033595085144,1,529078564
1,1,0.10133937746286392,0.7018516063690186,1,0.06253800541162491,0.737417459487915,1,529086898
1,1,0.13931073248386383,0.6758092641830444,1,0.12399454414844513,0.6794512867927551,1,529095231
1,1,0.19873732328414917,0.5071390867233276,1,0.19189287722110748,0.5353586673736572,1,529103564
1,1,0.23746930062770844,0.36288556456565857,1,0.24069496989250183,0.3689956068992615,1,529111898
1,1,0.2705804109573364,0.3278035521507263,1,0.2539488971233368,0.334043949842453,1,529120230
1,1,0.2890256345272064,0.30901265144348145,1,0.27188974618911743,0.30792924761772156,1,529128567
1,1,0.29504895210266113,0.3128276765346527,1,0.2698907256126404,0.29368332028388977,1,529136900
1,1,0.295112282037735,0.2446681261062622,1,0.27111008763313293,0.31445208191871643,1,529145234
1,1,0.3018665909767151,0.25481152534484863,1,0.2731707990169525,0.28212082386016846,1,529153567
1,1,0.2975574731826782,0.26000386476516724,1,0.27787142992019653,0.2819155156612396,1,529161901
1,1,0.3042648136615753,0.3063030540943146,1,0.2746160626411438,0.2982909679412842,1,529170233
1,1,0.29258280992507935,0.20387281477451324,1,0.27193212509155273,0.31201931834220886,1,529178567
1,1,0.3048534095287323,0.276942640542984,1,0.2769935727119446,0.2593696713447571,1,529186901
1,1,0.3014791011810303,0.27443552017211914,1,0.27517831325531006,0.2850287854671478,1,529195233
1,1,0.3056795597076416,0.2848578989505768,1,0.2746463716030121,0.27673470973968506,1,529203568
1,1,0.3037470877170563,0.2955966591835022,1,0.2760639190673828,0.3091426491737366,1,529211902
1,1,0.30094030499458313,0.2895525395870209,1,0.2747070789337158,0.3067336976528168,1,529220235
1,1,0.3053213059902191,0.3009921908378601,1,0.2764345407485962,0.2940886318683624,1,529228568
1,1,0.3023850619792938,0.21873216331005096,1,0.27344879508018494,0.3113033175468445,1,529236901
1,1,0.2982633709907532,0.2009868174791336,1,0.2743622958660126,0.31326407194137573,1,529245234
1,1,0.2986339330673218,0.26196908950805664,1,0.27818864583969116,0.31421276926994324,1,529253568
1,1,0.3097688555717468,0.26742732524871826,1,0.2768133580684662,0.30332881212234497,1,529261903
1,1,0.30425864458084106,0.26769575476646423,1,0.27693209052085876,0.3178975284099579,1,529270237
1,1,0.30560848116874695,0.22285233438014984,1,0.2745175361633301,0.3049895763397217,1,529278570
1,1,0.3051239252090454,0.2526509165763855,1,0.27564629912376404,0.32341429591178894,1,529286903
1,1,0.2995726764202118,0.24601738154888153,1,0.27607953548431396,0.3128455579280853,1,529295237
1,1,0.30608242750167847,0.21135938167572021,1,0.28009769320487976,0.30437010526657104,1,529303570
1,1,0.29735228419303894,0.2643352746963501,1,0.27915406227111816,0.3174384534358978,1,529311903
1,1,0.30604422092437744,0.29907286167144775,1,0.27243199944496155,0.27671802043914795,1,529320236
1,1,0.3044635057449341,0.283219575881958,1,0.27334898710250854,0.3087932765483856,1,529328570
1,1,0.30424678325653076,0.24651889503002167,1,0.27587994933128357,0.28739407658576965,1,529336904
1,1,0.30504927039146423,0.27260228991508484,1,0.27710291743278503,0.29641440510749817,1,529345236
1,1,0.3047761619091034,0.2524431645870209,1,0.2741687297821045,0.30330902338027954,1,529353570
1,1,0.3016194999217987,0.254885733127594,1,0.2821076214313507,0.30181631445884705,1,529361903
1,1,0.29869544506073,0.20914265513420105,1,0.27869775891304016,0.30345237255096436,1,529370236
1,1,0.29453667998313904,0.21081271767616272,1,0.27443963289260864,0.27847743034362793,1,529378570
1,1,0.29589468240737915,0.23687829077243805,1,0.2782291769981384,0.28742972016334534,1,529386907
1,1,0.3061233460903168,0.24036066234111786,1,0.2755142152309418,0.29345718026161194,1,529395240
1,1,0.3028932213783264,0.23662106692790985,1,0.27616193890571594,0.2756529450416565,1,529403574
1,1,0.3123413026332855,0.26477834582328796,1,0.28067147731781006,0.3036658465862274,1,529411907
1,1,0.3108600378036499,0.27648693323135376,1,0.2741643786430359,0.30972784757614136,1,529420240
1,1,0.3138486444950104,0.29532390832901,1,0.2716502845287323,0.29063114523887634,1,529428574
1,1,0.2752377390861511,0.37807556986808777,1,0.24475079774856567,0.39288824796676636,1,529436907
1,1,0.20429712533950806,0.5735237002372742,1,0.1690218448638916,0.5799455046653748,1,529445240
1,1,0.14694622159004211,0.6551890969276428,1,0.11441187560558319,0.6787326335906982,1,529453574
1,1,0.10322051495313644,0.6980825066566467,1,0.06469065696001053,0.7269692420959473,1,529461907
1,1,0.08027973026037216,0.7459313273429871,1,0.04011408984661102,0.763851523399353,1,529470240
1,1,0.0874592512845993,0.7570222020149231,1,0.056077681481838226,0.7712364196777344,1,529478574
1,1,0.09353991597890854,0.7590506076812744,1,0.05648528411984444,0.7564888000488281,1,529486907
1,1,0.08144620805978775,0.7412890195846558,1,0.04978237301111221,0.76950603723526,1,529495241
1,1,0.09058737754821777,0.7713420391082764,1,0.049103643745183945,0.772637128829956,1,529503574
1,1,0.08420127630233765,0.7761631608009338,1,0.054439809173345566,0.7848174571990967,1,529511907
1,1,0.07815593481063843,0.7642201781272888,1,0.05418631061911583,0.7885128855705261,1,529520243
1,1,0.08128824830055237,0.7546386122703552,1,0.0541742779314518,0.7740336060523987,1,529528576
1,1,0.0872783437371254,0.7683377861976624,1,0.05622783675789833,0.7825477123260498,1,529536909
1,1,0.08298872411251068,0.7507457733154297,1,0.05401937663555145,0.7918606996536255,1,529545242
1,1,0.08486364036798477,0.7690619230270386,1,0.05570727959275246,0.7851329445838928,1,529553576
1,1,0.08388449996709824,0.7723714113235474,1,0.05503138527274132,0.7912477850914001,1,529561909
1,1,0.0843084380030632,0.7702241539955139,1,0.05688653886318207,0.7841387391090393,1,529570243
1,1,0.08777341991662979,0.7734449505805969,1,0.057678576558828354,0.799552321434021,1,529578576
1,1,0.08501404523849487,0.7449589967727661,1,0.05199237912893295,0.7952662706375122,1,529586909
1,1,0.08912096917629242,0.7578302025794983,1,0.0470072366297245,0.809384822845459,1,529595243
1,1,0.07623844593763351,0.7638775706291199,1,0.0503583662211895,0.7871882915496826,1,529603576
1,1,0.08536764979362488,0.7729994654655457,1,0.04981442913413048,0.7920761704444885,1,529611909
1,1,0.0802643746137619,0.7734858393669128,1,0.05350048840045929,0.7924668788909912,1,529620243
1,1,0.08974724262952805,0.7660319805145264,1,0.07067771255970001,0.7938137054443359,1,529628576
1,1,0.1287756711244583,0.7831366062164307,1,0.0868755504488945,0.7939518094062805,1,529636909
1,1,0.11941266059875488,0.7621882557868958,1,0.09241510927677155,0.7923098802566528,1,529645243
1,1,0.1127263754606247,0.762453556060791,1,0.09535910189151764,0.798611044883728,1,529653579
1,1,0.12112002819776535,0.7667694091796875,1,0.09134671837091446,0.7940526604652405,1,529661912
1,1,0.11443272233009338,0.776786208152771,1,0.08612298220396042,0.7863156795501709,1,529670246
1,1,0.11660033464431763,0.7737956643104553,1,0.08234839141368866,0.7843484282493591,1,529678579
1,1,0.11418120563030243,0.7539343237876892,1,0.08701412379741669,0.809403657913208,1,529686912
1,1,0.12363480776548386,0.777167797088623,1,0.0904824361205101,0.7945688366889954,1,529695246
1,1,0.11539465934038162,0.7533820867538452,1,0.08746903389692307,0.8045222163200378,1,529703579
1,1,0.11357130110263824,0.7724248766899109,1,0.07833337038755417,0.7986557483673096,1,529711912
1,1,0.1060420572757721,0.7708931565284729,1,0.08667086809873581,0.7886655330657959,1,529720246
1,1,0.11148694157600403,0.771740734577179,1,0.08777723461389542,0.7930840849876404,1,529728579
1,1,0.11561521142721176,0.7694163918495178,1,0.0859564021229744,0.7935936450958252,1,529736912
1,1,0.11603023111820221,0.7647290229797363,1,0.09225455671548843,0.7906966805458069,1,529745245
1,1,0.11741536110639572,0.7567435503005981,1,0.08812074363231659,0.795785129070282,1,529753578
1,1,0.12293639779090881,0.7672184705734253,1,0.09150553494691849,0.8019726872444153,1,529761911
1,1,0.10861148685216904,0.7722417116165161,1,0.084903284907341,0.8000370860099792,1,529770245
1,1,0.11463537812232971,0.762645959854126,1,0.08956552296876907,0.8098064661026001,1,529778580
1,1,0.11698564887046814,0.7754078507423401,1,0.08079017698764801,0.8006012439727783,1,529786913
1,1,0.10952477157115936,0.765403151512146,1,0.08108262717723846,0.7942384481430054,1,529795247
1,1,0.11001298576593399,0.751126766204834,1,0.08236238360404968,0.8131281733512878,1,529803581
1,1,0.1190536767244339,0.7601118087768555,1,0.08082820475101471,0.7927736043930054,1,529811913
1,1,0.11676205694675446,0.7637301087379456,1,0.07612645626068115,0.7884387373924255,1,529820247
1,1,0.12149659544229507,0.7796661257743835,1,0.08223269879817963,0.8172890543937683,1,529828581
1,1,0.10699619352817535,0.7439155578613281,1,0.08136805146932602,0.7860961556434631,1,529836914
1,1,0.0953504741191864,0.6637129783630371,1,0.07741197943687439,0.6809587478637695,1,529845248
1,1,0.08645071089267731,0.5870705246925354,1,0.07936684042215347,0.6066739559173584,1,529853581
1,1,0.09840741008520126,0.5535525679588318,1,0.08256323635578156,0.579882025718689,1,529861913
1,1,0.10688920319080353,0.5607702732086182,1,0.07490191608667374,0.578390896320343,1,529870248
1,1,0.10358477383852005,0.5731714367866516,1,0.08163667470216751,0.6217524409294128,1,529878581
1,1,0.1044149100780487,0.5807681083679199,1,0.0758814886212349,0.6084485650062561,1,529886914
1,1,0.1024409756064415,0.5683703422546387,1,0.07505006343126297,0.6122210025787354,1,529895248
1,1,0.10975576937198639,0.5704581141471863,1,0.07009616494178772,0.5815488696098328,1,529903581
1,1,0.10578688979148865,0.5484672784805298,1,0.07483814656734467,0.611332356929779,1,529911917
1,1,0.10014345496892929,0.5731549263000488,1,0.08000188320875168,0.6169551014900208,1,529920251
1,1,0.10999928414821625,0.5964098572731018,1,0.07675421983003616,0.5993309617042542,1,529928584
1,1,0.1032155454158783,0.5750969052314758,1,0.0762939453125,0.5862732529640198,1,529936918
1,1,0.1054021418094635,0.5577133893966675,1,0.07293083518743515,0.6041922569274902,1,529945251
1,1,0.10967075079679489,0.572489321231842,1,0.07471542805433273,0.5941696763038635,1,529953585
1,1,0.1160096526145935,0.574901282787323,1,0.0764896422624588,0.5957828760147095,1,529961918
1,1,0.11083344370126724,0.5821167230606079,1,0.07556582242250443,0.6021744012832642,1,529970251
1,1,0.10455047339200974,0.5773434638977051,1,0.07193100452423096,0.5943844318389893,1,529978585
1,1,0.10201311856508255,0.582200825214386,1,0.07053255289793015,0.5897733569145203,1,529986918
1,1,0.09988238662481308,0.5574939250946045,1,0.07237857580184937,0.6133069396018982,1,529995251
1,1,0.10125620663166046,0.577039361000061,1,0.07852191478013992,0.604896605014801,1,530003585
1,1,0.10387180745601654,0.5819147229194641,1,0.07526545226573944,0.5823603272438049,1,530011918
1,1,0.10575118660926819,0.5804876089096069,1,0.07335154712200165,0.585997998714447,1,530020251
1,1,0.10297743231058121,0.5657715201377869,1,0.08514545112848282,0.5947311520576477,1,530028585
1,1,0.15344750881195068,0.5708319544792175,1,0.13900786638259888,0.5978051424026489,1,530036918
1,1,0.1859544962644577,0.539684534072876,1,0.16151951253414154,0.5662342309951782,1,530045254
1,1,0.18885226547718048,0.5781289339065552,1,0.15884798765182495,0.5714396238327026,1,530053588
1,1,0.18311992287635803,0.5611828565597534,1,0.15575525164604187,0.5680729150772095,1,530061921
1,1,0.1792980134487152,0.5494834780693054,1,0.1576143056154251,0.5726270079612732,1,530070254
1,1,0.18237338960170746,0.5615082383155823,1,0.16224581003189087,0.5852532982826233,1,530078588
1,1,0.18525031208992004,0.5558692216873169,1,0.15918588638305664,0.5734564065933228,1,530086921
1,1,0.18666255474090576,0.5604515075683594,1,0.16510312259197235,0.580814778804779,1,530095254
1,1,0.183851957321167,0.5570013523101807,1,0.16437673568725586,0.576624870300293,1,530103588
1,1,0.1892741173505783,0.5605594515800476,1,0.1656399816274643,0.5821032524108887,1,530111921
1,1,0.19454090297222137,0.5533552765846252,1,0.17082682251930237,0.5897713303565979,1,530120254
1,1,0.18936961889266968,0.5488404035568237,1,0.16188187897205353,0.5594752430915833,1,530128588
1,1,0.18025706708431244,0.5646674036979675,1,0.16316069662570953,0.5851170420646667,1,530136921
1,1,0.17958907783031464,0.5635796189308167,1,0.16424116492271423,0.5946366786956787,1,530145254
1,1,0.1924647092819214,0.5687112808227539,1,0.15809641778469086,0.5893394351005554,1,530153588
1,1,0.18457254767417908,0.5670222043991089,1,0.16218850016593933,0.5883910059928894,1,530161921
1,1,0.19500452280044556,0.5607259273529053,1,0.17117196321487427,0.5765277743339539,1,530170254
1,1,0.18646803498268127,0.5492343902587891,1,0.1650950163602829,0.5890912413597107,1,530178591
1,1,0.18558329343795776,0.5371851921081543,1,0.16082701086997986,0.5699903964996338,1,530186924
1,1,0.18896989524364471,0.5578858852386475,1,0.16366438567638397,0.5689303278923035,1,530195257
1,1,0.19194987416267395,0.5560947060585022,1,0.15738853812217712,0.5875826478004456,1,530203591
1,1,0.18728597462177277,0.5667652487754822,1,0.1677936315536499,0.5912566184997559,1,530211924
1,1,0.2034585028886795,0.5452044606208801,1,0.19560307264328003,0.6012284755706787,1,530220257
1,1,0.2482927143573761,0.5665439963340759,1,0.22336654365062714,0.5891505479812622,1,530228591
1,1,0.262075811624527,0.5319786071777344,1,0.23925532400608063,0.548587441444397,1,530236924
1,1,0.2611803710460663,0.5386678576469421,1,0.24721667170524597,0.5524206161499023,1,530245257
1,1,0.2680368423461914,0.5311340093612671,1,0.24086593091487885,0.5575064420700073,1,530253591
1,1,0.2699204683303833,0.5344967842102051,1,0.2466207891702652,0.5748128890991211,1,530261924
1,1,0.273120641708374,0.5429236888885498,1,0.2440614402294159,0.5660285353660583,1,530270257
1,1,0.26986244320869446,0.5412576794624329,1,0.24397112429141998,0.5534346103668213,1,530278591
1,1,0.2807938754558563,0.5459428429603577,1,0.23381423950195312,0.5622696876525879,1,530286924
1,1,0.2663964331150055,0.542445957660675,1,0.2463940531015396,0.5781463980674744,1,530295257
1,1,0.27271905541419983,0.5218087434768677,1,0.24868440628051758,0.575661838054657,1,530303593
1,1,0.2680594325065613,0.5324428081512451,1,0.24770015478134155,0.5830785632133484,1,530311926
1,1,0.26844680309295654,0.5380799770355225,1,0.246316060423851,0.5678051710128784,1,530320259
1,1,0.27086853981018066,0.5438703298568726,1,0.24901054799556732,0.5852701663970947,1,530328593
1,1,0.267198383808136,0.5223885774612427,1,0.24490322172641754,0.5726279616355896,1,530336926
1,1,0.2660875916481018,0.5483511686325073,1,0.24515189230442047,0.5817314982414246,1,530345259
1,1,0.2663969099521637,0.550268292427063,1,0.24594387412071228,0.56280118227005,1,530353593
1,1,0.2723219692707062,0.5493398308753967,1,0.25148487091064453,0.5788524150848389,1,530361926
1,1,0.273519366979599,0.5305495262145996,1,0.25062787532806396,0.5859416127204895,1,530370259
1,1,0.27260759472846985,0.5307996273040771,1,0.24712972342967987,0.5680038928985596,1,530378593
1,1,0.272528737783432,0.529990553855896,1,0.24614064395427704,0.5809100270271301,1,530386926
1,1,0.2745949625968933,0.5402123928070068,1,0.24720315635204315,0.5871171355247498,1,530395259
1,1,0.2679314613342285,0.5365046858787537,1,0.24134749174118042,0.5732754468917847,1,530403593
1,1,0.27927568554878235,0.5405793786048889,1,0.2522689700126648,0.5848498344421387,1,530411926
1,1,0.31935566663742065,0.5300065875053406,1,0.3021096885204315,0.5421910881996155,1,530420259
1,1,0.3571244776248932,0.5200519561767578,1,0.32799220085144043,0.550899088382721,1,530428592
1,1,0.3602176606655121,0.5326595306396484,1,0.3273376524448395,0.5278570652008057,1,530436928
1,1,0.3506609797477722,0.5349018573760986,1,0.3276653289794922,0.5399684906005859,1,530445261
1,1,0.3501405119895935,0.5198519229888916,1,0.32771775126457214,0.5561540722846985,1,530453595
1,1,0.3596983253955841,0.5274465084075928,1,0.32785654067993164,0.5335422158241272,1,530461928
1,1,0.3578703701496124,0.5182443857192993,1,0.3302861154079437,0.5520390868186951,1,530470261
1,1,0.35486534237861633,0.5288389921188354,1,0.3308926522731781,0.5358648896217346,1,530478595
1,1,0.36633288860321045,0.5367833375930786,1,0.32820114493370056,0.5577176213264465,1,530486928
1,1,0.3527867794036865,0.5166180729866028,1,0.3277982473373413,0.5535763502120972,1,530495261
1,1,0.3583991229534149,0.5233750343322754,1,0.3308958113193512,0.5428744554519653,1,530503594
3,1,0.36270856857299805,0.5317641496658325,1,0.33041074872016907,0.5577124357223511,1,530511928
3,1,0.35517486929893494,0.5291503071784973,1,0.33652204275131226,0.5575921535491943,1,530520261
3,1,0.35706567764282227,0.5220259428024292,1,0.3330182433128357,0.5578026175498962,1,530528594
3,1,0.35020536184310913,0.5305308103561401,1,0.3346666991710663,0.5490028262138367,1,530536928
3,1,0.36109521985054016,0.5278093218803406,1,0.3266480565071106,0.5464468002319336,1,530545261
3,1,0.3625998795032501,0.5344802737236023,1,0.3253200650215149,0.5442044138908386,1,530553594
3,1,0.3362874984741211,0.5263984203338623,1,0.3172224462032318,0.5204132795333862,1,530561928
3,1,0.2646386921405792,0.4689073860645294,1,0.26347100734710693,0.46765878796577454,1,530570265
3,1,0.2185453325510025,0.4028370678424835,1,0.21378660202026367,0.43316635489463806,1,530578598
3,1,0.20530614256858826,0.4087505340576172,1,0.1777401566505432,0.44136348366737366,1,530586932
3,1,0.19655893743038177,0.4041013717651367,1,0.17612434923648834,0.4406149089336395,1,530595265
3,1,0.1992110013961792,0.3963053822517395,1,0.17913800477981567,0.45252013206481934,1,530603598
3,1,0.1936005800962448,0.40599098801612854,1,0.17559844255447388,0.44406935572624207,1,530611932
3,1,0.1972634345293045,0.4155140221118927,1,0.16589416563510895,0.4472602307796478,1,530620265
3,1,0.19252415001392365,0.4095012843608856,1,0.16823424398899078,0.4409416913986206,1,530628598
3,1,0.20562654733657837,0.4212809205055237,1,0.16829894483089447,0.44573974609375,1,530636932
3,1,0.1950351744890213,0.4153566360473633,1,0.1675616055727005,0.44037437438964844,1,530645265
3,1,0.19281162321567535,0.40455877780914307,1,0.16878154873847961,0.46675562858581543,1,530653598
3,1,0.19840697944164276,0.40419021248817444,1,0.16962306201457977,0.4431692361831665,1,530661932
3,1,0.2002585083246231,0.4112022817134857,1,0.16730916500091553,0.4515746831893921,1,530670265
3,1,0.19969385862350464,0.38691067695617676,1,0.17557063698768616,0.44069868326187134,1,530678598
3,1,0.19633382558822632,0.4147293269634247,1,0.16387328505516052,0.44754737615585327,1,530686932
3,1,0.19437244534492493,0.39377814531326294,1,0.17085425555706024,0.45466265082359314,1,530695265
3,1,0.20289210975170135,0.4068436622619629,1,0.16395124793052673,0.4368424713611603,1,530703601
3,1,0.2035057693719864,0.41672205924987793,1,0.1670452356338501,0.43845897912979126,1,530711935
3,1,0.19698967039585114,0.41344234347343445,1,0.16805697977542877,0.4304567277431488,1,530720268
3,1,0.19576427340507507,0.39748916029930115,1,0.1715136468410492,0.4426918923854828,1,530728601
3,1,0.20213088393211365,0.41960376501083374,1,0.16593484580516815,0.44591224193573,1,530736935
3,1,0.20246069133281708,0.4017481505870819,1,0.1742725521326065,0.4406076669692993,1,530745268
3,1,0.20196117460727692,0.40233051776885986,1,0.16952826082706451,0.45656895637512207,1,530753601
3,1,0.1974075734615326,0.4007459878921509,1,0.1654522866010666,0.43912386894226074,1,530761935
3,1,0.19806599617004395,0.4138402044773102,1,0.16853812336921692,0.44529885053634644,1,530770268
3,1,0.18870918452739716,0.3981547951698303,1,0.17114515602588654,0.43530306220054626,1,530778601
3,1,0.1952766329050064,0.4180872440338135,1,0.16205810010433197,0.4380289614200592,1,530786935
3,1,0.1922369748353958,0.41099172830581665,1,0.16520601511001587,0.4425833821296692,1,530795268
3,1,0.1901025027036667,0.4066632390022278,1,0.16182075440883636,0.41951096057891846,1,530803601
3,1,0.18322217464447021,0.38658106327056885,1,0.15152090787887573,0.4442930519580841,1,530811935
3,1,0.1788797825574875,0.4063631296157837,1,0.15452250838279724,0.42717960476875305,1,530820268
3,1,0.1833236664533615,0.39738163352012634,1,0.15629789233207703,0.44600218534469604,1,530828602
3,1,0.181054949760437,0.38972434401512146,1,0.15734566748142242,0.4404330253601074,1,530836936
3,1,0.1817152202129364,0.42275699973106384,1,0.15928667783737183,0.42688700556755066,1,530845269
3,1,0.18162815272808075,0.40664514899253845,1,0.15826189517974854,0.4467213749885559,1,530853602
3,1,0.18364837765693665,0.41950660943984985,1,0.15680627524852753,0.4283008277416229,1,530861936
3,1,0.1861972212791443,0.40422406792640686,1,0.16111229360103607,0.43981364369392395,1,530870269
3,1,0.18910068273544312,0.4223308563232422,1,0.16017362475395203,0.43551576137542725,1,530878602
3,1,0.1882602572441101,0.4231063425540924,1,0.1567898839712143,0.42950308322906494,1,530886936
3,1,0.18779049813747406,0.39622795581817627,1,0.15764957666397095,0.4389050304889679,1,530895269
3,1,0.18138056993484497,0.4133695065975189,1,0.15942920744419098,0.42158031463623047,1,530903602
3,1,0.1878853142261505,0.405741810798645,1,0.15175539255142212,0.43778327107429504,1,530911936
3,1,0.1818898618221283,0.39866194128990173,1,0.15523278713226318,0.4187031388282776,1,530920269
3,1,0.17888809740543365,0.4013824164867401,1,0.15581455826759338,0.4196127951145172,1,530928602
3,1,0.1947268396615982,0.40039560198783875,1,0.17614483833312988,0.4409835636615753,1,530936936
3,1,0.2457575500011444,0.3782649636268616,1,0.21992060542106628,0.43767446279525757,1,530945269
3,1,0.26835542917251587,0.38043782114982605,1,0.24311698973178864,0.386895090341568,1,530953602
3,1,0.2702459692955017,0.38943707942962646,1,0.2481626570224762,0.42560189962387085,1,530961940
3,1,0.2728832960128784,0.39353886246681213,1,0.24795985221862793,0.41134217381477356,1,530970274
3,1,0.26840564608573914,0.38930249214172363,1,0.24677135050296783,0.4172753393650055,1,530978607
3,1,0.2683688700199127,0.38767004013061523,1,0.2484995424747467,0.4090031385421753,1,530986940
3,1,0.27402859926223755,0.40081602334976196,1,0.24980762600898743,0.40950196981430054,1,530995274
3,1,0.27634796500205994,0.3782036304473877,1,0.24746881425380707,0.4049566686153412,1,531003607
3,1,0.2688319683074951,0.36826813220977783,1,0.24751321971416473,0.4141073226928711,1,531011940
3,1,0.2649884819984436,0.37075188755989075,1,0.25184154510498047,0.4011884927749634,1,531020274
3,1,0.27478668093681335,0.3530835807323456,1,0.24900807440280914,0.4106391370296478,1,531028607
3,1,0.2774002254009247,0.3840133845806122,1,0.25033867359161377,0.42429909110069275,1,531036940
3,1,0.27584540843963623,0.38548165559768677,1,0.24892942607402802,0.4093623459339142,1,531045274
3,1,0.2739017903804779,0.38738560676574707,1,0.25542542338371277,0.40194132924079895,1,531053607
3,1,0.27519655227661133,0.34906166791915894,1,0.2505688965320587,0.42602217197418213,1,531061940
3,1,0.26799798011779785,0.37974298000335693,1,0.24701736867427826,0.42586278915405273,1,531070274
3,1,0.27897700667381287,0.38183367252349854,1,0.2481919378042221,0.4000978469848633,1,531078607
3,1,0.27330249547958374,0.37575313448905945,1,0.253987580537796,0.42298704385757446,1,531086940
3,1,0.2694939970970154,0.3757472038269043,1,0.24378374218940735,0.42072030901908875,1,531095277
3,1,0.2784757912158966,0.3787943124771118,1,0.24351264536380768,0.41020652651786804,1,531103610
3,1,0.27516812086105347,0.379148930311203,1,0.2497359961271286,0.4030507206916809,1,531111943
3,1,0.2790077328681946,0.37492433190345764,1,0.24622172117233276,0.42393919825553894,1,531120277
3,1,0.2745819389820099,0.3882402181625366,1,0.2457806020975113,0.4347456097602844,1,531128610
3,1,0.2738192081451416,0.36173635721206665,1,0.24966496229171753,0.4314117133617401,1,531136943
3,1,0.26817455887794495,0.3772318661212921,1,0.2539307475090027,0.4165075719356537,1,531145277
3,1,0.27195775508880615,0.37288331985473633,1,0.24884584546089172,0.3791511654853821,1,531153610
3,1,0.28746548295021057,0.2790297567844391,1,0.27867555618286133,0.27412983775138855,1,531161943
3,1,0.28220629692077637,0.17999739944934845,1,0.2863825559616089,0.23526957631111145,1,531170277
3,1,0.2895567715167999,0.1316734403371811,1,0.2861161530017853,0.18143269419670105,1,531178610
3,1,0.29254230856895447,0.1197427436709404,1,0.2726616859436035,0.1704884171485901,1,531186943
3,1,0.29595115780830383,0.1510452777147293,1,0.2673417031764984,0.19487497210502625,1,531195277
3,1,0.2945774495601654,0.1450548619031906,1,0.27329543232917786,0.18026091158390045,1,531203610
3,1,0.29354697465896606,0.13048790395259857,1,0.2755659818649292,0.18518635630607605,1,531211943
3,1,0.2994033992290497,0.12406418472528458,1,0.2753055989742279,0.18448376655578613,1,531220278
3,1,0.30236414074897766,0.13978344202041626,1,0.266264408826828,0.18065369129180908,1,531228611
3,1,0.2950137257575989,0.13419674336910248,1,0.2767958641052246,0.1918884813785553,1,531236944
3,1,0.29309868812561035,0.1340717375278473,1,0.2761000692844391,0.1752387136220932,1,531245278
3,1,0.2967640161514282,0.13690079748630524,1,0.2754954695701599,0.17667454481124878,1,531253611
3,1,0.2943551540374756,0.1494501382112503,1,0.27297842502593994,0.17876990139484406,1,531261944
3,1,0.2989228367805481,0.1540519744157791,1,0.2700716555118561,0.18662412464618683,1,531270278
3,1,0.29886654019355774,0.13512499630451202,1,0.267333984375,0.1754501909017563,1,531278611
3,1,0.2991233468055725,0.13570250570774078,1,0.2715017795562744,0.18994924426078796,1,531286944
3,1,0.30034875869750977,0.15072789788246155,1,0.2742360532283783,0.17814895510673523,1,531295278
3,1,0.2961876094341278,0.14882096648216248,1,0.27336880564689636,0.17981739342212677,1,531303611
3,1,0.2946278154850006,0.13890254497528076,1,0.27226072549819946,0.18178123235702515,1,531311944
3,1,0.293111115694046,0.14237883687019348,1,0.2758615016937256,0.18709294497966766,1,531320278
3,1,0.29198890924453735,0.1413193643093109,1,0.2751821279525757,0.17942528426647186,1,531328611
3,1,0.2940042018890381,0.1359991729259491,1,0.2763795554637909,0.17407812178134918,1,531336944
3,1,0.29693078994750977,0.14748138189315796,1,0.2738912105560303,0.1802797019481659,1,531345278
3,1,0.3000394105911255,0.13754820823669434,1,0.2738344967365265,0.17335256934165955,1,531353616
3,1,0.2988972067832947,0.13560783863067627,1,0.27200987935066223,0.18244193494319916,1,531361949
3,1,0.29530444741249084,0.13565956056118011,1,0.27886727452278137,0.18212182819843292,1,531370283
3,1,0.29511114954948425,0.14279082417488098,1,0.27802401781082153,0.18249152600765228,1,531378616
3,1,0.29434528946876526,0.17588458955287933,1,0.27539247274398804,0.21075668931007385,1,531386949
3,1,0.30434852838516235,0.17895546555519104,1,0.2755196690559387,0.25291264057159424,1,531395283
3,1,0.2979869842529297,0.18449370563030243,1,0.2718909978866577,0.26462817192077637,1,531403616
3,1,0.29756441712379456,0.1819346845149994,1,0.27652281522750854,0.25190988183021545,1,531411949
3,1,0.3020583391189575,0.1840798705816269,1,0.28079843521118164,0.2539576292037964,1,531420283
3,1,0.2985389530658722,0.19685019552707672,1,0.2740864157676697,0.2651357650756836,1,531428616
3,1,0.29476746916770935,0.198382169008255,1,0.2787594795227051,0.2543306350708008,1,531436949
3,1,0.29544442892074585,0.19023554027080536,1,0.27415403723716736,0.27682727575302124,1,531445283
3,1,0.3006064295768738,0.20263613760471344,1,0.27543163299560547,0.2641255557537079,1,531453616
3,1,0.30278879404067993,0.19472813606262207,1,0.27960720658302307,0.25109097361564636,1,531461949
3,1,0.2992291748523712,0.21392305195331573,1,0.28125056624412537,0.24642887711524963,1,531470283
3,1,0.30055105686187744,0.19867277145385742,1,0.2724066376686096,0.25453898310661316,1,531478616
3,1,0.2958511710166931,0.21461926400661469,1,0.27464407682418823,0.2649327218532562,1,531486951
3,1,0.2975272238254547,0.20476111769676208,1,0.2745380103588104,0.23913311958312988,1,531495284
3,1,0.30277955532073975,0.2003059983253479,1,0.27586477994918823,0.24600644409656525,1,531503618
3,1,0.3015231788158417,0.20721638202667236,1,0.27650102972984314,0.23786145448684692,1,531511951
3,1,0.3013207018375397,0.21763063967227936,1,0.28010842204093933,0.2480909675359726,1,531520285
3,1,0.30203941464424133,0.22151216864585876,1,0.2778418958187103,0.25919291377067566,1,531528618
3,1,0.3021453619003296,0.2102520763874054,1,0.2788020074367523,0.24698789417743683,1,531536951
3,1,0.2943860590457916,0.19471460580825806,1,0.28091001510620117,0.25172504782676697,1,531545284
3,1,0.29745832085609436,0.2038756012916565,1,0.2788064181804657,0.2589055895805359,1,531553618
3,1,0.30037885904312134,0.1994604915380478,1,0.2824464440345764,0.2611902356147766,1,531561951
3,1,0.29990631341934204,0.19750860333442688,1,0.2743021845817566,0.2663373649120331,1,531570284
3,1,0.2953968942165375,0.20251047611236572,1,0.2739238739013672,0.25452595949172974,1,531578618
3,1,0.30154848098754883,0.20332816243171692,1,0.278063029050827,0.25330767035484314,1,531586951
3,1,0.29626572132110596,0.21083208918571472,1,0.2781689763069153,0.2578865885734558,1,531595284
3,1,0.3048080801963806,0.20962579548358917,1,0.2846820652484894,0.25734665989875793,1,531603618
3,1,0.29855549335479736,0.20044443011283875,1,0.2737922668457031,0.2526657283306122,1,531611951
3,1,0.28866076469421387,0.20184160768985748,1,0.2683238387107849,0.2749827802181244,1,531620287
3,1,0.23106224834918976,0.3866545259952545,1,0.21086451411247253,0.40658846497535706,1,531628621
3,1,0.1704210489988327,0.52652907371521,1,0.13969415426254272,0.5496813058853149,1,531636954
3,1,0.12205054610967636,0.6176351308822632,1,0.08531026542186737,0.6346282958984375,1,531645287
3,1,0.10173691809177399,0.682258129119873,1,0.06109993904829025,0.7071530222892761,1,531653621
3,1,0.09357774257659912,0.721225917339325,1,0.06953660398721695,0.7439385056495667,1,531661954
3,1,0.09890444576740265,0.7049503326416016,1,0.07046975195407867,0.7258419394493103,1,531670287
3,1,0.0937136560678482,0.7069746851921082,1,0.062070656567811966,0.7534410357475281,1,531678621
3,1,0.09133145213127136,0.729742169380188,1,0.07032422721385956,0.7524193525314331,1,531686954
3,1,0.08620991557836533,0.7209180593490601,1,0.06181182339787483,0.7446702122688293,1,531695287
3,1,0.09341946244239807,0.7168277502059937,1,0.06375595182180405,0.7446002960205078,1,531703621
3,1,0.09094776213169098,0.7289319038391113,1,0.05593428015708923,0.7470300197601318,1,531711954
3,1,0.09146192669868469,0.7337647080421448,1,0.06525766849517822,0.7408201098442078,1,531720287
3,1,0.08968319743871689,0.7324252724647522,1,0.06881705671548843,0.7498776316642761,1,531728621
3,1,0.08105304837226868,0.7188988327980042,1,0.06253216415643692,0.7443196773529053,1,531736954
3,1,0.08764125406742096,0.7233130931854248,1,0.06173277646303177,0.7345365881919861,1,531745289
3,1,0.08610720187425613,0.7261190414428711,1,0.06248693913221359,0.7497269511222839,1,531753623
3,1,0.09070207923650742,0.7257533669471741,1,0.06631457805633545,0.757297933101654,1,531761956
3,1,0.08490414172410965,0.7396581172943115,1,0.06548146158456802,0.7544760704040527,1,531770289
3,1,0.0898154005408287,0.734786331653595,1,0.06182876229286194,0.7511357069015503,1,531778622
3,1,0.08612239360809326,0.7198047041893005,1,0.06211530789732933,0.7380945682525635,1,531786956
3,1,0.08993297815322876,0.7306286096572876,1,0.06455010175704956,0.7539723515510559,1,531795289
3,1,0.08673282712697983,0.7237442135810852,1,0.06061151996254921,0.755851149559021,1,531803623
3,1,0.08895587176084518,0.7310766577720642,1,0.061632756143808365,0.7494475841522217,1,531811955
3,1,0.09116018563508987,0.7351067066192627,1,0.06579258292913437,0.7542703747749329,1,531820289
3,1,0.09123314172029495,0.7316557765007019,1,0.06579151004552841,0.752504289150238,1,531828623
3,1,0.0920545756816864,0.7235808372497559,1,0.06286221742630005,0.7521297931671143,1,531836956
3,1,0.08449884504079819,0.7367320656776428,1,0.06691946089267731,0.7445569634437561,1,531845289
3,1,0.08694533258676529,0.7353900671005249,1,0.06181082874536514,0.7438643574714661,1,531853622
3,1,0.08960959315299988,0.7357919812202454,1,0.06771191954612732,0.7423382997512817,1,531861955
3,1,0.09439167380332947,0.7202585339546204,1,0.0647108182311058,0.7437036037445068,1,531870289
3,1,0.09179197996854782,0.7317069172859192,1,0.06289159506559372,0.7494623064994812,1,531878627
3,1,0.08688993006944656,0.7361729145050049,1,0.058621596544981,0.7471509575843811,1,531886960
3,1,0.09013562649488449,0.7381626963615417,1,0.0669608935713768,0.7590633630752563,1,531895293
3,1,0.09771586209535599,0.7235995531082153,1,0.05870242044329643,0.7575168609619141,1,531903626
3,1,0.09726943075656891,0.7470014095306396,1,0.05474584549665451,0.7532463669776917,1,531911960
3,1,0.09226363897323608,0.7212613821029663,1,0.06373199820518494,0.7614620923995972,1,531920293
3,1,0.09459426999092102,0.7356799840927124,1,0.06639492511749268,0.7435382008552551,1,531928627
3,1,0.08430884778499603,0.6961219906806946,1,0.05846629664301872,0.726588249206543,1,531936959
3,1,0.08658234030008316,0.6777748465538025,1,0.061052776873111725,0.6964972019195557,1,531945293
3,1,0.07760188728570938,0.6887329816818237,1,0.056775420904159546,0.7148394584655762,1,531953627
3,1,0.07993870973587036,0.6943265795707703,1,0.05521959438920021,0.7078635692596436,1,531961960
3,1,0.08138370513916016,0.6880188584327698,1,0.04901298135519028,0.7006278038024902,1,531970293
3,1,0.08506620675325394,0.6957109570503235,1,0.05197496712207794,0.6978143453598022,1,531978626
3,1,0.0803588330745697,0.6810838580131531,1,0.05562734231352806,0.7143664956092834,1,531986959
3,1,0.07878391444683075,0.6716383695602417,1,0.05501868575811386,0.7040029168128967,1,531995293
3,1,0.08793610334396362,0.6994642615318298,1,0.04989100620150566,0.7110676765441895,1,532003626
3,1,0.08718586713075638,0.6746513247489929,1,0.061992496252059937,0.7278673648834229,1,532011962
3,1,0.08642467111349106,0.6871716380119324,1,0.04776645079255104,0.7153499722480774,1,532020295
3,1,0.08500266075134277,0.6919261813163757,1,0.061535660177469254,0.7219603061676025,1,532028628
3,1,0.08734510838985443,0.6701812744140625,1,0.05953594297170639,0.7251505851745605,1,532036961
3,1,0.09473299980163574,0.6769110560417175,1,0.05469817668199539,0.7130415439605713,1,532045295
3,1,0.08058938384056091,0.677054226398468,1,0.05398033559322357,0.7251733541488647,1,532053629
3,1,0.08991488069295883,0.6907084584236145,1,0.05851741135120392,0.7204130291938782,1,532061961
3,1,0.09400668740272522,0.7003331184387207,1,0.061811719089746475,0.7226075530052185,1,532070295
3,1,0.08935091644525528,0.697478175163269,1,0.051604125648736954,0.7105957865715027,1,532078628
3,1,0.09370284527540207,0.6920071244239807,1,0.053587984293699265,0.7107672095298767,1,532086962
3,1,0.08259137719869614,0.6809359788894653,1,0.057258911430835724,0.7213780283927917,1,532095295
3,1,0.09389784187078476,0.6828036904335022,1,0.04998336732387543,0.7229741811752319,1,532103628
3,1,0.09012751281261444,0.6945221424102783,1,0.04981065168976784,0.7138514518737793,1,532111961
3,1,0.08751963078975677,0.6857622861862183,1,0.04891814664006233,0.7351564764976501,1,532120295
3,1,0.09206072241067886,0.702847421169281,1,0.05074770376086235,0.7053793668746948,1,532128628
3,1,0.08687295764684677,0.6784247756004333,1,0.051683209836483,0.7158746123313904,1,532136962
3,1,0.08867350220680237,0.7293851375579834,1,0.049158934503793716,0.7399671077728271,1,532145298
3,1,0.0795813575387001,0.7355484962463379,1,0.04554098844528198,0.7565875053405762,1,532153631
3,1,0.08422406017780304,0.7521381974220276,1,0.0533943846821785,0.7714592218399048,1,532161964
3,1,0.0809837058186531,0.72067791223526,1,0.05673636123538017,0.7515036463737488,1,532170298
3,1,0.09055580943822861,0.7262543439865112,1,0.05082115903496742,0.7525820732116699,1,532178631
3,1,0.08691106736660004,0.7393166422843933,1,0.04917503520846367,0.7600711584091187,1,532186964
3,1,0.08580073714256287,0.7188916802406311,1,0.05408967658877373,0.7506627440452576,1,532195298
3,1,0.09024541079998016,0.7424952387809753,1,0.051082972437143326,0.7740166783332825,1,532203631
3,1,0.0809820294380188,0.7321643233299255,1,0.04999691620469093,0.7519744038581848,1,532211965
3,1,0.08420367538928986,0.7425783276557922,1,0.055510278791189194,0.7738551497459412,1,532220298
3,1,0.08285069465637207,0.7338952422142029,1,0.05309507995843887,0.7609858512878418,1,532228631
3,1,0.08766226470470428,0.7298320531845093,1,0.05769069492816925,0.7650253772735596,1,532236964
3,1,0.08508851379156113,0.7307243347167969,1,0.051958177238702774,0.7570292353630066,1,532245298
3,1,0.07947791367769241,0.7178375720977783,1,0.051984839141368866,0.7652692794799805,1,532253631
3,1,0.0758167952299118,0.736772894859314,1,0.05472520738840103,0.7744487524032593,1,532261965
3,1,0.07829342037439346,0.7311561107635498,1,0.04971694201231003,0.7688767910003662,1,532270301
3,1,0.08561135828495026,0.7440822124481201,1,0.049684323370456696,0.7866055965423584,1,532278634
3,1,0.080536849796772,0.7157918810844421,1,0.05645611509680748,0.7647187113761902,1,532286967
3,1,0.08304803818464279,0.7298141121864319,1,0.05632637068629265,0.7626777291297913,1,532295301
3,1,0.0824539065361023,0.7508065104484558,1,0.05480622500181198,0.7705590724945068,1,532303634
3,1,0.08545681834220886,0.7418883442878723,1,0.05005777254700661,0.7504937052726746,1,532311967
3,1,0.07779286056756973,0.7340637445449829,1,0.051582664251327515,0.7569395899772644,1,532320300
3,1,0.08779088407754898,0.7398316264152527,1,0.05176059156656265,0.7537936568260193,1,532328634
3,1,0.09052099287509918,0.7342649102210999,1,0.0506603829562664,0.7577179074287415,1,532336968
3,1,0.0824521854519844,0.7202839851379395,1,0.041836708784103394,0.7614743113517761,1,532345301
3,1,0.07993657886981964,0.7280007600784302,1,0.05593784153461456,0.7520132660865784,1,532353634
3,1,0.08355221897363663,0.7289984226226807,1,0.07023244351148605,0.7851818799972534,1,532361967
3,1,0.0849403589963913,0.7416767477989197,1,0.05768418312072754,0.7575621604919434,1,532370300
3,1,0.09213467687368393,0.73094642162323,1,0.054681118577718735,0.7672005295753479,1,532378634
3,1,0.07989052683115005,0.7330895662307739,1,0.055546972900629044,0.7603651881217957,1,532386968
3,1,0.08492171764373779,0.7365338206291199,1,0.053887009620666504,0.7651933431625366,1,532395300
3,1,0.08300214260816574,0.7128040194511414,1,0.04851159080862999,0.7569144368171692,1,532403637
3,1,0.08105169236660004,0.7370720505714417,1,0.049517273902893066,0.7637500762939453,1,532411970
3,1,0.08029629290103912,0.7211037278175354,1,0.056992385536432266,0.7694994211196899,1,532420304
3,1,0.0800112783908844,0.7300869226455688,1,0.05080367624759674,0.7546424865722656,1,532428637
3,1,0.08834721148014069,0.7166557908058167,1,0.05744927003979683,0.7752271294593811,1,532436970
3,1,0.07965811342000961,0.7413952350616455,1,0.05059429258108139,0.76904296875,1,532445303
3,1,0.08042988926172256,0.7235018014907837,1,0.058529358357191086,0.7833953499794006,1,532453637
3,1,0.08186937868595123,0.7209544777870178,1,0.056850504130125046,0.7608032822608948,1,532461971
3,1,0.0766989067196846,0.7414872646331787,1,0.05692819505929947,0.7622165083885193,1,532470304
3,1,0.0844467505812645,0.7368713021278381,1,0.058016084134578705,0.7688848972320557,1,532478637
3,1,0.08279689401388168,0.7456907629966736,1,0.05544096603989601,0.7678183317184448,1,532486970
3,1,0.07328131049871445,0.7219223976135254,1,0.05373023822903633,0.7538270950317383,1,532495303
3,1,0.0803409144282341,0.7281329035758972,1,0.05165380239486694,0.7672520279884338,1,532503637
3,1,0.08395718038082123,0.7328096628189087,1,0.052391279488801956,0.7593751549720764,1,532511971
3,1,0.07752905786037445,0.7309029698371887,1,0.04700591787695885,0.7712008357048035,1,532520303
3,1,0.07104409486055374,0.7197150588035583,1,0.058252085000276566,0.7706701755523682,1,532528637
3,1,0.07321365922689438,0.713392972946167,1,0.04273437708616257,0.7642927765846252,1,532536973
3,1,0.0795242041349411,0.7416297793388367,1,0.05806509777903557,0.766693651676178,1,532545307
3,1,0.07255423069000244,0.7415603995323181,1,0.045550525188446045,0.7619090676307678,1,532553640
3,1,0.08018320053815842,0.7380014657974243,1,0.05577031522989273,0.7543562650680542,1,532561973
3,1,0.07912701368331909,0.7330162525177002,1,0.059060923755168915,0.7775153517723083,1,532570306
3,1,0.08009831607341766,0.7331150770187378,1,0.0538058765232563,0.7714517116546631,1,532578640
3,1,0.08355096727609634,0.7400069236755371,1,0.05250803753733635,0.7621780633926392,1,532586973
3,1,0.0799921452999115,0.7289285659790039,1,0.05250180885195732,0.7729655504226685,1,532595307
3,1,0.08013636618852615,0.7340533137321472,1,0.05543703958392143,0.7759624719619751,1,532603640
3,1,0.08392860740423203,0.7300970554351807,1,0.055673930794000626,0.7675706148147583,1,532611973
3,1,0.07590663433074951,0.7411776781082153,1,0.04960542172193527,0.772907018661499,1,532620306
3,1,0.08720715343952179,0.7636016607284546,1,0.0597626157104969,0.7876266837120056,1,532628640
3,1,0.08291231840848923,0.7863363027572632,1,0.05718255788087845,0.8066697120666504,1,532636973
3,1,0.07790200412273407,0.7723968625068665,1,0.055645402520895004,0.8071111440658569,1,532645306
3,1,0.09206093847751617,0.7792655825614929,1,0.05762923136353493,0.8132440447807312,1,532653640
3,1,0.08821173757314682,0.775384247303009,1,0.0508309006690979,0.803490936756134,1,532661974
3,1,0.08724859356880188,0.7689164876937866,1,0.057860955595970154,0.8060158491134644,1,532670308
3,1,0.08282285928726196,0.7739090323448181,1,0.06159861385822296,0.8030258417129517,1,532678641
3,1,0.08821854740381241,0.7650713324546814,1,0.058230649679899216,0.8112033009529114,1,532686974
3,1,0.09059387445449829,0.7744254469871521,1,0.05261962115764618,0.8106111288070679,1,532695307
3,1,0.09893938153982162,0.7678356766700745,1,0.06060526892542839,0.8070290684700012,1,532703641
3,1,0.07934468239545822,0.7585703134536743,1,0.0535752959549427,0.8137791752815247,1,532711974
5,1,0.08416227251291275,0.7757360935211182,1,0.0625385046005249,0.8154218196868896,1,532720308
5,1,0.09013681858778,0.7813973426818848,1,0.0510777048766613,0.8128764033317566,1,532728641
5,1,0.07874156534671783,0.781749963760376,1,0.05430072918534279,0.8120104074478149,1,532736974
5,1,0.08397280424833298,0.7697502970695496,1,0.05420514941215515,0.8039626479148865,1,532745307
5,1,0.0845632553100586,0.7907286882400513,1,0.0565163791179657,0.8005105257034302,1,532753641
5,1,0.08038101345300674,0.7659607529640198,1,0.05900738015770912,0.8066468238830566,1,532761974
5,1,0.08746220916509628,0.7777625322341919,1,0.05901201069355011,0.8107206225395203,1,532770307
5,1,0.08940781652927399,0.7736704349517822,1,0.06229178607463837,0.809152364730835,1,532778641
5,1,0.08649598062038422,0.7905347347259521,1,0.05379720404744148,0.815446138381958,1,532786974
5,1,0.10004645586013794,0.7252748012542725,1,0.09569402784109116,0.7360904216766357,1,532795313
5,1,0.17093776166439056,0.5718259811401367,1,0.17417988181114197,0.5886749029159546,1,532803646
5,1,0.22166720032691956,0.38475316762924194,1,0.24959497153759003,0.42214199900627136,1,532811979
5,1,0.25995752215385437,0.23808734118938446,1,0.27617672085762024,0.26400959491729736,1,532820312
5,1,0.2858155369758606,0.2205471396446228,1,0.30062541365623474,0.2239539921283722,1,532828646
5,1,0.30806541442871094,0.1994432508945465,1,0.3069112002849579,0.2205718755722046,1,532836979
5,1,0.31136059761047363,0.20683269202709198,1,0.3080606758594513,0.21606723964214325,1,532845313
5,1,0.31905439496040344,0.17556582391262054,1,0.3081183135509491,0.20321467518806458,1,532853646
5,1,0.3259127140045166,0.17738664150238037,1,0.30911409854888916,0.204800084233284,1,532861979
5,1,0.32121628522872925,0.18722259998321533,1,0.31390854716300964,0.2039673626422882,1,532870312
5,1,0.3184947967529297,0.16447193920612335,1,0.311533659696579,0.20574349164962769,1,532878646
5,1,0.31966984272003174,0.1689407378435135,1,0.3095053732395172,0.21394133567810059,1,532886979
5,1,0.3193727135658264,0.17437903583049774,1,0.30814650654792786,0.2086273729801178,1,532895312
5,1,0.31603744626045227,0.1831420212984085,1,0.30337709188461304,0.21549579501152039,1,532903645
5,1,0.3232402205467224,0.17999158799648285,1,0.3115062713623047,0.2228143960237503,1,532911979
5,1,0.32175880670547485,0.1931145042181015,1,0.31012991070747375,0.2126181274652481,1,532920313
5,1,0.32232561707496643,0.17864581942558289,1,0.30266639590263367,0.2119419127702713,1,532928649
5,1,0.3254789710044861,0.17917293310165405,1,0.3094794750213623,0.22296194732189178,1,532936982
5,1,0.32524991035461426,0.18720786273479462,1,0.3083972632884979,0.21599043905735016,1,532945315
5,1,0.3278612196445465,0.18319332599639893,1,0.3098606765270233,0.21804577112197876,1,532953648
5,1,0.32572996616363525,0.17932410538196564,1,0.31210920214653015,0.21882493793964386,1,532961982
5,1,0.3253997564315796,0.16030308604240417,1,0.3125114440917969,0.21671123802661896,1,532970316
5,1,0.32277917861938477,0.19028185307979584,1,0.30605193972587585,0.21793806552886963,1,532978648
5,1,0.3242020308971405,0.17810554802417755,1,0.3094262480735779,0.21220369637012482,1,532986982
5,1,0.3254074156284332,0.16176527738571167,1,0.30111023783683777,0.21017824113368988,1,532995315
5,1,0.3222684860229492,0.16944406926631927,1,0.3072250187397003,0.2090025693178177,1,533003649
5,1,0.3257528841495514,0.2100062221288681,1,0.3068331778049469,0.22071473300457,1,533011982
5,1,0.3226160407066345,0.17845496535301208,1,0.31083738803863525,0.20631176233291626,1,533020315
5,1,0.3220215141773224,0.18832361698150635,1,0.30408334732055664,0.2126896232366562,1,533028648
5,1,0.3245762586593628,0.17328986525535583,1,0.309524267911911,0.21348531544208527,1,533036982
5,1,0.32581669092178345,0.16847752034664154,1,0.30238574743270874,0.21477484703063965,1,533045316
5,1,0.3266814947128296,0.1830083727836609,1,0.30570873618125916,0.21096405386924744,1,533053649
5,1,0.3304497301578522,0.18092407286167145,1,0.30488350987434387,0.22039362788200378,1,533061984
5,1,0.3258434236049652,0.18349795043468475,1,0.3063892722129822,0.2175874561071396,1,533070317
5,1,0.32516348361968994,0.17694403231143951,1,0.3101767897605896,0.2148408442735672,1,533078650
5,1,0.33066973090171814,0.18539710342884064,1,0.31086158752441406,0.22263655066490173,1,533086984
5,1,0.3173666298389435,0.190700963139534,1,0.2944886386394501,0.23279349505901337,1,533095317
5,1,0.27488553524017334,0.3034294545650482,1,0.24237288534641266,0.3031107485294342,1,533103650
5,1,0.23852650821208954,0.30185070633888245,1,0.21523311734199524,0.3436671495437622,1,533111984
5,1,0.22686654329299927,0.3309747278690338,1,0.19700956344604492,0.3721727430820465,1,533120317
5,1,0.213303342461586,0.35614213347435,1,0.18750981986522675,0.4059983491897583,1,533128651
5,1,0.21942241489887238,0.33098700642585754,1,0.1956670731306076,0.3917524516582489,1,533136984
5,1,0.22204731404781342,0.34242936968803406,1,0.18759748339653015,0.39361006021499634,1,533145317
5,1,0.21594014763832092,0.3524668514728546,1,0.19025813043117523,0.39315512776374817,1,533153650
5,1,0.2139156609773636,0.3535679876804352,1,0.1858593374490738,0.38512691855430603,1,533161984
5,1,0.22042590379714966,0.3570592701435089,1,0.19351764023303986,0.38772162795066833,1,533170317
5,1,0.21907517313957214,0.34055304527282715,1,0.18800626695156097,0.3877680003643036,1,533178651
5,1,0.2180955559015274,0.3437045216560364,1,0.19205184280872345,0.38810765743255615,1,533186986
5,1,0.21923258900642395,0.34945714473724365,1,0.18871872127056122,0.4002491533756256,1,533195319
5,1,0.21686409413814545,0.3570561408996582,1,0.19135022163391113,0.384174644947052,1,533203652
5,1,0.2138543576002121,0.3489571213722229,1,0.18669776618480682,0.3929782211780548,1,533211986
5,1,0.20998641848564148,0.35208114981651306,1,0.18842114508152008,0.3993092179298401,1,533220319
5,1,0.216364324092865,0.3389255702495575,1,0.19054822623729706,0.3933645188808441,1,533228652
5,1,0.21724556386470795,0.3523625135421753,1,0.1930333822965622,0.40167078375816345,1,533236986
5,1,0.2184794694185257,0.3581705689430237,1,0.19032646715641022,0.4032596945762634,1,533245319
5,1,0.21273796260356903,0.3593142330646515,1,0.19131727516651154,0.3933621644973755,1,533253653
5,1,0.21566371619701385,0.34816813468933105,1,0.189835324883461,0.38608187437057495,1,533261986
5,1,0.22283445298671722,0.3385436534881592,1,0.18774856626987457,0.3905106782913208,1,533270319
5,1,0.21787869930267334,0.3465961813926697,1,0.1933618187904358,0.40288183093070984,1,533278652
5,1,0.21943774819374084,0.3567003011703491,1,0.18628452718257904,0.40246647596359253,1,533286986
5,1,0.21685457229614258,0.3436296880245209,1,0.18688258528709412,0.38585808873176575,1,533295319
5,1,0.21594522893428802,0.3581564128398895,1,0.18656541407108307,0.38457486033439636,1,533303653
5,1,0.21851994097232819,0.35020363330841064,1,0.18691053986549377,0.39974677562713623,1,533311986
5,1,0.2108299881219864,0.38664916157722473,1,0.18007037043571472,0.4193578064441681,1,533320324
5,1,0.20689308643341064,0.41350463032722473,1,0.1775682419538498,0.47233179211616516,1,533328657
5,1,0.2009180784225464,0.40212130546569824,1,0.1749589890241623,0.4413950443267822,1,533336991
5,1,0.20262493193149567,0.40610483288764954,1,0.18024760484695435,0.43410736322402954,1,533345324
5,1,0.2017139494419098,0.39021116495132446,1,0.1855504810810089,0.4446250796318054,1,533353657
5,1,0.20334172248840332,0.40304484963417053,1,0.1792854517698288,0.43909886479377747,1,533361991
5,1,0.20442157983779907,0.38388362526893616,1,0.17747469246387482,0.43903660774230957,1,533370324
5,1,0.20186631381511688,0.38280797004699707,1,0.18447646498680115,0.43649569153785706,1,533378658
5,1,0.20599697530269623,0.39352738857269287,1,0.1813378483057022,0.4322759211063385,1,533386991
5,1,0.20357532799243927,0.3987114131450653,1,0.17926211655139923,0.4467804729938507,1,533395324
5,1,0.20938515663146973,0.41886618733406067,1,0.18135936558246613,0.4466094672679901,1,533403657
5,1,0.20380648970603943,0.41148149967193604,1,0.17818140983581543,0.4453502595424652,1,533411990
5,1,0.2121686488389969,0.4175713360309601,1,0.1795196235179901,0.43050405383110046,1,533420324
5,1,0.20195113122463226,0.40624964237213135,1,0.1719939112663269,0.43877559900283813,1,533428658
5,1,0.20005840063095093,0.40698790550231934,1,0.17549358308315277,0.43371105194091797,1,533436990
5,1,0.203823983669281,0.39325839281082153,1,0.181963711977005,0.44805821776390076,1,533445324
5,1,0.2016908824443817,0.3945541977882385,1,0.1825067400932312,0.43927448987960815,1,533453659
5,1,0.20028991997241974,0.39244166016578674,1,0.1702728420495987,0.43291494250297546,1,533461993
5,1,0.20103353261947632,0.40626537799835205,1,0.17587906122207642,0.4306115210056305,1,533470326
5,1,0.23463967442512512,0.3848918378353119,1,0.2143934816122055,0.4309343099594116,1,533478659
5,1,0.2720915973186493,0.36545422673225403,1,0.23658426105976105,0.3978957533836365,1,533486992
5,1,0.2669319808483124,0.38510677218437195,1,0.24960139393806458,0.39848339557647705,1,533495326
5,1,0.280619740486145,0.3766876757144928,1,0.253736287355423,0.4016866385936737,1,533503660
5,1,0.27382370829582214,0.38057494163513184,1,0.24023199081420898,0.3936075270175934,1,533511993
5,1,0.2771040201187134,0.3954278826713562,1,0.24929332733154297,0.4173033535480499,1,533520326
5,1,0.27730444073677063,0.3902365267276764,1,0.24836643040180206,0.4077408015727997,1,533528659
5,1,0.27561813592910767,0.3844414949417114,1,0.24552743136882782,0.4124099612236023,1,533536992
5,1,0.27418744564056396,0.3808349370956421,1,0.25327712297439575,0.42072445154190063,1,533545326
5,1,0.2775338888168335,0.3913918733596802,1,0.2523190975189209,0.42178383469581604,1,533553660
5,1,0.27466881275177,0.38103431463241577,1,0.24754801392555237,0.40669578313827515,1,533561992
5,1,0.2749333083629608,0.39716726541519165,1,0.24775998294353485,0.43275848031044006,1,533570326
5,1,0.2746734321117401,0.38017648458480835,1,0.24181082844734192,0.41777321696281433,1,533578659
5,1,0.2720167934894562,0.37484049797058105,1,0.24538296461105347,0.4398966431617737,1,533586996
5,1,0.2718619108200073,0.3830978572368622,1,0.24822498857975006,0.4158620834350586,1,533595329
5,1,0.27403178811073303,0.39999207854270935,1,0.2467866837978363,0.41438207030296326,1,533603662
5,1,0.27434757351875305,0.3906521201133728,1,0.2515800893306732,0.39172396063804626,1,533611995
5,1,0.27297165989875793,0.3662720322608948,1,0.247916117310524,0.4179605543613434,1,533620329
5,1,0.2795770466327667,0.3777947425842285,1,0.2574029862880707,0.4192957282066345,1,533628663
5,1,0.3232240676879883,0.3385971784591675,1,0.30481454730033875,0.3557547926902771,1,533636996
5,1,0.36444759368896484,0.321626752614975,1,0.3430245518684387,0.2910524308681488,1,533645329
5,1,0.36371758580207825,0.3097224831581116,1,0.34488630294799805,0.34581881761550903,1,533653662
5,1,0.365829735994339,0.3355557918548584,1,0.33285948634147644,0.3188358545303345,1,533661995
5,1,0.3637683689594269,0.3186836242675781,1,0.3386334478855133,0.35631099343299866,1,533670329
5,1,0.3604258596897125,0.307529479265213,1,0.33702653646469116,0.29632508754730225,1,533678662
5,1,0.3631645441055298,0.31652384996414185,1,0.33420249819755554,0.33415859937667847,1,533686995
5,1,0.35752394795417786,0.27415603399276733,1,0.33460384607315063,0.31687602400779724,1,533695329
5,1,0.3628351390361786,0.33713236451148987,1,0.33421239256858826,0.36661458015441895,1,533703662
5,1,0.36559271812438965,0.3294152617454529,1,0.3366670310497284,0.3350006341934204,1,533711998
5,1,0.3626432418823242,0.3610275387763977,1,0.33937501907348633,0.34248703718185425,1,533720331
5,1,0.363089919090271,0.36107006669044495,1,0.33278483152389526,0.33356091380119324,1,533728664
5,1,0.35741060972213745,0.26257869601249695,1,0.333638072013855,0.2914683520793915,1,533736997
5,1,0.3626866340637207,0.32911792397499084,1,0.3352583348751068,0.30258798599243164,1,533745331
5,1,0.36036041378974915,0.3448646068572998,1,0.33889463543891907,0.34962189197540283,1,533753664
5,1,0.36181342601776123,0.2683317959308624,1,0.3352399170398712,0.31110355257987976,1,533761998
5,1,0.35980579257011414,0.2722325026988983,1,0.340936541557312,0.29254940152168274,1,533770331
5,1,0.35082563757896423,0.26085972785949707,1,0.3344486653804779,0.31070587038993835,1,533778664
5,1,0.3617563545703888,0.27874669432640076,1,0.33226290345191956,0.30415090918540955,1,533786997
5,1,0.36341580748558044,0.3523940145969391,1,0.33512184023857117,0.2970249652862549,1,533795331
5,1,0.36297550797462463,0.3522595167160034,1,0.32540690898895264,0.3042542636394501,1,533803664
5,1,0.36462637782096863,0.33084696531295776,1,0.3326512575149536,0.33734768629074097,1,533811997
5,1,0.36452242732048035,0.3198203146457672,1,0.3434278964996338,0.3649738132953644,1,533820331
5,1,0.3521853983402252,0.2752480208873749,1,0.33404189348220825,0.31223222613334656,1,533828664
5,1,0.3642401397228241,0.3450532853603363,1,0.3331805467605591,0.34196579456329346,1,533836998
5,1,0.36250022053718567,0.32477280497550964,1,0.34221795201301575,0.3572123944759369,1,533845336
5,1,0.36423102021217346,0.3302322030067444,1,0.3366278111934662,0.31879690289497375,1,533853669
5,1,0.3612416386604309,0.35625144839286804,1,0.3374097943305969,0.32723915576934814,1,533862002
5,1,0.35442349314689636,0.2661147713661194,1,0.3360561430454254,0.31556370854377747,1,533870336
5,1,0.35928794741630554,0.355221152305603,1,0.33986783027648926,0.2938452363014221,1,533878669
5,1,0.36207208037376404,0.3437718451023102,1,0.3379320800304413,0.3057459890842438,1,533887003
5,1,0.31280890107154846,0.2234165221452713,1,0.3167685866355896,0.2811325490474701,1,533895335
5,1,0.2880074083805084,0.17513111233711243,1,0.2820679843425751,0.21558429300785065,1,533903669
5,1,0.2819787561893463,0.16632351279258728,1,0.2703250050544739,0.20779278874397278,1,533912002
5,1,0.2800891697406769,0.18450409173965454,1,0.26195839047431946,0.21759571135044098,1,533920336
5,1,0.2758864164352417,0.18365415930747986,1,0.2608029842376709,0.24682222306728363,1,533928669
5,1,0.28310540318489075,0.2166568636894226,1,0.2610451579093933,0.2321789711713791,1,533937002
5,1,0.2768993675708771,0.18199197947978973,1,0.25662437081336975,0.21404892206192017,1,533945335
5,1,0.2799416482448578,0.18693530559539795,1,0.2615687847137451,0.22483819723129272,1,533953669
5,1,0.27222558856010437,0.17545875906944275,1,0.25844576954841614,0.22904875874519348,1,533962003
5,1,0.28094345331192017,0.21532724797725677,1,0.26286715269088745,0.22233110666275024,1,533970336
5,1,0.2799283266067505,0.18322624266147614,1,0.26426276564598083,0.21777787804603577,1,533978670
5,1,0.2796773314476013,0.18578340113162994,1,0.2582211494445801,0.22684486210346222,1,533987003
5,1,0.2843022048473358,0.1827700287103653,1,0.26649031043052673,0.20664668083190918,1,533995336
5,1,0.2769330143928528,0.1912277191877365,1,0.2611662447452545,0.2174241542816162,1,534003670
5,1,0.27535369992256165,0.20251932740211487,1,0.254601389169693,0.2447638213634491,1,534012004
5,1,0.27745121717453003,0.18333658576011658,1,0.2549854516983032,0.2206670641899109,1,534020336
5,1,0.2770861089229584,0.2013552039861679,1,0.2584809958934784,0.21436865627765656,1,534028670
5,1,0.27634337544441223,0.2062717229127884,1,0.2607652544975281,0.2328585684299469,1,534037003
5,1,0.279906690120697,0.18052668869495392,1,0.25366443395614624,0.21946099400520325,1,534045337
5,1,0.2792448103427887,0.1898794323205948,1,0.2561775743961334,0.22341327369213104,1,534053670
5,1,0.2832775413990021,0.2155683934688568,1,0.2590008080005646,0.2193877249956131,1,534062003
5,1,0.27699869871139526,0.19021622836589813,1,0.2556665241718292,0.22285524010658264,1,534070336
5,1,0.2771601676940918,0.19830730557441711,1,0.2607153356075287,0.21252277493476868,1,534078670
5,1,0.2797878384590149,0.19662843644618988,1,0.25696972012519836,0.21436379849910736,1,534087004
5,1,0.2799743413925171,0.19098906219005585,1,0.25510239601135254,0.22790810465812683,1,534095337
5,1,0.2754341959953308,0.18124732375144958,1,0.26160287857055664,0.23619817197322845,1,534103673
5,1,0.28077051043510437,0.2067958563566208,1,0.26047372817993164,0.22324521839618683,1,534112006
5,1,0.278166800737381,0.19484661519527435,1,0.2586142122745514,0.22412455081939697,1,534120339
5,1,0.27512049674987793,0.20451417565345764,1,0.25818973779678345,0.2318732589483261,1,534128673
5,1,0.28483378887176514,0.20667582750320435,1,0.2606087923049927,0.22122618556022644,1,534137007
5,1,0.2736133635044098,0.18510372936725616,1,0.2604556977748871,0.2247547209262848,1,534145339
5,1,0.2823288142681122,0.18196776509284973,1,0.25269272923469543,0.22909708321094513,1,534153673
5,1,0.27740558981895447,0.18888363242149353,1,0.2586473226547241,0.25101324915885925,1,534162006
5,1,0.27987390756607056,0.18124572932720184,1,0.2601475715637207,0.2368796318769455,1,534170340
5,1,0.2409297525882721,0.29393213987350464,1,0.2315334528684616,0.3159472644329071,1,534178673
5,1,0.18129298090934753,0.48989447951316833,1,0.16107843816280365,0.5012941956520081,1,534187006
5,1,0.14060573279857635,0.5977842211723328,1,0.11487913131713867,0.6413978338241577,1,534195339
5,1,0.10684962570667267,0.6814320087432861,1,0.07682149112224579,0.7298000454902649,1,534203673
5,1,0.10539384186267853,0.7469267845153809,1,0.08183939009904861,0.78549724817276,1,534212006
5,1,0.10978882759809494,0.7581061720848083,1,0.08226830512285233,0.7861413359642029,1,534220340
5,1,0.1034439355134964,0.7619826197624207,1,0.0822083130478859,0.7970108985900879,1,534228673
5,1,0.10444926470518112,0.7803642749786377,1,0.0837707668542862,0.793218731880188,1,534237010
5,1,0.10971726477146149,0.784394383430481,1,0.08649976551532745,0.8079746961593628,1,534245343
5,1,0.1114782840013504,0.7872013449668884,1,0.08884075284004211,0.8062288761138916,1,534253677
5,1,0.10634544491767883,0.7749955058097839,1,0.09078950434923172,0.8004422187805176,1,534262010
5,1,0.09995843470096588,0.767756998538971,1,0.08009576797485352,0.7975785136222839,1,534270343
5,1,0.11277291178703308,0.7803985476493835,1,0.08551203459501266,0.8080493807792664,1,534278677
5,1,0.11735203862190247,0.7697944641113281,1,0.07856059819459915,0.8035042881965637,1,534287010
5,1,0.11687318980693817,0.7725986242294312,1,0.08594664186239243,0.7981188297271729,1,534295344
5,1,0.11311633884906769,0.7727670073509216,1,0.08422935754060745,0.8030638098716736,1,534303677
5,1,0.11447667330503464,0.7672976851463318,1,0.08174142986536026,0.805661678314209,1,534312010
5,1,0.11945092678070068,0.8011359572410583,1,0.08553647994995117,0.8210197687149048,1,534320343
5,1,0.11046749353408813,0.780694305896759,1,0.08885542303323746,0.8104272484779358,1,534328677
5,1,0.11935774236917496,0.77557772397995,1,0.08570759743452072,0.8052471876144409,1,534337010
5,1,0.10571139305830002,0.7719719409942627,1,0.0858982503414154,0.8081611394882202,1,534345344
5,1,0.1044691950082779,0.7738345861434937,1,0.08372684568166733,0.8092284798622131,1,534353677
5,1,0.11830483376979828,0.7689341902732849,1,0.08155155181884766,0.8002205491065979,1,534362010
5,1,0.10932300984859467,0.7680222988128662,1,0.08996359258890152,0.8038613796234131,1,534370348
5,1,0.10319093614816666,0.7794718742370605,1,0.08377539366483688,0.812499463558197,1,534378682
5,1,0.08558882027864456,0.7907341718673706,1,0.06280096620321274,0.8182244896888733,1,534387015
5,1,0.07891236990690231,0.7870038747787476,1,0.06238571181893349,0.8159107565879822,1,534395348
5,1,0.09006738662719727,0.7923256158828735,1,0.06500977277755737,0.8239877820014954,1,534403682
5,1,0.09197084605693817,0.7876372337341309,1,0.06808492541313171,0.8104011416435242,1,534412015
5,1,0.09217318147420883,0.7850232124328613,1,0.06223573163151741,0.8062418699264526,1,534420349
5,1,0.09442231059074402,0.7894600033760071,1,0.06560665369033813,0.8122552633285522,1,534428682
5,1,0.0900309830904007,0.7896126508712769,1,0.0687543973326683,0.8247062563896179,1,534437015
5,1,0.08510151505470276,0.785028874874115,1,0.06325285136699677,0.8108199238777161,1,534445348
5,1,0.10131950676441193,0.7901430130004883,1,0.06288746744394302,0.8195289969444275,1,534453682
5,1,0.09838419407606125,0.7795528173446655,1,0.058289434760808945,0.8091025948524475,1,534462015
5,1,0.08990684151649475,0.7924620509147644,1,0.05738044157624245,0.8301820158958435,1,534470349
5,1,0.09542155265808105,0.7851331233978271,1,0.06498678773641586,0.8185923099517822,1,534478681
5,1,0.08863288909196854,0.7899882197380066,1,0.05802818015217781,0.8095256686210632,1,534487015
5,1,0.08600931614637375,0.7914475798606873,1,0.06850866228342056,0.8089877963066101,1,534495348
5,1,0.0932762622833252,0.763141930103302,1,0.058999791741371155,0.8166307210922241,1,534503682
5,1,0.10228430479764938,0.79156094789505,1,0.06472675502300262,0.8020583391189575,1,534512015
5,1,0.08430783450603485,0.7825363874435425,1,0.05495265871286392,0.8186969757080078,1,534520348
5,1,0.09667743742465973,0.7891293168067932,1,0.06077006086707115,0.8223555088043213,1,534528681
5,1,0.08860030025243759,0.7809728980064392,1,0.06566204875707626,0.8226597905158997,1,534537015
5,1,0.09464547038078308,0.7834902405738831,1,0.06424251198768616,0.8032901883125305,1,534545349
5,1,0.09594452381134033,0.7809045910835266,1,0.06814858317375183,0.8147122263908386,1,534553682
5,1,0.09905339777469635,0.7935738563537598,1,0.06278564035892487,0.8188503980636597,1,534562015
5,1,0.08668901771306992,0.7798487544059753,1,0.05904453992843628,0.8095070719718933,1,534570348
5,1,0.08329114317893982,0.7820085287094116,1,0.049415893852710724,0.8097476363182068,1,534578681
5,1,0.08273618668317795,0.7859737873077393,1,0.055049359798431396,0.8237625360488892,1,534587015
5,1,0.07819779962301254,0.7766090035438538,1,0.05245402827858925,0.8004807829856873,1,534595349
5,1,0.0934305191040039,0.7803954482078552,1,0.05108160153031349,0.8153138756752014,1,534603681
5,1,0.0855403020977974,0.7837552428245544,1,0.050231002271175385,0.8226926326751709,1,534612015
5,1,0.08290890604257584,0.7823470830917358,1,0.05639248341321945,0.8126058578491211,1,534620348
5,1,0.09733161330223083,0.7860492467880249,1,0.05806894972920418,0.8215605020523071,1,534628684
5,1,0.09174283593893051,0.7788516879081726,1,0.06095007434487343,0.8050141930580139,1,534637017
5,1,0.08455990254878998,0.7956530451774597,1,0.06190966069698334,0.8232565522193909,1,534645350
5,1,0.08850372582674026,0.7966442108154297,1,0.05774036794900894,0.8135526776313782,1,534653683
5,1,0.08874902874231339,0.7999635338783264,1,0.05324124917387962,0.8227274417877197,1,534662017
5,1,0.08732739835977554,0.7761014699935913,1,0.05660681426525116,0.8119178414344788,1,534670350
5,1,0.09255719929933548,0.789621114730835,1,0.05904914438724518,0.814522922039032,1,534678684
5,1,0.08960838615894318,0.7744248509407043,1,0.05860177427530289,0.8180017471313477,1,534687017
5,1,0.0832303836941719,0.7881327867507935,1,0.059190429747104645,0.815032958984375,1,534695350
5,1,0.0816628634929657,0.7841022610664368,1,0.051201313734054565,0.8045399785041809,1,534703683
5,1,0.09230201691389084,0.7895561456680298,1,0.056272830814123154,0.8081598877906799,1,534712017
5,1,0.08648685365915298,0.7832316756248474,1,0.05613267794251442,0.8041905164718628,1,534720350
5,1,0.0914682000875473,0.7851129174232483,1,0.05889523774385452,0.8203209042549133,1,534728683
5,1,0.08880680054426193,0.795197606086731,1,0.062194034457206726,0.8130249977111816,1,534737017
5,1,0.08807815611362457,0.7737212181091309,1,0.06199716404080391,0.7959094047546387,1,534745350
5,1,0.08831459283828735,0.785823404788971,1,0.060156166553497314,0.8230996131896973,1,534753684
5,1,0.09792117029428482,0.7949705123901367,1,0.061648525297641754,0.803628146648407,1,534762019
5,1,0.09747422486543655,0.7939742803573608,1,0.06104430928826332,0.810476541519165,1,534770352
5,1,0.08862119913101196,0.7801050543785095,1,0.06668853759765625,0.8166915774345398,1,534778685
5,1,0.0911431834101677,0.7865297198295593,1,0.06169638782739639,0.8079953193664551,1,534787019
5,1,0.08953109383583069,0.7799184322357178,1,0.06603475660085678,0.8129932284355164,1,534795352
5,1,0.08866234868764877,0.7871559262275696,1,0.062207430601119995,0.8042793273925781,1,534803686
5,1,0.09040628373622894,0.7964174151420593,1,0.06102856993675232,0.8131867051124573,1,534812019
5,1,0.09683571010828018,0.7722415328025818,1,0.06414508819580078,0.8163667917251587,1,534820352
5,1,0.08792994171380997,0.7910376191139221,1,0.06034152954816818,0.8239855766296387,1,534828685
5,1,0.09623939543962479,0.7721188068389893,1,0.061075225472450256,0.8157640099525452,1,534837019
5,1,0.08925561606884003,0.7919778823852539,1,0.05898411571979523,0.8088292479515076,1,534845352
5,1,0.09937291592359543,0.7885991334915161,1,0.061449725180864334,0.8061473965644836,1,534853685
5,1,0.09553654491901398,0.782065212726593,1,0.05719619244337082,0.8184565305709839,1,534862019
5,1,0.08471734821796417,0.790846586227417,1,0.05940704047679901,0.8172577023506165,1,534870352
5,1,0.09157770127058029,0.7913948893547058,1,0.0642835944890976,0.8242272734642029,1,534878686
5,1,0.08757635205984116,0.7837551236152649,1,0.06129290536046028,0.8145418167114258,1,534887019
5,1,0.08882476389408112,0.7810148000717163,1,0.06027798727154732,0.8044805526733398,1,534895354
5,1,0.06736783683300018,0.7298713326454163,1,0.03727981448173523,0.7741855978965759,1,534903687
5,1,0.06662764400243759,0.7255286574363708,1,0.044985029846429825,0.7579622268676758,1,534912021
5,1,0.08204798400402069,0.7335091829299927,1,0.042107973247766495,0.754725992679596,1,534920354
5,1,0.0816984474658966,0.7344930171966553,1,0.04949541017413139,0.7672065496444702,1,534928688
5,1,0.0728728175163269,0.7414617538452148,1,0.04654829204082489,0.7581584453582764,1,534937021
5,1,0.07803668826818466,0.7316514253616333,1,0.044695716351270676,0.7484282851219177,1,534945354
5,1,0.08349047601222992,0.7283651828765869,1,0.04599883034825325,0.7786097526550293,1,534953687
5,1,0.07791627198457718,0.7250227332115173,1,0.05174044147133827,0.7688416242599487,1,534962021
5,1,0.07635956257581711,0.7369021773338318,1,0.047877248376607895,0.7716806530952454,1,534970354
5,1,0.0702700987458229,0.7304167747497559,1,0.0348343662917614,0.7680384516716003,1,534978687
5,1,0.07823452353477478,0.7399358153343201,1,0.04518625885248184,0.771094024181366,1,534987021
5,1,0.07854419946670532,0.736835777759552,1,0.03842118754982948,0.7632007002830505,1,534995354
5,1,0.08302345126867294,0.7386212348937988,1,0.03881145641207695,0.7802374958992004,1,535003688
5,1,0.08250737935304642,0.7333807349205017,1,0.044016070663928986,0.766680121421814,1,535012021
5,1,0.0822981745004654,0.7517719864845276,1,0.04436100646853447,0.7472836375236511,1,535020354
5,1,0.07850677520036697,0.7301552891731262,1,0.039124928414821625,0.7555145025253296,1,535028692
5,1,0.0766773372888565,0.7327002286911011,1,0.04432732239365578,0.7667080163955688,1,535037025
5,1,0.07507360726594925,0.7376736402511597,1,0.041997697204351425,0.7524359822273254,1,535045359
5,1,0.07115835696458817,0.7391626834869385,1,0.044528473168611526,0.75948166847229,1,535053693
5,1,0.08323058485984802,0.7364025712013245,1,0.04555053263902664,0.7522230744361877,1,535062025
5,1,0.08009020239114761,0.7331550717353821,1,0.04163777828216553,0.7661449313163757,1,535070359
5,1,0.08374392986297607,0.7414737939834595,1,0.049631811678409576,0.7629507780075073,1,535078692
5,1,0.08042342215776443,0.7253007292747498,1,0.043275199830532074,0.7698808908462524,1,535087026
5,1,0.07280603051185608,0.7244322896003723,1,0.055047858506441116,0.7743307948112488,1,535095359
5,1,0.08306393027305603,0.7335489392280579,1,0.04250493273139,0.760327160358429,1,535103692
5,1,0.07354891300201416,0.722654402256012,1,0.04779038578271866,0.7571123242378235,1,535112025
5,1,0.07921849191188812,0.7277824282646179,1,0.051903869956731796,0.7692762613296509,1,535120359
5,1,0.0866318792104721,0.7305043339729309,1,0.05380904674530029,0.7661448121070862,1,535128693
5,1,0.07929802685976028,0.7289727330207825,1,0.05301130190491676,0.7643070816993713,1,535137026
5,1,0.0789690688252449,0.7698512077331543,1,0.060673151165246964,0.8030691146850586,1,535145359
5,1,0.08913182467222214,0.8097834587097168,1,0.06350412964820862,0.8165909647941589,1,535153695
5,1,0.08766251057386398,0.7870050668716431,1,0.0582529678940773,0.8040249943733215,1,535162028
5,1,0.09171861410140991,0.7849798798561096,1,0.06012284383177757,0.7996826171875,1,535170362
5,1,0.08671167492866516,0.7897354364395142,1,0.061220426112413406,0.8078636527061462,1,535178696
5,1,0.09016157686710358,0.786434531211853,1,0.06123289093375206,0.809143602848053,1,535187028
5,1,0.08864467591047287,0.7774547934532166,1,0.057934872806072235,0.817484974861145,1,535195362
5,1,0.09064037352800369,0.7718672156333923,1,0.05901705473661423,0.8035705089569092,1,535203696
5,1,0.09468505531549454,0.7926750183105469,1,0.053867995738983154,0.8051119446754456,1,535212029
5,1,0.09554712474346161,0.7843315005302429,1,0.055214282125234604,0.8071016669273376,1,535220362
5,1,0.09546128660440445,0.7925861477851868,1,0.05986875668168068,0.8160717487335205,1,535228695
5,1,0.0859145075082779,0.7850238084793091,1,0.05959523469209671,0.802048921585083,1,535237028
5,1,0.08511536568403244,0.7807203531265259,1,0.0636303648352623,0.8127123117446899,1,535245362
5,1,0.08689466118812561,0.7822668552398682,1,0.05738132447004318,0.8098322749137878,1,535253695
5,1,0.09005727618932724,0.7946997284889221,1,0.05837865173816681,0.795897901058197,1,535262029
5,1,0.08631367981433868,0.7790676951408386,1,0.06795009970664978,0.8218773603439331,1,535270362
5,1,0.08675163239240646,0.7806246876716614,1,0.05716455355286598,0.8146137595176697,1,535278695
5,1,0.08757205307483673,0.7829411625862122,1,0.0636371523141861,0.8019832372665405,1,535287032
5,1,0.08704447001218796,0.7642090916633606,1,0.055475540459156036,0.8070321083068848,1,535295365
5,1,0.09915252029895782,0.7899808883666992,1,0.06088976562023163,0.8111210465431213,1,535303698
5,1,0.07308515906333923,0.8060876727104187,1,0.05439869314432144,0.8320906758308411,1,535312031
5,1,0.0881941020488739,0.7951404452323914,1,0.044088054448366165,0.8456419110298157,1,535320365
5,1,0.0776955708861351,0.7957223653793335,1,0.052458010613918304,0.8222168684005737,1,535328698
5,1,0.08574262261390686,0.8092001080513,1,0.05955556035041809,0.830081045627594,1,535337032
2,1,0.081699900329113,0.7863596677780151,1,0.049271248281002045,0.8335859179496765,1,535345365
2,1,0.07799907773733139,0.8003450036048889,1,0.05581102520227432,0.8242356777191162,1,535353698
2,1,0.08813690394163132,0.794625461101532,1,0.05554762855172157,0.8226581811904907,1,535362031
2,1,0.08576776832342148,0.8123537302017212,1,0.05839930847287178,0.8391251564025879,1,535370365
2,1,0.09061560034751892,0.7875228524208069,1,0.06110868230462074,0.827674388885498,1,535378698
2,1,0.0790637657046318,0.7970057129859924,1,0.06259506195783615,0.8474419116973877,1,535387032
2,1,0.07866477966308594,0.8064982891082764,1,0.05344460532069206,0.8186050057411194,1,535395365
2,1,0.079100601375103,0.804433286190033,1,0.05893048644065857,0.8255305886268616,1,535403698
2,1,0.10293091833591461,0.7816354632377625,1,0.0773763656616211,0.8034054040908813,1,535412032
2,1,0.14403939247131348,0.6300429105758667,1,0.14774103462696075,0.6511906385421753,1,535420368
2,1,0.1897062212228775,0.4418102502822876,1,0.21185302734375,0.4571865499019623,1,535428701
2,1,0.22315210103988647,0.30213433504104614,1,0.23775160312652588,0.30739253759384155,1,535437034
2,1,0.24949952960014343,0.23438820242881775,1,0.2510555386543274,0.27981632947921753,1,535445368
2,1,0.2561838924884796,0.2308168113231659,1,0.25848519802093506,0.26401764154434204,1,535453701
2,1,0.26616743206977844,0.2555883526802063,1,0.2530307471752167,0.24118061363697052,1,535462035
2,1,0.2680901288986206,0.2170807123184204,1,0.26085561513900757,0.24888329207897186,1,535470368
2,1,0.2736215889453888,0.2207457423210144,1,0.26081472635269165,0.2403956949710846,1,535478701
2,1,0.27685439586639404,0.21477635204792023,1,0.25568750500679016,0.24692076444625854,1,535487035
2,1,0.28102540969848633,0.24355028569698334,1,0.2533265948295593,0.2565528154373169,1,535495368
2,1,0.26906436681747437,0.228351891040802,1,0.2604615092277527,0.2609528601169586,1,535503701
2,1,0.27510976791381836,0.20033980906009674,1,0.2565159499645233,0.2530707120895386,1,535512035
2,1,0.27695804834365845,0.22325721383094788,1,0.24587881565093994,0.27430251240730286,1,535520367
2,1,0.2711101174354553,0.21931710839271545,1,0.2539600133895874,0.2551524341106415,1,535528701
2,1,0.2773786187171936,0.21502196788787842,1,0.2578907608985901,0.25823625922203064,1,535537035
2,1,0.2805003821849823,0.2280760258436203,1,0.2546515464782715,0.27300918102264404,1,535545367
2,1,0.2766673266887665,0.20800232887268066,1,0.2513851225376129,0.24632307887077332,1,535553700
2,1,0.27273330092430115,0.21304738521575928,1,0.25073930621147156,0.2551918029785156,1,535562033
2,1,0.28131091594696045,0.23936031758785248,1,0.2596256136894226,0.2614661455154419,1,535570367
2,1,0.27112001180648804,0.2184489518404007,1,0.25369322299957275,0.26290053129196167,1,535578700
2,1,0.27840131521224976,0.21495521068572998,1,0.2518562972545624,0.2510703206062317,1,535587034
2,1,0.27781713008880615,0.22525432705879211,1,0.25290295481681824,0.2599285840988159,1,535595367
2,1,0.2770013213157654,0.2247825562953949,1,0.24910125136375427,0.2606733441352844,1,535603700
2,1,0.2798615097999573,0.22089144587516785,1,0.25196582078933716,0.24328461289405823,1,535612034
2,1,0.2802039384841919,0.1858406364917755,1,0.2560250163078308,0.24955229461193085,1,535620367
2,1,0.2836393117904663,0.19807849824428558,1,0.2564745843410492,0.2596081495285034,1,535628700
2,1,0.2700129449367523,0.22850194573402405,1,0.25121983885765076,0.26643386483192444,1,535637034
2,1,0.26600202918052673,0.22915540635585785,1,0.24305687844753265,0.28770944476127625,1,535645367
2,1,0.27660423517227173,0.2253560870885849,1,0.2513602375984192,0.28849083185195923,1,535653700
2,1,0.2754516303539276,0.2387385219335556,1,0.24745945632457733,0.28067639470100403,1,535662034
2,1,0.2710671126842499,0.2085825800895691,1,0.24373352527618408,0.2587788999080658,1,535670367
2,1,0.28129875659942627,0.2028907984495163,1,0.24909526109695435,0.2712879776954651,1,535678705
2,1,0.2726830542087555,0.21472807228565216,1,0.24356786906719208,0.29142048954963684,1,535687039
2,1,0.27482321858406067,0.25699830055236816,1,0.24611221253871918,0.27178871631622314,1,535695372
2,1,0.2811657786369324,0.24508501589298248,1,0.24695870280265808,0.2875030040740967,1,535703705
2,1,0.2766072750091553,0.22847338020801544,1,0.24507805705070496,0.2778622806072235,1,535712039
2,1,0.2803061008453369,0.19903971254825592,1,0.24333500862121582,0.2786794900894165,1,535720372
2,1,0.2742476165294647,0.2486691176891327,1,0.2502898573875427,0.27941200137138367,1,535728705
2,1,0.2776332497596741,0.24921923875808716,1,0.2479763627052307,0.2864237427711487,1,535737038
2,1,0.2722277343273163,0.2305046170949936,1,0.24139165878295898,0.28468188643455505,1,535745372
2,1,0.27713704109191895,0.26792967319488525,1,0.24437794089317322,0.27843987941741943,1,535753705
2,1,0.2781073749065399,0.2543763816356659,1,0.2499351054430008,0.2636277675628662,1,535762039
2,1,0.28236889839172363,0.24798870086669922,1,0.24679110944271088,0.2689940333366394,1,535770372
2,1,0.27825719118118286,0.2290658801794052,1,0.24879701435565948,0.28608182072639465,1,535778705
2,1,0.27482670545578003,0.2418026477098465,1,0.2444683015346527,0.2887480556964874,1,535787038
2,1,0.2763209939002991,0.2566891014575958,1,0.24382378160953522,0.31137406826019287,1,535795372
2,1,0.2757052779197693,0.22362282872200012,1,0.24426531791687012,0.28972572088241577,1,535803705
2,1,0.2772520184516907,0.25340956449508667,1,0.2472706437110901,0.2992945611476898,1,535812042
2,1,0.27655696868896484,0.23694700002670288,1,0.24945558607578278,0.2780202329158783,1,535820376
2,1,0.2796808183193207,0.23920848965644836,1,0.2452661097049713,0.29296305775642395,1,535828709
2,1,0.2806154787540436,0.21870535612106323,1,0.2425050288438797,0.2942762076854706,1,535837042
2,1,0.27732518315315247,0.24092189967632294,1,0.24164097011089325,0.29694363474845886,1,535845376
2,1,0.28016197681427,0.2575378715991974,1,0.2532859146595001,0.2786046862602234,1,535853709
2,1,0.27499517798423767,0.18535791337490082,1,0.2501622438430786,0.2214619368314743,1,535862042
2,1,0.2767137289047241,0.19821350276470184,1,0.24803410470485687,0.2470768392086029,1,535870376
2,1,0.2718968689441681,0.1922866553068161,1,0.24608270823955536,0.23665587604045868,1,535878709
2,1,0.27375203371047974,0.21248939633369446,1,0.24378575384616852,0.2353673130273819,1,535887042
2,1,0.27195191383361816,0.19965383410453796,1,0.24478739500045776,0.237230122089386,1,535895376
2,1,0.27254045009613037,0.1967065930366516,1,0.24310052394866943,0.23186367750167847,1,535903709
2,1,0.27691423892974854,0.19645196199417114,1,0.24355445802211761,0.244353786110878,1,535912042
2,1,0.2796285152435303,0.18945704400539398,1,0.24874292314052582,0.23861059546470642,1,535920376
2,1,0.26959967613220215,0.2036750763654709,1,0.24666906893253326,0.23198027908802032,1,535928709
2,1,0.2696916162967682,0.20676200091838837,1,0.24227561056613922,0.25311708450317383,1,535937042
2,1,0.27807649970054626,0.19106470048427582,1,0.24865853786468506,0.22872744500637054,1,535945379
2,1,0.26897093653678894,0.19918496906757355,1,0.2458207756280899,0.22002339363098145,1,535953712
2,1,0.2679583728313446,0.18397977948188782,1,0.2483963966369629,0.22739377617835999,1,535962045
2,1,0.2724454700946808,0.19147327542304993,1,0.2456682175397873,0.24371692538261414,1,535970379
2,1,0.27452319860458374,0.1915569007396698,1,0.24883995950222015,0.22840072214603424,1,535978712
2,1,0.2725391089916229,0.20455507934093475,1,0.24862301349639893,0.24944575130939484,1,535987045
2,1,0.27367275953292847,0.18722356855869293,1,0.24977236986160278,0.2426898330450058,1,535995379
2,1,0.277668833732605,0.20819982886314392,1,0.24159777164459229,0.22932587563991547,1,536003712
2,1,0.27539509534835815,0.22013290226459503,1,0.24462176859378815,0.23870213329792023,1,536012045
2,1,0.2723690867424011,0.21741580963134766,1,0.2505684196949005,0.22235862910747528,1,536020379
2,1,0.2756040692329407,0.19959169626235962,1,0.24730540812015533,0.2372451275587082,1,536028712
2,1,0.2800408899784088,0.19847507774829865,1,0.24856561422348022,0.23851102590560913,1,536037045
2,1,0.27477702498435974,0.17663486301898956,1,0.24809394776821136,0.238844633102417,1,536045379
2,1,0.2766565680503845,0.1858222931623459,1,0.24876083433628082,0.2355670928955078,1,536053712
2,1,0.2818378508090973,0.1862000972032547,1,0.24711722135543823,0.25039544701576233,1,536062045
2,1,0.2695152163505554,0.20450709760189056,1,0.24983441829681396,0.24932731688022614,1,536070380
2,1,0.2728346586227417,0.21464012563228607,1,0.2459644079208374,0.24248778820037842,1,536078713
2,1,0.2748239040374756,0.21024005115032196,1,0.24648937582969666,0.24345435202121735,1,536087046
2,1,0.27727746963500977,0.1776844561100006,1,0.24427013099193573,0.24241921305656433,1,536095380
2,1,0.2736915946006775,0.18297334015369415,1,0.24630248546600342,0.24068473279476166,1,536103713
2,1,0.2721719443798065,0.18410514295101166,1,0.24549199640750885,0.22442644834518433,1,536112046
2,1,0.2782275378704071,0.1856895238161087,1,0.25274354219436646,0.21833918988704681,1,536120380
2,1,0.29645082354545593,0.1815187633037567,1,0.2625963091850281,0.23586046695709229,1,536128713
2,1,0.29418545961380005,0.18611279129981995,1,0.25999921560287476,0.24183180928230286,1,536137046
2,1,0.28114721179008484,0.1910039633512497,1,0.26022976636886597,0.2402510941028595,1,536145380
2,1,0.289252370595932,0.19231334328651428,1,0.26322898268699646,0.24702246487140656,1,536153713
2,1,0.2921447455883026,0.18914395570755005,1,0.264708936214447,0.2306363582611084,1,536162046
2,1,0.28999218344688416,0.18850843608379364,1,0.2675420939922333,0.23391222953796387,1,536170380
2,1,0.2896767854690552,0.19259928166866302,1,0.26127055287361145,0.23263433575630188,1,536178713
2,1,0.2886793911457062,0.19443485140800476,1,0.2672128677368164,0.24387189745903015,1,536187046
2,1,0.29187440872192383,0.18466320633888245,1,0.26225459575653076,0.2331269085407257,1,536195380
2,1,0.2899111807346344,0.18891207873821259,1,0.26426783204078674,0.233968123793602,1,536203717
2,1,0.2843587398529053,0.2002963125705719,1,0.25762316584587097,0.24262522161006927,1,536212050
2,1,0.29239246249198914,0.1835271567106247,1,0.26029592752456665,0.23720189929008484,1,536220384
2,1,0.29047247767448425,0.19131243228912354,1,0.2621745765209198,0.2268572747707367,1,536228717
2,1,0.2826822102069855,0.19227172434329987,1,0.25819966197013855,0.22216907143592834,1,536237050
2,1,0.2878185212612152,0.17573168873786926,1,0.2695128917694092,0.2230931669473648,1,536245384
2,1,0.2936937212944031,0.17535728216171265,1,0.25742965936660767,0.22467604279518127,1,536253717
2,1,0.2874389588832855,0.19762323796749115,1,0.26712194085121155,0.24777984619140625,1,536262050
2,1,0.28452250361442566,0.18969623744487762,1,0.26611968874931335,0.24821320176124573,1,536270384
2,1,0.2916710078716278,0.19206862151622772,1,0.2605839967727661,0.24139639735221863,1,536278717
2,1,0.30480924248695374,0.19305655360221863,1,0.28230759501457214,0.237621009349823,1,536287050
2,1,0.34289881587028503,0.19508060812950134,1,0.32086730003356934,0.22154434025287628,1,536295383
2,1,0.3769528865814209,0.18877950310707092,1,0.3441978991031647,0.2113342136144638,1,536303717
2,1,0.3891720771789551,0.1851453185081482,1,0.3490162789821625,0.2072814702987671,1,536312050
2,1,0.3832260072231293,0.19364728033542633,1,0.34383252263069153,0.20745457708835602,1,536320383
2,1,0.3740183711051941,0.1954895555973053,1,0.34666943550109863,0.21347679197788239,1,536328717
2,1,0.37678036093711853,0.17883911728858948,1,0.34827932715415955,0.21243688464164734,1,536337053
2,1,0.38538047671318054,0.1740565150976181,1,0.35195285081863403,0.2142108678817749,1,536345386
2,1,0.3774057924747467,0.18365205824375153,1,0.34770238399505615,0.22004912793636322,1,536353720
2,1,0.37570276856422424,0.18814517557621002,1,0.34869569540023804,0.21839012205600739,1,536362053
2,1,0.37938088178634644,0.17714646458625793,1,0.3549986183643341,0.20985816419124603,1,536370386
2,1,0.37499111890792847,0.18916328251361847,1,0.34176480770111084,0.21150116622447968,1,536378720
2,1,0.3788098394870758,0.1892767995595932,1,0.34773287177085876,0.2239457666873932,1,536387053
2,1,0.379861056804657,0.185039684176445,1,0.3536723852157593,0.21810384094715118,1,536395386
2,1,0.378417432308197,0.1881158947944641,1,0.34891384840011597,0.22567684948444366,1,536403720
2,1,0.3756173849105835,0.178780660033226,1,0.3480909466743469,0.22419899702072144,1,536412053
2,1,0.3778754472732544,0.18133406341075897,1,0.34584933519363403,0.22668896615505219,1,536420386
2,1,0.37493792176246643,0.17269711196422577,1,0.34179991483688354,0.21524415910243988,1,536428720
2,1,0.37589868903160095,0.18445922434329987,1,0.3518509864807129,0.2182117998600006,1,536437053
2,1,0.3765821158885956,0.18302278220653534,1,0.34260252118110657,0.2272886037826538,1,536445386
2,1,0.3779086470603943,0.17643387615680695,1,0.3399362564086914,0.22092682123184204,1,536453720
2,1,0.33595752716064453,0.21978314220905304,1,0.3078571856021881,0.2548980414867401,1,536462053
2,1,0.2669008672237396,0.34877294301986694,1,0.2397288829088211,0.3624390959739685,1,536470390
2,1,0.2169390469789505,0.35975030064582825,1,0.19204771518707275,0.40695178508758545,1,536478724
2,1,0.19601015746593475,0.38670432567596436,1,0.1700543612241745,0.4118945896625519,1,536487057
2,1,0.18795883655548096,0.392829954624176,1,0.17238853871822357,0.44373494386672974,1,536495390
2,1,0.18518443405628204,0.38612404465675354,1,0.167904794216156,0.43135866522789,1,536503724
2,1,0.19182372093200684,0.3937895894050598,1,0.16468709707260132,0.41709643602371216,1,536512057
2,1,0.18910662829875946,0.38466495275497437,1,0.16265751421451569,0.4263787567615509,1,536520390
2,1,0.18849405646324158,0.38987067341804504,1,0.15583829581737518,0.4292605519294739,1,536528724
2,1,0.18975546956062317,0.39231371879577637,1,0.1559242159128189,0.42070272564888,1,536537057
2,1,0.18895095586776733,0.39881521463394165,1,0.1577228158712387,0.4317544996738434,1,536545390
2,1,0.1918499767780304,0.3810240924358368,1,0.161544069647789,0.4298974573612213,1,536553724
2,1,0.18942101299762726,0.3872039318084717,1,0.16453248262405396,0.4476064443588257,1,536562057
2,1,0.18879327178001404,0.40046101808547974,1,0.161385178565979,0.4237608313560486,1,536570390
2,1,0.18831856548786163,0.40336793661117554,1,0.1644047349691391,0.4361887276172638,1,536578724
2,1,0.19511502981185913,0.39114367961883545,1,0.15997664630413055,0.42572757601737976,1,536587057
2,1,0.18580971658229828,0.3955800235271454,1,0.15378977358341217,0.42653486132621765,1,536595392
2,1,0.1890537142753601,0.39449411630630493,1,0.15815715491771698,0.42763981223106384,1,536603726
2,1,0.18584880232810974,0.3955768048763275,1,0.15606704354286194,0.4303000867366791,1,536612059
2,1,0.19088110327720642,0.4027560353279114,1,0.1648970991373062,0.42345133423805237,1,536620392
2,1,0.1841678023338318,0.39256107807159424,1,0.15630488097667694,0.4197025001049042,1,536628726
2,1,0.18936368823051453,0.4070206582546234,1,0.16033531725406647,0.4153735637664795,1,536637059
2,1,0.2021910697221756,0.38441020250320435,1,0.17726971209049225,0.435619592666626,1,536645392
2,1,0.2390405386686325,0.3756052851676941,1,0.22510506212711334,0.417121559381485,1,536653726
2,1,0.27075445652008057,0.3150852918624878,1,0.24315637350082397,0.40253251791000366,1,536662059
2,1,0.2757433354854584,0.35867777466773987,1,0.2489297240972519,0.38651666045188904,1,536670392
2,1,0.2753923833370209,0.38046881556510925,1,0.2442626655101776,0.39813461899757385,1,536678726
2,1,0.2764395475387573,0.37814050912857056,1,0.24511905014514923,0.41097745299339294,1,536687059
2,1,0.2753656804561615,0.3574221730232239,1,0.24823583662509918,0.40209004282951355,1,536695392
2,1,0.27327579259872437,0.33736059069633484,1,0.2480255365371704,0.40046411752700806,1,536703726
2,1,0.280782014131546,0.33388206362724304,1,0.24921537935733795,0.3997561037540436,1,536712059
2,1,0.27385804057121277,0.32662126421928406,1,0.25078853964805603,0.4328283667564392,1,536720392
2,1,0.27936142683029175,0.3733135461807251,1,0.251312255859375,0.4360681176185608,1,536728730
2,1,0.28031468391418457,0.36045509576797485,1,0.2519538700580597,0.40411612391471863,1,536737063
2,1,0.2921909987926483,0.4021886885166168,1,0.23798470199108124,0.444092720746994,1,536745396
2,1,0.29640722274780273,0.4159541130065918,1,0.23829816281795502,0.44070184230804443,1,536753730
2,1,nan,nan,0,0.22179585695266724,0.6692451238632202,1,536762063
2,1,nan,nan,0,nan,nan,0,536770396
2,1,nan,nan,0,nan,nan,0,536778730
2,1,nan,nan,0,nan,nan,0,536787063
2,1,nan,nan,0,nan,nan,0,536795396
2,1,nan,nan,0,nan,nan,0,536803730
2,1,nan,nan,0,nan,nan,0,536812062
2,1,nan,nan,0,nan,nan,0,536820396
2,1,nan,nan,0,nan,nan,0,536828729
2,1,nan,nan,0,nan,nan,0,536837062
2,1,nan,nan,0,nan,nan,0,536845396
2,1,nan,nan,0,nan,nan,0,536853729
2,1,nan,nan,0,0.29742178320884705,0.5115203261375427,1,536862066
2,1,nan,nan,0,0.3004046082496643,0.3399190604686737,1,536870399
2,1,0.33878692984580994,0.3312849998474121,1,0.29854148626327515,0.309903085231781,1,536878732
2,1,0.34249788522720337,0.38758453726768494,1,0.2918124198913574,0.27071380615234375,1,536887065
2,1,0.3332086205482483,0.36360347270965576,1,0.29736119508743286,0.3726479113101959,1,536895399
2,1,0.3372296690940857,0.3403770327568054,1,0.3025212585926056,0.40385133028030396,1,536903732
2,1,0.33639463782310486,0.3611202538013458,1,0.2952752411365509,0.38136839866638184,1,536912066
2,1,0.34686288237571716,0.41523507237434387,1,0.3009412884712219,0.3782142698764801,1,536920399
2,1,0.33050984144210815,0.309326708316803,1,0.3014256954193115,0.3763178586959839,1,536928732
2,1,0.3272522985935211,0.2671085596084595,1,0.2983386516571045,0.3791149854660034,1,536937066
2,1,0.33634835481643677,0.36453118920326233,1,0.3040454387664795,0.3928029537200928,1,536945399
2,1,0.3340367078781128,0.363260418176651,1,0.3018626272678375,0.3799465298652649,1,536953732
2,1,0.3376716077327728,0.3709331154823303,1,0.30103766918182373,0.3735816180706024,1,536962065
2,1,0.3324647843837738,0.36492204666137695,1,0.3043208420276642,0.3996317982673645,1,536970399
2,1,0.33069467544555664,0.3532548248767853,1,0.3008582592010498,0.3768814504146576,1,536978732
2,1,0.33167386054992676,0.37493860721588135,1,0.30040186643600464,0.3604269027709961,1,536987067
2,1,0.32598942518234253,0.3160725235939026,1,0.30044645071029663,0.3684380352497101,1,536995401
2,1,0.3380742073059082,0.3455333411693573,1,0.3024892508983612,0.3491264283657074,1,537003734
2,1,0.32405227422714233,0.3444686233997345,1,0.2970866560935974,0.37150755524635315,1,537012067
2,1,0.33250853419303894,0.3526090979576111,1,0.3026745319366455,0.35628584027290344,1,537020401
2,1,0.31459948420524597,0.26605093479156494,1,0.2920007109642029,0.3267132639884949,1,537028734
2,1,0.30114656686782837,0.23559358716011047,1,0.2838877737522125,0.2501903176307678,1,537037067
2,1,0.3019675314426422,0.2483568638563156,1,0.27194854617118835,0.2851453423500061,1,537045401
2,1,0.29533326625823975,0.23887278139591217,1,0.2753913104534149,0.2787363529205322,1,537053734
2,1,0.29607275128364563,0.2440585345029831,1,0.27306124567985535,0.2945869565010071,1,537062067
2,1,0.29524409770965576,0.22945602238178253,1,0.2785063683986664,0.29116761684417725,1,537070401
2,1,0.29666316509246826,0.21825118362903595,1,0.27120864391326904,0.27499231696128845,1,537078734
2,1,0.30074694752693176,0.23556534945964813,1,0.2738615572452545,0.2921667993068695,1,537087068
2,1,0.2953226864337921,0.23228442668914795,1,0.27000993490219116,0.2913980484008789,1,537095401
2,1,0.30147552490234375,0.21873226761817932,1,0.2733290493488312,0.29865434765815735,1,537103734
2,1,0.30075883865356445,0.2240912914276123,1,0.27349841594696045,0.2911772131919861,1,537112068
2,1,0.29728344082832336,0.22286629676818848,1,0.27431222796440125,0.2798379957675934,1,537120404
2,1,0.2985473871231079,0.24458862841129303,1,0.2689768373966217,0.2898179888725281,1,537128737
2,1,0.2985076904296875,0.26475921273231506,1,0.26795610785484314,0.2647539973258972,1,537137071
2,1,0.2975696325302124,0.2646598815917969,1,0.2733239233493805,0.2712486982345581,1,537145403
2,1,0.29551514983177185,0.24237067997455597,1,0.2727023959159851,0.2889527380466461,1,537153737
2,1,0.29541635513305664,0.24320979416370392,1,0.27134594321250916,0.2750633656978607,1,537162070
2,1,0.29577046632766724,0.24705767631530762,1,0.2683558166027069,0.2630774676799774,1,537170404
2,1,0.29675158858299255,0.23375174403190613,1,0.2696615159511566,0.2807765305042267,1,537178737
2,1,0.29312512278556824,0.22045010328292847,1,0.2705506682395935,0.2889536917209625,1,537187070
2,1,0.29565951228141785,0.22826369106769562,1,0.2705639898777008,0.27389487624168396,1,537195403
2,1,0.29753023386001587,0.21933820843696594,1,0.26916220784187317,0.2793087363243103,1,537203737
2,1,0.295048326253891,0.2437686026096344,1,0.2734200954437256,0.30032846331596375,1,537212071
2,1,0.28873687982559204,0.24522919952869415,1,0.27140286564826965,0.2844886779785156,1,537220404
2,1,0.2853628098964691,0.2658752501010895,1,0.2629163861274719,0.26930785179138184,1,537228737
2,1,0.27370399236679077,0.2831571102142334,1,0.24630115926265717,0.3084754943847656,1,537237071
2,1,0.27938929200172424,0.26649677753448486,1,0.24315369129180908,0.3101394772529602,1,537245404
2,1,0.2788865268230438,0.2986904978752136,1,0.24361436069011688,0.3189183473587036,1,537253741
2,1,0.26907747983932495,0.2656747102737427,1,0.2437884658575058,0.31938692927360535,1,537262074
2,1,0.27688196301460266,0.27408596873283386,1,0.24579696357250214,0.3341461420059204,1,537270408
2,1,0.2721404433250427,0.280352920293808,1,0.24753203988075256,0.31506651639938354,1,537278741
2,1,0.27470752596855164,0.27961277961730957,1,0.24446232616901398,0.3168845474720001,1,537287075
2,1,0.27368417382240295,0.27622348070144653,1,0.2443637251853943,0.3173869848251343,1,537295408
2,1,0.27013248205184937,0.2749423384666443,1,0.24544458091259003,0.3173483908176422,1,537303741
2,1,0.27212780714035034,0.29478779435157776,1,0.24516193568706512,0.31728941202163696,1,537312075
2,1,0.27411237359046936,0.28679776191711426,1,0.24788734316825867,0.3127082884311676,1,537320408
2,1,0.2723468542098999,0.2987375259399414,1,0.2373192012310028,0.3330581784248352,1,537328741
2,1,0.2735021412372589,0.2935622036457062,1,0.23925668001174927,0.3160443902015686,1,537337075
2,1,0.2761518955230713,0.26060277223587036,1,0.24233590066432953,0.32275116443634033,1,537345407
2,1,0.27746081352233887,0.30614903569221497,1,0.2477567195892334,0.32800543308258057,1,537353741
2,1,0.275389701128006,0.26545023918151855,1,0.24300314486026764,0.3223772644996643,1,537362075
2,1,0.2737836241722107,0.30124789476394653,1,0.24594052135944366,0.3355207145214081,1,537370408
2,1,0.27359703183174133,0.30360060930252075,1,0.24173714220523834,0.33412283658981323,1,537378741
2,1,0.27509668469429016,0.2681894600391388,1,0.2398795783519745,0.340284526348114,1,537387076
2,1,0.2717163562774658,0.29737409949302673,1,0.2485978752374649,0.3309975862503052,1,537395410
2,1,0.2736875116825104,0.2794460952281952,1,0.24955761432647705,0.30804580450057983,1,537403743
2,1,0.2730661630630493,0.26672789454460144,1,0.24561898410320282,0.33004263043403625,1,537412076
2,1,0.2727418839931488,0.2817751169204712,1,0.24355563521385193,0.35722365975379944,1,537420410
2,1,0.26522618532180786,0.2687910199165344,1,0.24600781500339508,0.3190672993659973,1,537428743
2,1,0.2722001373767853,0.2872186303138733,1,0.24457556009292603,0.30881091952323914,1,537437076
2,1,0.2719144821166992,0.28069043159484863,1,0.24704819917678833,0.30901578068733215,1,537445409
2,1,0.2623317837715149,0.25726816058158875,1,0.2499110996723175,0.31411322951316833,1,537453743
2,1,0.2711438536643982,0.259697288274765,1,0.24507340788841248,0.3043366074562073,1,537462076
2,1,0.26933541893959045,0.29094797372817993,1,0.24691852927207947,0.31550320982933044,1,537470410
2,1,0.2701748013496399,0.2648302912712097,1,0.2446223497390747,0.31333041191101074,1,537478743
2,1,0.26909056305885315,0.26330602169036865,1,0.24446122348308563,0.3269815444946289,1,537487076
2,1,0.26944541931152344,0.27014949917793274,1,0.2533544898033142,0.30622774362564087,1,537495410
2,1,0.2679843008518219,0.2612206041812897,1,0.24812830984592438,0.31506356596946716,1,537503743
2,1,0.26527324318885803,0.2650541365146637,1,0.24283994734287262,0.3125360608100891,1,537512077
2,1,0.26856714487075806,0.28615856170654297,1,0.24682050943374634,0.3140098452568054,1,537520410
2,1,0.2623318135738373,0.27771660685539246,1,0.24441441893577576,0.3178645670413971,1,537528744
2,1,0.2633307874202728,0.3018360733985901,1,0.24775710701942444,0.3148215115070343,1,537537077
2,1,0.2713981568813324,0.2963220477104187,1,0.24241676926612854,0.3073353171348572,1,537545411
2,1,0.2612524628639221,0.2803835868835449,1,0.24627922475337982,0.3291190564632416,1,537553744
2,1,0.2613775432109833,0.25372377038002014,1,0.2505805492401123,0.33527764678001404,1,537562077
2,1,0.26335054636001587,0.25993409752845764,1,0.2398257553577423,0.3263733983039856,1,537570410
2,1,0.2693157494068146,0.2970045804977417,1,0.24803106486797333,0.3170554041862488,1,537578744
2,1,0.2664977014064789,0.2978706359863281,1,0.2503049373626709,0.33339664340019226,1,537587077
2,1,0.2678356170654297,0.3406873047351837,1,0.2424546331167221,0.32936620712280273,1,537595411
2,1,0.25953221321105957,0.29125356674194336,1,0.24526260793209076,0.3045194745063782,1,537603744
2,1,0.2676970958709717,0.30815523862838745,1,0.24237439036369324,0.3090154528617859,1,537612077
2,1,0.26520076394081116,0.2733507454395294,1,0.25004732608795166,0.3135215640068054,1,537620411
2,1,0.2678036093711853,0.2713165581226349,1,0.24511314928531647,0.315452516078949,1,537628744
2,1,0.2619433104991913,0.2926861047744751,1,0.2516997456550598,0.33073750138282776,1,537637077
2,1,0.26888835430145264,0.2942452132701874,1,0.2498811036348343,0.32906028628349304,1,537645414
2,1,0.26489633321762085,0.2866765856742859,1,0.2488270252943039,0.33986300230026245,1,537653747
2,1,0.26629191637039185,0.3075568377971649,1,0.2516884207725525,0.31410399079322815,1,537662081
2,1,0.2635558545589447,0.3004711866378784,1,0.24589696526527405,0.31168174743652344,1,537670415
2,1,0.2698304355144501,0.333085298538208,1,0.2507079541683197,0.3225264549255371,1,537678748
2,1,0.27006134390830994,0.2878420650959015,1,0.25104382634162903,0.30643436312675476,1,537687081
2,1,0.25687193870544434,0.30539417266845703,1,0.2470700591802597,0.31241074204444885,1,537695414
2,1,0.25397008657455444,0.2984667420387268,1,0.23510481417179108,0.32059958577156067,1,537703748
2,1,0.251000314950943,0.27562958002090454,1,0.23659637570381165,0.2981218993663788,1,537712081
2,1,0.2548508644104004,0.2906430959701538,1,0.23487980663776398,0.32579585909843445,1,537720414
2,1,0.25815349817276,0.27571719884872437,1,0.23984971642494202,0.29674050211906433,1,537728747
2,1,0.2563849091529846,0.2944982349872589,1,0.23302096128463745,0.31296125054359436,1,537737081
2,1,0.2597655653953552,0.29125261306762695,1,0.2370188683271408,0.30299806594848633,1,537745415
2,1,0.2550160586833954,0.31206434965133667,1,0.23527128994464874,0.2875553369522095,1,537753748
2,1,0.25506529211997986,0.29222509264945984,1,0.23975948989391327,0.3041125237941742,1,537762081
2,1,0.25883594155311584,0.3097241520881653,1,0.2358357161283493,0.3072494864463806,1,537770414
2,1,0.25715193152427673,0.2773386538028717,1,0.2400749921798706,0.299055814743042,1,537778750
2,1,0.2605491280555725,0.29381346702575684,1,0.23640739917755127,0.3233543336391449,1,537787084
2,1,0.2571808695793152,0.2920023202896118,1,0.24287660419940948,0.29900848865509033,1,537795418
2,1,0.2560197114944458,0.29996833205223083,1,0.24272160232067108,0.30791640281677246,1,537803750
2,1,0.2564891576766968,0.2594258487224579,1,0.24350996315479279,0.311514675617218,1,537812084
2,1,0.26192840933799744,0.2938971519470215,1,0.23473186790943146,0.30516088008880615,1,537820417
2,1,0.2617877125740051,0.2774953544139862,1,0.2400646060705185,0.3096288740634918,1,537828751
2,1,0.2577071189880371,0.30733630061149597,1,0.2341146022081375,0.3090730905532837,1,537837084
2,1,0.2600187659263611,0.2573619782924652,1,0.2424715757369995,0.31063172221183777,1,537845417
2,1,0.2581676244735718,0.2786997854709625,1,0.23365849256515503,0.2947654724121094,1,537853750
2,1,0.25583094358444214,0.28129565715789795,1,0.24335137009620667,0.3157220184803009,1,537862084
2,1,0.26088055968284607,0.2813626825809479,1,0.23680932819843292,0.3066248297691345,1,537870417
2,1,0.2556954026222229,0.2958019971847534,1,0.2380070835351944,0.32264289259910583,1,537878750
2,1,0.25931698083877563,0.26442667841911316,1,0.23812396824359894,0.3141317665576935,1,537887084
2,1,0.2596833407878876,0.2764275372028351,1,0.24050021171569824,0.3201967179775238,1,537895417
2,1,0.25768449902534485,0.28714418411254883,1,0.2416653335094452,0.32563909888267517,1,537903750
2,1,0.25846347212791443,0.3010885417461395,1,0.23728661239147186,0.3153535723686218,1,537912087
2,1,0.2550460696220398,0.290506511926651,1,0.23732545971870422,0.3187628388404846,1,537920421
2,1,0.2665579319000244,0.2431967705488205,1,0.24983090162277222,0.30846157670021057,1,537928753
2,1,0.28290310502052307,0.2686100900173187,1,0.26735806465148926,0.29038676619529724,1,537937087
2,1,0.28272587060928345,0.24520331621170044,1,0.27430596947669983,0.2642977237701416,1,537945420
2,1,0.2918931245803833,0.2966676652431488,1,0.26160621643066406,0.2707982659339905,1,537953754
2,1,0.28360307216644287,0.2692936956882477,1,0.2668747007846832,0.300886332988739,1,537962087
2,1,0.28882792592048645,0.24031051993370056,1,0.26732414960861206,0.27916356921195984,1,537970420
2,1,0.2825249135494232,0.27672046422958374,1,0.26735037565231323,0.2803288400173187,1,537978753
2,1,0.2835746109485626,0.22616049647331238,1,0.25906166434288025,0.2691931426525116,1,537987087
2,1,0.2822738587856293,0.27535444498062134,1,0.26931941509246826,0.28987976908683777,1,537995420
2,1,0.2791537642478943,0.22304336726665497,1,0.26691433787345886,0.2646908760070801,1,538003754
2,1,0.2841452956199646,0.2762816548347473,1,0.2662307322025299,0.29927483201026917,1,538012087
2,1,0.2814013659954071,0.21870331466197968,1,0.26490357518196106,0.2833620011806488,1,538020420
2,1,0.2768358588218689,0.22960253059864044,1,0.2640211582183838,0.30808958411216736,1,538028753
2,1,0.28623002767562866,0.263712614774704,1,0.26860594749450684,0.2937140166759491,1,538037089
2,1,0.28378209471702576,0.22226828336715698,1,0.26018384099006653,0.27666813135147095,1,538045422
2,1,0.28454193472862244,0.25885769724845886,1,0.27052247524261475,0.2934195399284363,1,538053755
2,1,0.2799398601055145,0.21746376156806946,1,0.2674579918384552,0.299104779958725,1,538062089
2,1,0.2885349988937378,0.2411382496356964,1,0.2642079293727875,0.30961036682128906,1,538070422
2,1,0.278300940990448,0.27794256806373596,1,0.2606247365474701,0.3040395975112915,1,538078756
2,1,0.2821637690067291,0.22452136874198914,1,0.2573276162147522,0.29995793104171753,1,538087089
2,1,0.2898118197917938,0.24456211924552917,1,0.26423823833465576,0.29021602869033813,1,538095422
2,1,0.2774946987628937,0.25168290734291077,1,0.2580734193325043,0.28961458802223206,1,538103755
2,1,0.2798946797847748,0.2542078495025635,1,0.2635440230369568,0.27242687344551086,1,538112089
2,1,0.2786174714565277,0.22924210131168365,1,0.2674935460090637,0.31651797890663147,1,538120422
2,1,0.28067547082901,0.2816048264503479,1,0.2654849886894226,0.2866436839103699,1,538128755
2,1,0.2816709876060486,0.2424350529909134,1,0.26445272564888,0.30468156933784485,1,538137089
2,1,0.28125742077827454,0.22719624638557434,1,0.26463598012924194,0.311357706785202,1,538145422
2,1,0.28508347272872925,0.22859928011894226,1,0.264228880405426,0.3005063533782959,1,538153755
2,1,0.2857552766799927,0.2276325821876526,1,0.26301315426826477,0.3048725426197052,1,538162089
2,1,0.2872770428657532,0.27917221188545227,1,0.26479896903038025,0.31938451528549194,1,538170426
2,1,0.2846417725086212,0.2613510489463806,1,0.2682996392250061,0.28837940096855164,1,538178759
2,1,0.2856518626213074,0.2758299708366394,1,0.2614821493625641,0.2944928705692291,1,538187093
2,1,0.28158995509147644,0.26871228218078613,1,0.26788437366485596,0.31124967336654663,1,538195426
2,1,0.2879635989665985,0.2995889186859131,1,0.2664203941822052,0.29596808552742004,1,538203760
2,1,0.2861482501029968,0.26232531666755676,1,0.2608427405357361,0.3033030927181244,1,538212092
2,1,0.2880575954914093,0.2345414012670517,1,0.26282232999801636,0.31549087166786194,1,538220426
2,1,0.2845401465892792,0.23838818073272705,1,0.2650006413459778,0.3091012239456177,1,538228759
2,1,0.2851312756538391,0.2633631229400635,1,0.26003822684288025,0.2846164405345917,1,538237092
2,1,0.2848001718521118,0.2417421191930771,1,0.265140563249588,0.29351234436035156,1,538245426
2,1,0.28846296668052673,0.2609271705150604,1,0.25771400332450867,0.3064514398574829,1,538253759
2,1,0.2891729474067688,0.2760933041572571,1,0.2635621726512909,0.28337934613227844,1,538262092
2,1,0.28354042768478394,0.27560174465179443,1,0.2593236565589905,0.2895296812057495,1,538270426
2,1,0.27988454699516296,0.2836659848690033,1,0.2576344609260559,0.29759493470191956,1,538278759
2,1,0.2661868929862976,0.2929795980453491,1,0.24711625277996063,0.31339991092681885,1,538287093
2,1,0.260979026556015,0.27181917428970337,1,0.2368468940258026,0.31236445903778076,1,538295426
2,1,0.2621338963508606,0.26466497778892517,1,0.23772066831588745,0.305987149477005,1,538303761
2,1,0.26734036207199097,0.28134188055992126,1,0.2373386025428772,0.29688534140586853,1,538312094
2,1,0.26450827717781067,0.2912547290325165,1,0.236064612865448,0.32955315709114075,1,538320428
2,1,0.27276498079299927,0.2684975564479828,1,0.23838023841381073,0.3463350534439087,1,538328762
2,1,0.2678910195827484,0.2828512191772461,1,0.23740030825138092,0.31741103529930115,1,538337094
2,1,0.26706600189208984,0.2658650279045105,1,0.24239851534366608,0.3430081903934479,1,538345428
2,1,0.2651172876358032,0.25680431723594666,1,0.23631948232650757,0.31987789273262024,1,538353761
2,1,0.267473429441452,0.28691717982292175,1,0.24094247817993164,0.32135897874832153,1,538362094
2,1,0.27045655250549316,0.29248738288879395,1,0.24846547842025757,0.34603315591812134,1,538370428
2,1,0.27002865076065063,0.28064998984336853,1,0.2395566999912262,0.31874340772628784,1,538378761
2,1,0.27017122507095337,0.25745198130607605,1,0.2400500774383545,0.3404468894004822,1,538387094
2,1,0.27367326617240906,0.3196197748184204,1,0.24289537966251373,0.31857672333717346,1,538395428
2,1,0.26760315895080566,0.29127243161201477,1,0.24667473137378693,0.3342747688293457,1,538403761
2,1,0.26384055614471436,0.26507672667503357,1,0.2414068579673767,0.327779620885849,1,538412095
2,1,0.2730143368244171,0.3014238178730011,1,0.24411135911941528,0.3305528461933136,1,538420428
2,1,0.26781389117240906,0.29240745306015015,1,0.24294371902942657,0.3125598728656769,1,538428761
2,1,0.25566035509109497,0.26336729526519775,1,0.24693742394447327,0.3324325382709503,1,538437096
2,1,0.26438552141189575,0.2524428367614746,1,0.2422526627779007,0.32739388942718506,1,538445430
2,1,0.26858434081077576,0.30041515827178955,1,0.24484649300575256,0.3416776657104492,1,538453764
2,1,0.26615768671035767,0.29923170804977417,1,0.24745617806911469,0.3531663417816162,1,538462096
2,1,0.2669059634208679,0.26102322340011597,1,0.23959389328956604,0.3292959928512573,1,538470430
2,1,0.2659262418746948,0.2733817398548126,1,0.24463699758052826,0.3231307864189148,1,538478763
2,1,0.25833067297935486,0.26085713505744934,1,0.23513144254684448,0.3194164037704468,1,538487096
2,1,0.26194503903388977,0.29374346137046814,1,0.24067625403404236,0.3142225444316864,1,538495430
2,1,0.2658576965332031,0.28689438104629517,1,0.23768197000026703,0.33604779839515686,1,538503763
2,1,0.26589876413345337,0.27354735136032104,1,0.24332331120967865,0.3204951584339142,1,538512097
2,1,0.2684210538864136,0.2681632936000824,1,0.24087779223918915,0.3507136106491089,1,538520430
2,1,0.2674773633480072,0.2906072735786438,1,0.23672790825366974,0.3147123157978058,1,538528763
2,1,0.26582449674606323,0.28825581073760986,1,0.24035857617855072,0.3358948528766632,1,538537097
2,1,0.2608819603919983,0.28154775500297546,1,0.23574195802211761,0.32607465982437134,1,538545430
2,1,0.2672554850578308,0.2660638093948364,1,0.2401852160692215,0.3109821379184723,1,538553763
2,1,0.2645552456378937,0.2848189175128937,1,0.2401038110256195,0.31190750002861023,1,538562100
2,1,0.2609933912754059,0.24836395680904388,1,0.23999720811843872,0.33570224046707153,1,538570434
2,1,0.2744343876838684,0.2631705403327942,1,0.24928954243659973,0.3319075405597687,1,538578767
2,1,0.2826519310474396,0.2594766914844513,1,0.26455017924308777,0.3294067084789276,1,538587101
2,1,0.27432990074157715,0.2297138124704361,1,0.2522629201412201,0.31993040442466736,1,538595434
2,1,0.282042533159256,0.2394770234823227,1,0.2532934844493866,0.298857718706131,1,538603767
2,1,0.2801196873188019,0.28995564579963684,1,0.2520296573638916,0.32546064257621765,1,538612100
2,1,0.283450186252594,0.2592552602291107,1,0.2548595070838928,0.32050424814224243,1,538620434
2,1,0.2827666699886322,0.27069103717803955,1,0.2595759630203247,0.3124515116214752,1,538628767
2,1,0.28005388379096985,0.26856088638305664,1,0.26065030694007874,0.3038514256477356,1,538637101
2,1,0.2857024073600769,0.2857469320297241,1,0.2516809105873108,0.3220633268356323,1,538645434
2,1,0.2803385257720947,0.2696143090724945,1,0.25853732228279114,0.3291444480419159,1,538653767
2,1,0.2730719745159149,0.26885220408439636,1,0.254847913980484,0.32615184783935547,1,538662101
2,1,0.2797430157661438,0.2523786127567291,1,0.25700777769088745,0.31083959341049194,1,538670434
2,1,0.2821497619152069,0.235868901014328,1,0.257963627576828,0.3186874985694885,1,538678767
2,1,0.28271105885505676,0.25563132762908936,1,0.2545165717601776,0.3125461935997009,1,538687100
2,1,0.28673234581947327,0.31801342964172363,1,0.2590027451515198,0.3359132707118988,1,538695436
2,1,0.28152576088905334,0.24321351945400238,1,0.256412148475647,0.3426337242126465,1,538703770
2,1,0.2782838046550751,0.2383255511522293,1,0.2555498480796814,0.32197335362434387,1,538712104
2,1,0.28890952467918396,0.3024636507034302,1,0.2581167221069336,0.3273608088493347,1,538720437
2,1,0.2809341549873352,0.26052621006965637,1,0.2559483051300049,0.3007625937461853,1,538728770
2,1,0.2828788757324219,0.28712940216064453,1,0.2597455084323883,0.33870020508766174,1,538737103
2,1,0.2856399714946747,0.272737592458725,1,0.2576800584793091,0.3388734757900238,1,538745437
2,1,0.2783752977848053,0.2363109588623047,1,0.25924548506736755,0.3391776978969574,1,538753770
2,1,0.2831507921218872,0.2843351364135742,1,0.25737014412879944,0.3194866478443146,1,538762104
2,1,0.2797529399394989,0.2919386923313141,1,0.25358158349990845,0.3226442039012909,1,538770436
2,1,0.2866622507572174,0.2280297875404358,1,0.25341030955314636,0.31113794445991516,1,538778770
2,1,0.2791861295700073,0.2894880771636963,1,0.2556442320346832,0.34500759840011597,1,538787104
2,1,0.28343167901039124,0.27225884795188904,1,0.2560306787490845,0.33398085832595825,1,538795437
2,1,0.2778899371623993,0.23922954499721527,1,0.26171839237213135,0.33392617106437683,1,538803770
2,1,0.2814320921897888,0.3047406077384949,1,0.2601242959499359,0.3346468210220337,1,538812103
2,1,0.28267890214920044,0.24489769339561462,1,0.26069754362106323,0.31287962198257446,1,538820436
2,1,0.2857179343700409,0.2699471116065979,1,0.2570081651210785,0.3501392900943756,1,538828773
2,1,0.284448504447937,0.24901701509952545,1,0.2545558214187622,0.3481038212776184,1,538837107
2,1,0.2766021192073822,0.2732236981391907,1,0.2581193447113037,0.3455107808113098,1,538845440
2,1,0.2890336513519287,0.2776288390159607,1,0.25313979387283325,0.3196055293083191,1,538853773
2,1,0.2813502550125122,0.2696128189563751,1,0.25833526253700256,0.30432066321372986,1,538862106
2,1,0.28575801849365234,0.24053089320659637,1,0.2579203248023987,0.3385796546936035,1,538870440
2,1,0.28301751613616943,0.2735929787158966,1,0.25811928510665894,0.31983426213264465,1,538878773
2,1,0.28373029828071594,0.30652356147766113,1,0.26049530506134033,0.357504278421402,1,538887107
2,1,0.27994057536125183,0.23896993696689606,1,0.25595489144325256,0.2946945130825043,1,538895439
2,1,0.28132539987564087,0.26864156126976013,1,0.25544533133506775,0.3051457703113556,1,538903773
2,1,0.2766287326812744,0.25875335931777954,1,0.2562579810619354,0.3595539331436157,1,538912107
2,1,0.27478960156440735,0.273843914270401,1,0.25558358430862427,0.33190977573394775,1,538920440
2,1,0.2778879702091217,0.28272897005081177,1,0.25695690512657166,0.3252251148223877,1,538928773
2,1,0.2829146981239319,0.2678470313549042,1,0.2517966032028198,0.32298538088798523,1,538937106
2,1,0.282603919506073,0.2866867482662201,1,0.2506808936595917,0.31838783621788025,1,538945439
2,1,0.2800756096839905,0.2956186532974243,1,0.25294336676597595,0.350070983171463,1,538953782
2,1,0.28189948201179504,0.2865164875984192,1,0.25529488921165466,0.33209532499313354,1,538962116
2,1,0.2795203626155853,0.28079137206077576,1,0.25297558307647705,0.33822187781333923,1,538970449
2,1,0.28939875960350037,0.29162806272506714,1,0.25627321004867554,0.31723514199256897,1,538978782
2,1,0.27866658568382263,0.285213828086853,1,0.25396695733070374,0.3214031457901001,1,538987115
2,1,0.28672343492507935,0.27884986996650696,1,0.2580912709236145,0.317904531955719,1,538995449
2,1,0.28574177622795105,0.28043967485427856,1,0.255788654088974,0.3446454107761383,1,539003782
2,1,0.28310489654541016,0.2514188587665558,1,0.2548259496688843,0.3459182381629944,1,539012115
2,1,0.27757999300956726,0.24098747968673706,1,0.25911182165145874,0.34208938479423523,1,539020448
2,1,0.2815381586551666,0.23825395107269287,1,0.25341689586639404,0.3317551612854004,1,539028782
2,1,0.2763085663318634,0.2387314736843109,1,0.25664272904396057,0.33409997820854187,1,539037115
2,1,0.281652569770813,0.2528325617313385,1,0.2532881498336792,0.33050134778022766,1,539045449
2,1,0.28503820300102234,0.2837485373020172,1,0.255648136138916,0.3373473882675171,1,539053782
2,1,0.2815689444541931,0.2332305610179901,1,0.25849807262420654,0.3331525921821594,1,539062115
2,1,0.28346797823905945,0.2803466022014618,1,0.25708603858947754,0.3216850161552429,1,539070448
2,1,0.2801983654499054,0.19204582273960114,1,0.25705546140670776,0.25851380825042725,1,539078782
4,1,0.27529922127723694,0.17469115555286407,1,0.2620267868041992,0.2248368114233017,1,539087112
4,1,0.28782016038894653,0.1862003058195114,1,0.257594496011734,0.2324657291173935,1,539095446
4,1,0.28427568078041077,0.18791496753692627,1,0.25935491919517517,0.2384718805551529,1,539103779
4,1,0.28137102723121643,0.19472822546958923,1,0.25719866156578064,0.24863514304161072,1,539112112
4,1,0.2874986529350281,0.19100496172904968,1,0.2553197741508484,0.24871006608009338,1,539120446
4,1,0.28641441464424133,0.1862853765487671,1,0.24589286744594574,0.24057644605636597,1,539128779
4,1,0.28217291831970215,0.20714649558067322,1,0.25140219926834106,0.23421229422092438,1,539137112
4,1,0.2812364995479584,0.18486228585243225,1,0.25045087933540344,0.23611730337142944,1,539145445
4,1,0.28727251291275024,0.18943776190280914,1,0.25338083505630493,0.2370021641254425,1,539153779
4,1,0.28791865706443787,0.18091273307800293,1,0.2555311918258667,0.2335270792245865,1,539162112
4,1,0.2787620723247528,0.20360985398292542,1,0.25107285380363464,0.23388822376728058,1,539170446
4,1,0.2804234027862549,0.18759888410568237,1,0.25089067220687866,0.24573928117752075,1,539178779
4,1,0.2827152609825134,0.18054302036762238,1,0.2562677264213562,0.24346159398555756,1,539187112
4,1,0.27909478545188904,0.17083300650119781,1,0.2502717673778534,0.23487943410873413,1,539195445
4,1,0.2851957380771637,0.18447677791118622,1,0.25574636459350586,0.24822501838207245,1,539203779
4,1,0.2820502519607544,0.17871202528476715,1,0.25750020146369934,0.24244187772274017,1,539212112
4,1,0.2844902575016022,0.16998910903930664,1,0.25446030497550964,0.2343539595603943,1,539220448
4,1,0.2781298756599426,0.16876952350139618,1,0.25682422518730164,0.24472889304161072,1,539228780
4,1,0.2796494960784912,0.18739238381385803,1,0.2549096345901489,0.23938493430614471,1,539237114
4,1,0.28254085779190063,0.19778719544410706,1,0.25448736548423767,0.24024568498134613,1,539245448
4,1,0.29689449071884155,0.1615554392337799,1,0.2743203341960907,0.22750048339366913,1,539253781
4,1,0.33847060799598694,0.14449386298656464,1,0.31391334533691406,0.21193958818912506,1,539262114
4,1,0.34713661670684814,0.1573907881975174,1,0.32666027545928955,0.19563739001750946,1,539270447
4,1,0.3552095890045166,0.15251706540584564,1,0.3287774920463562,0.2001633197069168,1,539278780
4,1,0.3526843786239624,0.16189981997013092,1,0.32784953713417053,0.1972772628068924,1,539287114
4,1,0.3557851016521454,0.15963402390480042,1,0.3280348479747772,0.2065659463405609,1,539295448
4,1,0.34633949398994446,0.16038011014461517,1,0.32173117995262146,0.1899203062057495,1,539303781
4,1,0.349767804145813,0.15884441137313843,1,0.32480764389038086,0.1911800503730774,1,539312114
4,1,0.35370686650276184,0.15252919495105743,1,0.32682883739471436,0.20464369654655457,1,539320447
4,1,0.3500860333442688,0.15976077318191528,1,0.32649433612823486,0.2119450569152832,1,539328781
4,1,0.344888836145401,0.16191615164279938,1,0.32420796155929565,0.21126039326190948,1,539337114
4,1,0.3472566306591034,0.15690509974956512,1,0.3294704854488373,0.20751352608203888,1,539345448
4,1,0.3471207022666931,0.15804651379585266,1,0.3342207670211792,0.20271164178848267,1,539353783
4,1,0.3491351902484894,0.15114404261112213,1,0.32676801085472107,0.2140423059463501,1,539362117
4,1,0.34485673904418945,0.149291530251503,1,0.32580316066741943,0.21183215081691742,1,539370451
4,1,0.3554629981517792,0.14354154467582703,1,0.33012133836746216,0.21750515699386597,1,539378784
4,1,0.3522060215473175,0.1444985568523407,1,0.32984474301338196,0.2187557965517044,1,539387117
4,1,0.3490830957889557,0.14575079083442688,1,0.3239816725254059,0.2036951184272766,1,539395450
4,1,0.3564395010471344,0.1575830727815628,1,0.328281968832016,0.22098304331302643,1,539403783
4,1,0.3529288172721863,0.14577579498291016,1,0.32927554845809937,0.21997107565402985,1,539412117
4,1,0.348672091960907,0.16503652930259705,1,0.32526829838752747,0.2085801362991333,1,539420451
4,1,0.34817779064178467,0.15199822187423706,1,0.326065331697464,0.20630286633968353,1,539428784
4,1,0.3469831347465515,0.149759441614151,1,0.33093956112861633,0.21593619883060455,1,539437117
4,1,0.3508382737636566,0.15651798248291016,1,0.32733625173568726,0.20441922545433044,1,539445450
4,1,0.3531621992588043,0.14675307273864746,1,0.32378071546554565,0.2043299376964569,1,539453784
4,1,0.34830442070961,0.15285056829452515,1,0.3240952789783478,0.20984719693660736,1,539462117
4,1,0.3486007750034332,0.15468603372573853,1,0.3256838619709015,0.20677077770233154,1,539470451
4,1,0.353828489780426,0.14929074048995972,1,0.32645004987716675,0.20441819727420807,1,539478785
4,1,0.35621216893196106,0.15673857927322388,1,0.3321881890296936,0.21029077470302582,1,539487119
4,1,0.3544747531414032,0.15923568606376648,1,0.32940733432769775,0.2069299817085266,1,539495453
4,1,0.3527825176715851,0.1500752568244934,1,0.32551512122154236,0.20684978365898132,1,539503786
4,1,0.35297903418540955,0.15773087739944458,1,0.32612836360931396,0.21331527829170227,1,539512119
4,1,0.3423278033733368,0.1714952439069748,1,0.3223017454147339,0.2149485945701599,1,539520452
4,1,0.2855357825756073,0.21770767867565155,1,0.2727852761745453,0.25947776436805725,1,539528785
4,1,0.22925540804862976,0.3094923496246338,1,0.21949855983257294,0.3700573742389679,1,539537119
4,1,0.20829619467258453,0.3200666606426239,1,0.18243852257728577,0.37979069352149963,1,539545452
4,1,0.1959781050682068,0.3577629327774048,1,0.17493945360183716,0.4257841408252716,1,539553786
4,1,0.20007143914699554,0.34868279099464417,1,0.17492753267288208,0.4098379909992218,1,539562119
4,1,0.19772373139858246,0.3523854911327362,1,0.1771838366985321,0.41511180996894836,1,539570452
4,1,0.19123947620391846,0.3527914583683014,1,0.17105849087238312,0.4211920201778412,1,539578786
4,1,0.19445820152759552,0.36628592014312744,1,0.16983582079410553,0.4258212149143219,1,539587119
4,1,0.2008952498435974,0.3798627555370331,1,0.17299991846084595,0.4272156357765198,1,539595452
4,1,0.1975758969783783,0.3601848781108856,1,0.1709536612033844,0.4279897212982178,1,539603785
4,1,0.2035355269908905,0.3776234984397888,1,0.1696024239063263,0.4133431017398834,1,539612123
4,1,0.20175333321094513,0.3753337860107422,1,0.17311908304691315,0.4316624104976654,1,539620456
4,1,0.20282568037509918,0.3544250726699829,1,0.17348547279834747,0.4198978841304779,1,539628790
4,1,0.19135598838329315,0.4011973738670349,1,0.1729586273431778,0.41507434844970703,1,539637123
4,1,0.14401890337467194,0.5114292502403259,1,0.11527501791715622,0.5323196649551392,1,539645456
4,1,0.09744750708341599,0.6979967951774597,1,0.06654553860425949,0.7378902435302734,1,539653789
4,1,0.0988161563873291,0.791171669960022,1,0.06276404112577438,0.8065765500068665,1,539662123
4,1,0.09425851702690125,0.7873322367668152,1,0.060596730560064316,0.8396716713905334,1,539670456
4,1,0.08739230781793594,0.8052896857261658,1,0.05832097679376602,0.8448389172554016,1,539678790
4,1,0.08400610089302063,0.8062497973442078,1,0.05525355786085129,0.8391619920730591,1,539687123
4,1,0.0864507183432579,0.80898118019104,1,0.05585009977221489,0.8372873663902283,1,539695456
4,1,0.07500098645687103,0.8219988942146301,1,0.054049067199230194,0.8614698648452759,1,539703790
4,1,0.08160748332738876,0.808639407157898,1,0.04844699427485466,0.8572904467582703,1,539712123
4,1,0.08819914609193802,0.835054337978363,1,0.05854622647166252,0.8447477221488953,1,539720456
4,1,0.08300222456455231,0.8326102495193481,1,0.05288500338792801,0.8497390151023865,1,539728789
4,1,0.08250610530376434,0.8248386979103088,1,0.05741824209690094,0.8571311235427856,1,539737123
4,1,0.08995380997657776,0.8229852914810181,1,0.056948963552713394,0.8489258289337158,1,539745459
4,1,0.0877869501709938,0.8327748775482178,1,0.05399094149470329,0.8645333051681519,1,539753793
4,1,0.08874861150979996,0.8151692748069763,1,0.058731257915496826,0.8496555685997009,1,539762126
4,1,0.08811365067958832,0.8188441395759583,1,0.05724874138832092,0.8646448850631714,1,539770459
4,1,0.08113440126180649,0.8262197971343994,1,0.0506577268242836,0.8591574430465698,1,539778792
4,1,0.08445397764444351,0.821714460849762,1,0.051945760846138,0.8704004883766174,1,539787126
4,1,0.07862800359725952,0.8300820589065552,1,0.05722125992178917,0.8477954864501953,1,539795459
4,1,0.0778794139623642,0.8311982750892639,1,0.05458380654454231,0.8474802374839783,1,539803793
4,1,0.07895113527774811,0.8238341212272644,1,0.05542697384953499,0.8531426191329956,1,539812125
4,1,0.08001608401536942,0.8070163130760193,1,0.05763988941907883,0.8546440005302429,1,539820459
4,1,0.08464862406253815,0.8209733963012695,1,0.056709859520196915,0.8569012880325317,1,539828793
4,1,0.08358504623174667,0.8202124238014221,1,0.053586628288030624,0.8597307205200195,1,539837126
4,1,0.08329065889120102,0.819294810295105,1,0.055687516927719116,0.8538870811462402,1,539845459
4,1,0.0851936936378479,0.8351185917854309,1,0.048108674585819244,0.8553435802459717,1,539853792
4,1,0.08721666783094406,0.816400408744812,1,0.052278582006692886,0.8510082960128784,1,539862125
4,1,0.08197139948606491,0.8273110389709473,1,0.054140638560056686,0.8422080278396606,1,539870459
4,1,0.08705589920282364,0.8173864483833313,1,0.05650181695818901,0.8574627041816711,1,539878795
4,1,0.08619341999292374,0.8095232248306274,1,0.0512823760509491,0.8512728214263916,1,539887128
4,1,0.08488692343235016,0.8314462304115295,1,0.05529472231864929,0.8572381138801575,1,539895461
4,1,0.09530766308307648,0.8061618804931641,1,0.05168602615594864,0.8665839433670044,1,539903794
4,1,0.08078009635210037,0.8125844597816467,1,0.0447332002222538,0.8449987769126892,1,539912128
4,1,0.08285976201295853,0.8130062222480774,1,0.05393403396010399,0.8392525315284729,1,539920461
4,1,0.08912250399589539,0.8055503368377686,1,0.04857056960463524,0.8271942734718323,1,539928795
4,1,0.08378788083791733,0.8120620250701904,1,0.04606592655181885,0.8473008871078491,1,539937127
4,1,0.08541786670684814,0.8161774277687073,1,0.051750145852565765,0.8482283353805542,1,539945461
4,1,0.08203112334012985,0.8181455135345459,1,0.04364977404475212,0.8396912217140198,1,539953795
4,1,0.0924968346953392,0.810688316822052,1,0.04454972222447395,0.8384401202201843,1,539962128
4,1,0.07969735562801361,0.8140616416931152,1,0.0508715882897377,0.8379970192909241,1,539970461
4,1,0.0848865881562233,0.8169959187507629,1,0.04998069629073143,0.8419565558433533,1,539978794
4,1,0.08368685096502304,0.8047389984130859,1,0.050127435475587845,0.8321244120597839,1,539987128
4,1,0.08129964768886566,0.8225606083869934,1,0.055386047810316086,0.8406760096549988,1,539995461
4,1,0.08100298792123795,0.8180261254310608,1,0.04932304844260216,0.851234495639801,1,540003797
4,1,0.07680225372314453,0.805719256401062,1,0.04654240980744362,0.8366712331771851,1,540012131
4,1,0.07467927783727646,0.7999559640884399,1,0.04436750337481499,0.8452340364456177,1,540020464
4,1,0.08132540434598923,0.8163027167320251,1,0.05128294602036476,0.8351195454597473,1,540028798
4,1,0.07901518046855927,0.817973792552948,1,0.051847681403160095,0.8390955924987793,1,540037131
4,1,0.08519315719604492,0.816108763217926,1,0.05323971062898636,0.8349069952964783,1,540045464
4,1,0.08510669320821762,0.818881094455719,1,0.047134317457675934,0.8387333750724792,1,540053797
4,1,0.074879489839077,0.8070835471153259,1,0.050720926374197006,0.8316763639450073,1,540062130
4,1,0.0763784721493721,0.796482264995575,1,0.055512696504592896,0.8561864495277405,1,540070464
4,1,0.08431831002235413,0.8107848763465881,1,0.04970067739486694,0.8435971736907959,1,540078797
4,1,0.0806235745549202,0.8041695356369019,1,0.05286286771297455,0.844192385673523,1,540087131
4,1,0.08962123841047287,0.816472589969635,1,0.051669251173734665,0.8330323696136475,1,540095464
4,1,0.08533880859613419,0.8171508312225342,1,0.05491393432021141,0.8440516591072083,1,540103797
4,1,0.08095233142375946,0.8029546141624451,1,0.05045423284173012,0.8363999128341675,1,540112131
4,1,0.08142092823982239,0.8127951622009277,1,0.05261365324258804,0.8436222672462463,1,540120464
4,1,0.08550754189491272,0.8150911331176758,1,0.051152147352695465,0.8447375893592834,1,540128797
4,1,0.08182843774557114,0.7998615503311157,1,0.05760035663843155,0.8493845462799072,1,540137134
4,1,0.0847589448094368,0.8093522787094116,1,0.04996096342802048,0.8425586819648743,1,540145467
4,1,0.08271503448486328,0.8268802165985107,1,0.04604998230934143,0.8376590013504028,1,540153800
4,1,0.08574728667736053,0.7894861698150635,1,0.04793680086731911,0.8462284207344055,1,540162134
4,1,0.08456572145223618,0.8153952360153198,1,0.05357539653778076,0.8480355739593506,1,540170467
4,1,0.08382247388362885,0.8127237558364868,1,0.05068376660346985,0.8228840827941895,1,540178800
4,1,0.08672620356082916,0.8164404630661011,1,0.05959608033299446,0.8465098738670349,1,540187133
4,1,0.07991446554660797,0.8101178407669067,1,0.05259540677070618,0.84173583984375,1,540195467
4,1,0.07823774963617325,0.8320943713188171,1,0.0553601048886776,0.8479835391044617,1,540203800
4,1,0.08519092947244644,0.8144870400428772,1,0.055864132940769196,0.8534197211265564,1,540212134
4,1,0.0890280157327652,0.8049153685569763,1,0.05167699232697487,0.8376480340957642,1,540220467
4,1,0.08030282706022263,0.8124741315841675,1,0.05667126923799515,0.8363255858421326,1,540228800
4,1,0.08673674613237381,0.7965136766433716,1,0.05138976871967316,0.8288452625274658,1,540237134
4,1,0.0764249712228775,0.8122005462646484,1,0.04689361900091171,0.8270376324653625,1,540245467
4,1,0.0838809460401535,0.8047369718551636,1,0.05018511041998863,0.8285162448883057,1,540253800
4,1,0.08773919939994812,0.7931404709815979,1,0.04852379113435745,0.8424922227859497,1,540262134
4,1,0.09693765640258789,0.8087096810340881,1,0.0475381463766098,0.8369970321655273,1,540270470
4,1,0.08397596329450607,0.7987977862358093,1,0.051508016884326935,0.8405172228813171,1,540278803
4,1,0.07760214060544968,0.8009752631187439,1,0.05518891289830208,0.8436885476112366,1,540287137
4,1,0.08156824856996536,0.8008714318275452,1,0.0535600408911705,0.8377105593681335,1,540295470
4,1,0.08229303359985352,0.8197805881500244,1,0.05204211175441742,0.8395919799804688,1,540303803
4,1,0.0781124159693718,0.8028064370155334,1,0.05226832255721092,0.8450754880905151,1,540312136
4,1,0.0881679356098175,0.8069630861282349,1,0.051153067499399185,0.8276286721229553,1,540320470
4,1,0.08291704207658768,0.817025363445282,1,0.05144708603620529,0.8437554240226746,1,540328803
4,1,0.07477130740880966,0.8139131665229797,1,0.05015422776341438,0.8288323879241943,1,540337137
4,1,0.08270632475614548,0.8033446073532104,1,0.055827606469392776,0.8419361710548401,1,540345470
4,1,0.07722409069538116,0.8098618984222412,1,0.04842715710401535,0.8408571481704712,1,540353803
4,1,0.07607118040323257,0.7960383892059326,1,0.04859907925128937,0.8428564071655273,1,540362137
4,1,0.07633135467767715,0.8027532696723938,1,0.04750194773077965,0.8395337462425232,1,540370470
4,1,0.07283686101436615,0.7995907068252563,1,0.04898442327976227,0.8480921387672424,1,540378803
4,1,0.07815011590719223,0.8150976300239563,1,0.05157628655433655,0.832321047782898,1,540387137
4,1,0.0811179056763649,0.817013680934906,1,0.04840578883886337,0.8415520787239075,1,540395473
4,1,0.07406546175479889,0.806810736656189,1,0.050918202847242355,0.8434649705886841,1,540403806
4,1,0.0737759917974472,0.8066381812095642,1,0.04882153868675232,0.8383559584617615,1,540412140
4,1,0.08451193571090698,0.8082439303398132,1,0.0645308643579483,0.8532143831253052,1,540420473
4,1,0.12249701470136642,0.780132532119751,1,0.08926469087600708,0.8241180181503296,1,540428806
4,1,0.12604014575481415,0.7972996830940247,1,0.09721739590167999,0.8131283521652222,1,540437140
4,1,0.12461179494857788,0.7871434688568115,1,0.1011834517121315,0.8227366805076599,1,540445473
4,1,0.1273849457502365,0.8000761866569519,1,0.10081994533538818,0.8326631188392639,1,540453806
4,1,0.12510329484939575,0.7857617735862732,1,0.09808775037527084,0.8305672407150269,1,540462140
4,1,0.1311907172203064,0.7949240803718567,1,0.09538020193576813,0.8302800059318542,1,540470473
4,1,0.13516287505626678,0.8232717514038086,1,0.10328619182109833,0.8271170854568481,1,540478806
4,1,0.12167558819055557,0.7894183993339539,1,0.09989167749881744,0.8350720405578613,1,540487140
4,1,0.12161590903997421,0.7879749536514282,1,0.10259318351745605,0.83336341381073,1,540495473
4,1,0.12300684303045273,0.7939746379852295,1,0.09473978728055954,0.8153423070907593,1,540503806
4,1,0.1284773349761963,0.8006487488746643,1,0.0959770679473877,0.8359959125518799,1,540512140
4,1,0.12454095482826233,0.783818244934082,1,0.099498450756073,0.8179477453231812,1,540520473
4,1,0.1288783699274063,0.7943986058235168,1,0.09683750569820404,0.8223332166671753,1,540528810
4,1,0.12916509807109833,0.8020272254943848,1,0.09557802230119705,0.8251761198043823,1,540537144
4,1,0.12342766672372818,0.8004295229911804,1,0.09530173242092133,0.8172990083694458,1,540545477
4,1,0.1251462697982788,0.7934811115264893,1,0.09241098910570145,0.8206840753555298,1,540553810
4,1,0.12237074226140976,0.7933692932128906,1,0.0969960018992424,0.8223336935043335,1,540562144
4,1,0.12778949737548828,0.7896131873130798,1,0.09748107939958572,0.8188725709915161,1,540570477
4,1,0.12908436357975006,0.7883200645446777,1,0.09880516678094864,0.8169212937355042,1,540578810
4,1,0.1290256679058075,0.7803443670272827,1,0.10219800472259521,0.8136054277420044,1,540587144
4,1,0.12509819865226746,0.7957557439804077,1,0.09760969877243042,0.8263678550720215,1,540595477
4,1,0.12932616472244263,0.7980310916900635,1,0.09864121675491333,0.8275115489959717,1,540603810
4,1,0.12692950665950775,0.7703819870948792,1,0.10274475812911987,0.8138126134872437,1,540612143
4,1,0.13460344076156616,0.8000748157501221,1,0.09698626399040222,0.814081609249115,1,540620477
4,1,0.13033084571361542,0.7929739952087402,1,0.10060714185237885,0.828907310962677,1,540628810
4,1,0.13193590939044952,0.7978081703186035,1,0.09519686549901962,0.823727548122406,1,540637143
4,1,0.12597480416297913,0.7938721179962158,1,0.09894932806491852,0.8304823637008667,1,540645477
4,1,0.12423928081989288,0.8005384206771851,1,0.08942076563835144,0.8293513059616089,1,540653810
4,1,0.11525150388479233,0.7987799048423767,1,0.08793660998344421,0.8274485468864441,1,540662145
4,1,0.11469791829586029,0.8062597513198853,1,0.09105996042490005,0.8234043121337891,1,540670479
4,1,0.12114782631397247,0.8237334489822388,1,0.08818254619836807,0.8295094966888428,1,540678812
4,1,0.11383139342069626,0.7914788126945496,1,0.09212474524974823,0.8289633393287659,1,540687145
4,1,0.11767682433128357,0.8016989827156067,1,0.09033805131912231,0.8451231718063354,1,540695479
4,1,0.1157398596405983,0.8014237880706787,1,0.09057848900556564,0.8315513134002686,1,540703812
4,1,0.11067898571491241,0.790026068687439,1,0.08995405584573746,0.8350998163223267,1,540712145
4,1,0.1110021248459816,0.8019183278083801,1,0.09185419976711273,0.841646134853363,1,540720479
4,1,0.11828188598155975,0.8019015192985535,1,0.09094811975955963,0.8347442150115967,1,540728812
4,1,0.11092854291200638,0.8078849911689758,1,0.0956583172082901,0.845333456993103,1,540737145
4,1,0.1185113787651062,0.7917545437812805,1,0.09096208214759827,0.8297777771949768,1,540745479
4,1,0.10098450630903244,0.8051924109458923,1,0.07556422054767609,0.8273293375968933,1,540753812
4,1,0.08452650159597397,0.8052725195884705,1,0.04569472000002861,0.8383862376213074,1,540762145
4,1,0.08069472759962082,0.7875274419784546,1,0.05828753113746643,0.8331992626190186,1,540770479
4,1,0.08254425972700119,0.7951916456222534,1,0.05683140456676483,0.8307251930236816,1,540778812
4,1,0.08984682708978653,0.8029241561889648,1,0.05701597407460213,0.8279014825820923,1,540787145
4,1,0.08810750395059586,0.8073267936706543,1,0.06320715695619583,0.827486515045166,1,540795482
4,1,0.08660867810249329,0.8067396283149719,1,0.05839640274643898,0.8359580636024475,1,540803815
4,1,0.08539191633462906,0.794982373714447,1,0.05682697519659996,0.8233574628829956,1,540812148
4,1,0.08912424743175507,0.798703670501709,1,0.05820826441049576,0.8317214250564575,1,540820482
4,1,0.0904262587428093,0.7897865176200867,1,0.05540677532553673,0.8204646706581116,1,540828815
4,1,0.08494797348976135,0.7853485941886902,1,0.05460597574710846,0.8390064239501953,1,540837148
4,1,0.0880281925201416,0.803261935710907,1,0.05343028903007507,0.8270832300186157,1,540845482
4,1,0.08077205717563629,0.8171011209487915,1,0.06452484428882599,0.8446266055107117,1,540853815
4,1,0.08299724012613297,0.8015346527099609,1,0.05323238670825958,0.8386964797973633,1,540862148
4,1,0.08138060569763184,0.8016086220741272,1,0.05606761947274208,0.8152987957000732,1,540870482
4,1,0.08812206238508224,0.8002251386642456,1,0.0630650669336319,0.8261836767196655,1,540878815
4,1,0.0845143273472786,0.8043894171714783,1,0.05253440514206886,0.8230147361755371,1,540887148
4,1,0.08140093833208084,0.7992021441459656,1,0.0559505857527256,0.8412814736366272,1,540895482
4,1,0.08812231570482254,0.8059512972831726,1,0.05568872392177582,0.835337221622467,1,540903815
4,1,0.0895521268248558,0.796360433101654,1,0.06128145009279251,0.8417783975601196,1,540912148
4,1,0.07698412984609604,0.7953448295593262,1,0.056171730160713196,0.8261364698410034,1,540920485
4,1,0.08390368521213531,0.8143356442451477,1,0.060698334127664566,0.8271036148071289,1,540928818
4,1,0.08122514933347702,0.8097690939903259,1,0.05924196541309357,0.8334304094314575,1,540937151
4,1,0.08601707220077515,0.8019927144050598,1,0.05793687328696251,0.8247215747833252,1,540945485
4,1,0.08315793424844742,0.800801694393158,1,0.06342533975839615,0.8343349695205688,1,540953818
4,1,0.08010605722665787,0.79841148853302,1,0.06308870017528534,0.8264447450637817,1,540962151
4,1,0.08539934456348419,0.7477652430534363,1,0.06311500817537308,0.7794172763824463,1,540970485
4,1,0.0856400579214096,0.7307188510894775,1,0.05418975651264191,0.7765190005302429,1,540978818
4,1,0.08708808571100235,0.7458244562149048,1,0.056712426245212555,0.7797870635986328,1,540987151
4,1,0.08782932907342911,0.7526500821113586,1,0.06479117274284363,0.7879823446273804,1,540995485
4,1,0.08618373423814774,0.7582937479019165,1,0.056289929896593094,0.7890861630439758,1,541003818
4,1,0.09150758385658264,0.7614487409591675,1,0.064639151096344,0.7832289338111877,1,541012151
4,1,0.09348776936531067,0.7559752464294434,1,0.054286517202854156,0.7801389098167419,1,541020485
4,1,0.09331066906452179,0.7523534297943115,1,0.06366974115371704,0.7781478762626648,1,541028818
1,2,0.12150602787733078,0.6321209073066711,1,0.1220087856054306,0.6711708307266235,1,541037151
1,2,0.18027710914611816,0.4352046251296997,1,0.20012494921684265,0.48437368869781494,1,541045485
1,2,0.21934886276721954,0.31862521171569824,1,0.23988398909568787,0.3249761164188385,1,541053821
1,2,0.253661572933197,0.2499535232782364,1,0.25244051218032837,0.2596626877784729,1,541062154
1,2,0.26239943504333496,0.22325126826763153,1,0.253543496131897,0.26538291573524475,1,541070488
1,2,0.2585544288158417,0.2140013873577118,1,0.2541287839412689,0.2553774416446686,1,541078821
1,2,0.2700009047985077,0.2540220320224762,1,0.2541216313838959,0.2549710273742676,1,541087154
1,2,0.27187487483024597,0.21386756002902985,1,0.25985008478164673,0.2591562867164612,1,541095488
1,2,0.269863486289978,0.21495375037193298,1,0.2558943033218384,0.2447328418493271,1,541103821
1,2,0.2773655652999878,0.23994740843772888,1,0.2567901313304901,0.27300167083740234,1,541112154
1,2,0.2733756899833679,0.21635012328624725,1,0.25695377588272095,0.26201149821281433,1,541120487
1,2,0.27801865339279175,0.2222304493188858,1,0.26414161920547485,0.2623322904109955,1,541128820
1,2,0.27058425545692444,0.24108107388019562,1,0.2590460777282715,0.25094154477119446,1,541137154
1,2,0.27807459235191345,0.2457180917263031,1,0.26367756724357605,0.25743845105171204,1,541145487
1,2,0.27265846729278564,0.21118542551994324,1,0.2661821246147156,0.25506237149238586,1,541153821
1,2,0.27983328700065613,0.24146325886249542,1,0.25945037603378296,0.26620861887931824,1,541162154
1,2,0.277374804019928,0.25120389461517334,1,0.2568518817424774,0.264997273683548,1,541170487
1,2,0.27126023173332214,0.2185915857553482,1,0.2627841532230377,0.2665689289569855,1,541178821
1,2,0.2763988673686981,0.2053987979888916,1,0.2610076069831848,0.2584992051124573,1,541187156
1,2,0.2768903970718384,0.21351641416549683,1,0.2640722990036011,0.25941112637519836,1,541195489
1,2,0.27564552426338196,0.21229270100593567,1,0.25926274061203003,0.2560426890850067,1,541203823
1,2,0.28091681003570557,0.21317793428897858,1,0.25696149468421936,0.2578633725643158,1,541212156
1,2,0.2743057608604431,0.21490919589996338,1,0.25436684489250183,0.24248893558979034,1,541220489
1,2,0.2758208215236664,0.2071956992149353,1,0.2587044835090637,0.26077112555503845,1,541228823
1,2,0.28192901611328125,0.2279215157032013,1,0.26561102271080017,0.255016952753067,1,541237156
1,2,0.2790902853012085,0.21246351301670074,1,0.25865453481674194,0.28075647354125977,1,541245489
1,2,0.28090596199035645,0.20485396683216095,1,0.2701224684715271,0.2634134292602539,1,541253822
1,2,0.2765239477157593,0.21092557907104492,1,0.26838186383247375,0.2630402147769928,1,541262156
1,2,0.2724407911300659,0.20198720693588257,1,0.2679383456707001,0.2540843188762665,1,541270489
1,2,0.28714805841445923,0.24898698925971985,1,0.26894688606262207,0.25172674655914307,1,541278823
1,2,0.2765100300312042,0.22548343241214752,1,0.2633261978626251,0.27082183957099915,1,541287156
1,2,0.282713919878006,0.23517444729804993,1,0.2706141173839569,0.2481136918067932,1,541295489
1,2,0.2806902825832367,0.23056913912296295,1,0.26319441199302673,0.2561187744140625,1,541303823
1,2,0.2828432023525238,0.21772180497646332,1,0.26476284861564636,0.2646462917327881,1,541312156
1,2,0.2861560583114624,0.24090340733528137,1,0.2629075050354004,0.26112058758735657,1,541320492
1,2,0.287354052066803,0.2405923306941986,1,0.26580968499183655,0.24138864874839783,1,541328826
1,2,0.2803918123245239,0.22729302942752838,1,0.26163971424102783,0.2600342035293579,1,541337159
1,2,0.2806033790111542,0.23266074061393738,1,0.2651328146457672,0.26050862669944763,1,541345492
1,2,0.2821969985961914,0.24778340756893158,1,0.2571427524089813,0.26124438643455505,1,541353826
1,2,0.2830573320388794,0.2061179280281067,1,0.26708826422691345,0.24622468650341034,1,541362159
1,2,0.2787212133407593,0.24453382194042206,1,0.2663729190826416,0.25230535864830017,1,541370492
1,2,0.2724752128124237,0.22900554537773132,1,0.2634354829788208,0.26330700516700745,1,541378825
1,2,0.28305381536483765,0.2078549861907959,1,0.2648380696773529,0.25705572962760925,1,541387159
1,2,0.27888405323028564,0.19181887805461884,1,0.2731878459453583,0.23383577167987823,1,541395492
1,2,0.2874484658241272,0.17120081186294556,1,0.2674892842769623,0.21680207550525665,1,541403826
1,2,0.28504613041877747,0.1886519342660904,1,0.26233795285224915,0.23207233846187592,1,541412159
1,2,0.28853267431259155,0.18429672718048096,1,0.26477259397506714,0.22584079205989838,1,541420492
1,2,0.29138970375061035,0.1901569664478302,1,0.2672061324119568,0.23498061299324036,1,541428826
1,2,0.2832908034324646,0.1905784159898758,1,0.27062100172042847,0.2495087832212448,1,541437159
1,2,0.284504771232605,0.19370898604393005,1,0.26893532276153564,0.22764813899993896,1,541445494
1,2,0.2908059060573578,0.21148589253425598,1,0.2672112286090851,0.24611692130565643,1,541453828
1,2,0.2844703197479248,0.19233237206935883,1,0.2659026086330414,0.22621235251426697,1,541462160
1,2,0.28999900817871094,0.19588294625282288,1,0.2695884704589844,0.23366521298885345,1,541470494
1,2,0.2889382839202881,0.2049747258424759,1,0.26533132791519165,0.22547142207622528,1,541478828
1,2,0.28902462124824524,0.2032116800546646,1,0.2646327614784241,0.2252701222896576,1,541487161
1,2,0.286440372467041,0.22143273055553436,1,0.27034953236579895,0.2346382886171341,1,541495494
1,2,0.28872185945510864,0.19052369892597198,1,0.26060178875923157,0.23204649984836578,1,541503827
1,2,0.2891274094581604,0.19444681704044342,1,0.2728741765022278,0.23151710629463196,1,541512161
1,2,0.2900749742984772,0.20383068919181824,1,0.2711990475654602,0.23562711477279663,1,541520494
1,2,0.28843995928764343,0.20411129295825958,1,0.27577483654022217,0.2375410497188568,1,541528828
1,2,0.2895349860191345,0.22287721931934357,1,0.2694064676761627,0.22801654040813446,1,541537161
1,2,0.2906267046928406,0.20292693376541138,1,0.2673066556453705,0.21844130754470825,1,541545494
1,2,0.29303503036499023,0.19890528917312622,1,0.2644469439983368,0.2339283525943756,1,541553828
1,2,0.2833831012248993,0.19200408458709717,1,0.2683684825897217,0.23339948058128357,1,541562161
1,2,0.28630611300468445,0.2158980667591095,1,0.26706454157829285,0.24431738257408142,1,541570494
1,2,0.2859770953655243,0.2020106315612793,1,0.2619909346103668,0.23353807628154755,1,541578832
1,2,0.2864551246166229,0.20025357604026794,1,0.2665913701057434,0.2285245656967163,1,541587164
1,2,0.28803661465644836,0.1794089376926422,1,0.27014389634132385,0.24353942275047302,1,541595498
1,2,0.28438061475753784,0.19209009408950806,1,0.2662280797958374,0.23550061881542206,1,541603832
1,2,0.28791412711143494,0.19047529995441437,1,0.26387691497802734,0.24544188380241394,1,541612165
1,2,0.28512680530548096,0.18432015180587769,1,0.267580509185791,0.22553576529026031,1,541620498
1,2,0.2903535068035126,0.16881993412971497,1,0.2707653343677521,0.23742464184761047,1,541628831
1,2,0.2863145172595978,0.18221940100193024,1,0.2646501064300537,0.2435181438922882,1,541637165
1,2,0.2892364263534546,0.17859616875648499,1,0.27045074105262756,0.23420871794223785,1,541645498
1,2,0.29078540205955505,0.20195938646793365,1,0.2675813138484955,0.23247818648815155,1,541653831
1,2,0.28987231850624084,0.17347446084022522,1,0.2653902769088745,0.22664955258369446,1,541662165
1,2,0.29199185967445374,0.20124411582946777,1,0.2620769441127777,0.22853992879390717,1,541670498
1,2,0.2835000455379486,0.20063097774982452,1,0.2626640498638153,0.24165336787700653,1,541678831
1,2,0.2852020561695099,0.21886204183101654,1,0.2645803391933441,0.23341597616672516,1,541687165
1,2,0.286677747964859,0.20217487215995789,1,0.2580440938472748,0.23412364721298218,1,541695498
1,2,0.28776663541793823,0.20263120532035828,1,0.26172003149986267,0.23406891524791718,1,541703831
1,2,0.289328396320343,0.1748369187116623,1,0.26448380947113037,0.2256971001625061,1,541712166
1,2,0.28605714440345764,0.1735677868127823,1,0.26556870341300964,0.2382708191871643,1,541720500
1,2,0.28282424807548523,0.18815572559833527,1,0.26457229256629944,0.22270001471042633,1,541728833
1,2,0.29681313037872314,0.17610424757003784,1,0.26627129316329956,0.23090483248233795,1,541737167
1,2,0.28451576828956604,0.19118398427963257,1,0.26837170124053955,0.22902056574821472,1,541745500
1,2,0.29285570979118347,0.192172572016716,1,0.2682173550128937,0.24193784594535828,1,541753833
1,2,0.28482094407081604,0.18738038837909698,1,0.264625608921051,0.23194128274917603,1,541762167
1,2,0.28742915391921997,0.19186517596244812,1,0.2649824023246765,0.22884447872638702,1,541770500
1,2,0.29056715965270996,0.20589366555213928,1,0.2674272656440735,0.22841453552246094,1,541778833
1,2,0.2853158116340637,0.1911717802286148,1,0.2683388888835907,0.23955710232257843,1,541787167
1,2,0.28849148750305176,0.20020334422588348,1,0.26480183005332947,0.2346636950969696,1,541795500
1,2,0.2919774651527405,0.19571249186992645,1,0.265362411737442,0.23897643387317657,1,541803833
1,2,0.2907055616378784,0.18602411448955536,1,0.2654471695423126,0.22850625216960907,1,541812167
1,2,0.286531537771225,0.20630371570587158,1,0.2580874562263489,0.23542296886444092,1,541820500
1,2,0.2896811366081238,0.20944875478744507,1,0.2632378339767456,0.2383403480052948,1,541828833
1,2,0.28844207525253296,0.1982555091381073,1,0.26114436984062195,0.23572243750095367,1,541837167
1,2,0.2833939492702484,0.181299090385437,1,0.26574787497520447,0.23203398287296295,1,541845501
1,2,0.2891906499862671,0.18613234162330627,1,0.26024964451789856,0.23397736251354218,1,541853834
1,2,0.2920914888381958,0.178854838013649,1,0.264126181602478,0.23319098353385925,1,541862168
1,2,0.2902049422264099,0.20361796021461487,1,0.26811501383781433,0.25042834877967834,1,541870501
1,2,0.2912924885749817,0.18616175651550293,1,0.26507681608200073,0.2504943013191223,1,541878834
1,2,0.2863965928554535,0.19938980042934418,1,0.26322105526924133,0.24459031224250793,1,541887168
1,2,0.2905958294868469,0.2094208300113678,1,0.2636977732181549,0.23770102858543396,1,541895501
1,2,0.28139254450798035,0.18791891634464264,1,0.2615985572338104,0.24025243520736694,1,541903834
1,2,0.2868598401546478,0.1938033103942871,1,0.26406130194664,0.24400965869426727,1,541912168
1,2,0.29265931248664856,0.16191613674163818,1,0.2659420371055603,0.22391554713249207,1,541920500
1,2,0.2889222502708435,0.15853367745876312,1,0.2643043100833893,0.213871031999588,1,541928834
1,2,0.29000118374824524,0.15542808175086975,1,0.263973206281662,0.2202315330505371,1,541937168
4,2,0.28759047389030457,0.17823971807956696,1,0.26468804478645325,0.24297626316547394,1,541945501
4,2,0.28523096442222595,0.15849125385284424,1,0.26542240381240845,0.22712144255638123,1,541953834
4,2,0.28728896379470825,0.1740853190422058,1,0.2614075541496277,0.22132046520709991,1,541962167
4,2,0.28881925344467163,0.1656624972820282,1,0.264994740486145,0.20552533864974976,1,541970506
4,2,0.2842511832714081,0.18080852925777435,1,0.25920629501342773,0.20965950191020966,1,541978839
4,2,0.2874591648578644,0.17784765362739563,1,0.2619546055793762,0.2129645049571991,1,541987173
4,2,0.28685903549194336,0.1792283058166504,1,0.25735098123550415,0.22326797246932983,1,541995506
4,2,0.28587955236434937,0.17984934151172638,1,0.26104894280433655,0.21527332067489624,1,542003839
4,2,0.285378634929657,0.1867469698190689,1,0.2633306384086609,0.22599969804286957,1,542012173
4,2,0.3112846314907074,0.1603657454252243,1,0.28478682041168213,0.209317147731781,1,542020506
4,2,0.3427829444408417,0.1571180373430252,1,0.3149538040161133,0.1861233115196228,1,542028839
4,2,0.3502000868320465,0.15327194333076477,1,0.33131909370422363,0.20036368072032928,1,542037173
4,2,0.34647947549819946,0.1426028162240982,1,0.32307735085487366,0.1969282031059265,1,542045506
4,2,0.3465481698513031,0.14451684057712555,1,0.3250385522842407,0.19636666774749756,1,542053839
4,2,0.34503039717674255,0.14195646345615387,1,0.3213218152523041,0.18518051505088806,1,542062173
4,2,0.35345929861068726,0.1471475511789322,1,0.3221498727798462,0.1990004926919937,1,542070506
4,2,0.35080230236053467,0.15742187201976776,1,0.3258287310600281,0.19093915820121765,1,542078839
4,2,0.3531953990459442,0.1516149342060089,1,0.32277190685272217,0.19929970800876617,1,542087173
4,2,0.353169709444046,0.16288462281227112,1,0.3265468180179596,0.19158142805099487,1,542095506
4,2,0.34585103392601013,0.16161103546619415,1,0.31967148184776306,0.18686528503894806,1,542103842
4,2,0.34877273440361023,0.1533079296350479,1,0.32516464591026306,0.19077175855636597,1,542112176
4,2,0.35365721583366394,0.1543015092611313,1,0.3293650150299072,0.1826646476984024,1,542120509
4,2,0.35044756531715393,0.17121949791908264,1,0.3310962915420532,0.19177894294261932,1,542128842
4,2,0.3504970967769623,0.16341975331306458,1,0.3280702531337738,0.18674643337726593,1,542137176
4,2,0.3507421314716339,0.15502844750881195,1,0.3254190981388092,0.18102110922336578,1,542145509
4,2,0.34661245346069336,0.1547243744134903,1,0.32053953409194946,0.19042767584323883,1,542153842
4,2,0.350329726934433,0.16475306451320648,1,0.32292264699935913,0.19420747458934784,1,542162176
4,2,0.35134994983673096,0.15848608314990997,1,0.32540810108184814,0.19763252139091492,1,542170509
4,2,0.35436898469924927,0.15752112865447998,1,0.32329657673835754,0.19070781767368317,1,542178842
4,2,0.3516194224357605,0.15320520102977753,1,0.3267340660095215,0.19227899610996246,1,542187176
4,2,0.34509849548339844,0.15137581527233124,1,0.32652443647384644,0.18682168424129486,1,542195509
4,2,0.34971383213996887,0.14109089970588684,1,0.32401224970817566,0.1958213895559311,1,542203842
4,2,0.35335659980773926,0.15727122128009796,1,0.3305693566799164,0.18364106118679047,1,542212176
4,2,0.3471868932247162,0.14411182701587677,1,0.32758086919784546,0.1896330565214157,1,542220509
4,2,0.3523303270339966,0.1449146866798401,1,0.32403135299682617,0.1987982988357544,1,542228842
4,2,0.35412803292274475,0.16217786073684692,1,0.32544243335723877,0.1987706571817398,1,542237178
4,2,0.3473086953163147,0.15328168869018555,1,0.33065855503082275,0.205557718873024,1,542245512
4,2,0.34730908274650574,0.16077502071857452,1,0.3280300796031952,0.20207729935646057,1,542253845
4,2,0.3515609800815582,0.15390780568122864,1,0.331387460231781,0.20067663490772247,1,542262178
4,2,0.3480343520641327,0.1492285579442978,1,0.3242342174053192,0.19133411347866058,1,542270512
4,2,0.35773199796676636,0.17149768769741058,1,0.3320579528808594,0.21875201165676117,1,542278845
4,2,0.3817702531814575,0.295274019241333,1,0.351666122674942,0.3145883083343506,1,542287178
4,2,0.3889097571372986,0.36544904112815857,1,0.35605722665786743,0.3490707576274872,1,542295512
4,2,0.388340026140213,0.39613106846809387,1,0.351185142993927,0.3930472731590271,1,542303845
4,2,0.3851128816604614,0.3983597755432129,1,0.3477252125740051,0.398328572511673,1,542312178
4,2,0.3808193504810333,0.39696332812309265,1,0.3511967957019806,0.38418689370155334,1,542320512
4,2,0.38599860668182373,0.4107476770877838,1,0.3550179898738861,0.3672332763671875,1,542328845
4,2,0.3737242817878723,0.3039976954460144,1,0.358360230922699,0.39216405153274536,1,542337178
4,2,0.3806149661540985,0.30441492795944214,1,0.3437732458114624,0.33972957730293274,1,542345512
4,2,0.37914541363716125,0.3193713426589966,1,0.35655149817466736,0.4017803966999054,1,542353845
4,2,0.3848140239715576,0.38186654448509216,1,0.3455888628959656,0.3675437867641449,1,542362180
4,2,0.38356447219848633,0.4029208719730377,1,0.3536442518234253,0.37457743287086487,1,542370514
4,2,0.38604652881622314,0.3866325914859772,1,0.3439848721027374,0.41382330656051636,1,542378847
4,2,0.3797279894351959,0.3210006654262543,1,0.3475397527217865,0.43592289090156555,1,542387180
4,2,0.38660818338394165,0.3852822482585907,1,0.35178059339523315,0.38792142271995544,1,542395514
4,2,0.37742146849632263,0.35550612211227417,1,0.34719982743263245,0.3906417489051819,1,542403847
4,2,0.38681474328041077,0.4265066981315613,1,0.35149672627449036,0.3786023259162903,1,542412182
4,2,0.3803199529647827,0.37153181433677673,1,0.3485807478427887,0.34583255648612976,1,542420514
4,2,0.39220717549324036,0.428169310092926,1,0.35213667154312134,0.4110262095928192,1,542428847
4,2,0.38647615909576416,0.3688547909259796,1,0.3495737910270691,0.4186466336250305,1,542437180
4,2,0.38921141624450684,0.4031505882740021,1,0.3537836968898773,0.3749023675918579,1,542445514
4,2,0.3905857801437378,0.40576136112213135,1,0.35048747062683105,0.3232780396938324,1,542453847
4,2,0.38522303104400635,0.4091833531856537,1,0.3459378182888031,0.3497660756111145,1,542462182
4,2,0.36392495036125183,0.4075999855995178,1,0.3384668231010437,0.4368613362312317,1,542470514
4,2,0.35889872908592224,0.4077446162700653,1,0.326167494058609,0.40494996309280396,1,542478847
4,2,0.358237087726593,0.398703396320343,1,0.3303111493587494,0.43552279472351074,1,542487180
4,2,0.3574713468551636,0.3735963702201843,1,0.32934272289276123,0.43272683024406433,1,542495522
4,2,0.35820430517196655,0.37423908710479736,1,0.32816076278686523,0.43421316146850586,1,542503853
4,2,0.36391693353652954,0.41500505805015564,1,0.3304057717323303,0.4617975056171417,1,542512188
4,2,0.3509516716003418,0.25337231159210205,1,0.32168254256248474,0.43407031893730164,1,542520522
4,2,0.35667702555656433,0.43123018741607666,1,0.3320939838886261,0.42133575677871704,1,542528855
4,2,0.35285434126853943,0.40688541531562805,1,0.3220696449279785,0.39700406789779663,1,542537188
4,2,0.3473934829235077,0.3815353512763977,1,0.3232080936431885,0.4270729124546051,1,542545522
4,2,0.3645855486392975,0.3953043520450592,1,0.32418572902679443,0.3421030044555664,1,542553855
4,2,0.3501494824886322,0.3763895034790039,1,0.3264215290546417,0.42217838764190674,1,542562188
4,2,0.3476972281932831,0.3611597418785095,1,0.3253370225429535,0.39874422550201416,1,542570522
4,2,0.35713568329811096,0.40153294801712036,1,0.32664579153060913,0.3779675364494324,1,542578855
4,2,0.3660965859889984,0.3728715777397156,1,0.3230103850364685,0.4133182466030121,1,542587188
4,2,0.3490716814994812,0.37032952904701233,1,0.32822778820991516,0.40698039531707764,1,542595522
4,2,0.34746474027633667,0.2918270230293274,1,0.32387077808380127,0.3998261094093323,1,542603857
4,2,0.35296431183815,0.3766559958457947,1,0.32717299461364746,0.42843928933143616,1,542612190
4,2,0.36541426181793213,0.4097338616847992,1,0.32989031076431274,0.43031734228134155,1,542620524
4,2,0.35678380727767944,0.3988451063632965,1,0.32498443126678467,0.4431590437889099,1,542628857
4,2,0.3506946563720703,0.41329485177993774,1,0.32406705617904663,0.44911015033721924,1,542637190
4,2,0.3061753511428833,0.3827129602432251,1,0.27120912075042725,0.41195061802864075,1,542645524
4,2,0.2612338364124298,0.38989707827568054,1,0.23468686640262604,0.39566153287887573,1,542653857
4,2,0.2300337702035904,0.3443080484867096,1,0.20578673481941223,0.40343302488327026,1,542662190
4,2,0.22182519733905792,0.36322054266929626,1,0.19552698731422424,0.40002360939979553,1,542670524
4,2,0.22708185017108917,0.3505789339542389,1,0.1958744376897812,0.409416139125824,1,542678857
4,2,0.22858446836471558,0.3693613111972809,1,0.19207629561424255,0.39619573950767517,1,542687190
4,2,0.22275102138519287,0.35908129811286926,1,0.19337528944015503,0.41537317633628845,1,542695524
4,2,0.22412444651126862,0.3671763241291046,1,0.192590594291687,0.4152381718158722,1,542703857
4,2,0.21984492242336273,0.3635118305683136,1,0.19127173721790314,0.4386805593967438,1,542712190
4,2,0.21911080181598663,0.35710570216178894,1,0.19069422781467438,0.40910807251930237,1,542720523
4,2,0.22365692257881165,0.3835989832878113,1,0.18918250501155853,0.42280343174934387,1,542728857
4,2,0.2187412679195404,0.36809781193733215,1,0.1882924884557724,0.41983938217163086,1,542737190
4,2,0.22082996368408203,0.36751431226730347,1,0.19014422595500946,0.4064083993434906,1,542745523
4,2,0.21948382258415222,0.3941129148006439,1,0.1926625818014145,0.4245206117630005,1,542753857
4,2,0.21681907773017883,0.3641253411769867,1,0.19051475822925568,0.4110918343067169,1,542762194
4,2,0.2205515056848526,0.37363067269325256,1,0.19328731298446655,0.41952961683273315,1,542770527
4,2,0.21928465366363525,0.36911293864250183,1,0.18786421418190002,0.40790387988090515,1,542778861
4,2,0.2213011533021927,0.36044546961784363,1,0.19227735698223114,0.4456292986869812,1,542787194
4,2,0.2236798107624054,0.34594711661338806,1,0.19557559490203857,0.4223652184009552,1,542795527
4,2,0.21719735860824585,0.3594735860824585,1,0.19771568477153778,0.44007381796836853,1,542803859
4,2,0.21774573624134064,0.35996928811073303,1,0.1999840885400772,0.4417123794555664,1,542812192
4,2,0.22473302483558655,0.37998777627944946,1,0.1946607381105423,0.41866764426231384,1,542820525
4,2,0.22131261229515076,0.37089768052101135,1,0.19028759002685547,0.4000032842159271,1,542828859
4,2,0.21814072132110596,0.35007694363594055,1,0.18610577285289764,0.4095575511455536,1,542837192
4,2,0.22026744484901428,0.3814697265625,1,0.19246691465377808,0.4116000235080719,1,542845525
4,2,0.22108931839466095,0.38498926162719727,1,0.1970193237066269,0.4132661819458008,1,542853859
4,2,0.2122494876384735,0.37109696865081787,1,0.1952631175518036,0.410735547542572,1,542862192
4,2,0.21848896145820618,0.36128106713294983,1,0.19562146067619324,0.4171043336391449,1,542870525
4,2,0.21872712671756744,0.36659765243530273,1,0.19001364707946777,0.4046788811683655,1,542878859
4,2,0.22877834737300873,0.37315255403518677,1,0.1956377476453781,0.43854448199272156,1,542887194
4,2,0.21713238954544067,0.37241849303245544,1,0.19040796160697937,0.413817435503006,1,542895527
4,2,0.22491686046123505,0.3696152865886688,1,0.1952802687883377,0.42601698637008667,1,542903861
4,2,0.24155737459659576,0.3396775722503662,1,0.2135671079158783,0.4175246059894562,1,542912194
4,2,0.27762725949287415,0.36354702711105347,1,0.25115567445755005,0.4313604533672333,1,542920525
4,2,0.27682673931121826,0.36983752250671387,1,0.2559289336204529,0.39918753504753113,1,542928859
4,2,0.2815142869949341,0.3480198085308075,1,0.24907249212265015,0.39663076400756836,1,542937192
4,2,0.2833692133426666,0.36139658093452454,1,0.2541266679763794,0.41461530327796936,1,542945525
4,2,0.2808038890361786,0.3535613715648651,1,0.2548271715641022,0.4114062488079071,1,542953859
4,2,0.2861810326576233,0.3656470775604248,1,0.2562582790851593,0.39062511920928955,1,542962192
4,2,0.28741613030433655,0.3749338984489441,1,0.2526966631412506,0.394814133644104,1,542970525
4,2,0.28029853105545044,0.3714796006679535,1,0.25380516052246094,0.408413827419281,1,542978859
4,2,0.2812519073486328,0.36733970046043396,1,0.2535181939601898,0.3976213335990906,1,542987192
4,2,0.28237393498420715,0.3506368100643158,1,0.2590855062007904,0.4372948408126831,1,542995525
4,2,0.2799965441226959,0.3336680829524994,1,0.24927683174610138,0.4048183858394623,1,543003859
4,2,0.2908596992492676,0.34252288937568665,1,0.2619228661060333,0.40827709436416626,1,543012192
4,2,0.28817036747932434,0.3502406179904938,1,0.2517628073692322,0.4055050313472748,1,543020528
4,2,0.2859112620353699,0.3609467148780823,1,0.2577435076236725,0.4044041633605957,1,543028862
4,2,0.28338000178337097,0.3331936001777649,1,0.2591884434223175,0.42615818977355957,1,543037195
4,2,0.28238725662231445,0.35822755098342896,1,0.2571394741535187,0.4257380962371826,1,543045528
4,2,0.28687748312950134,0.3603358268737793,1,0.2517784833908081,0.39781010150909424,1,543053862
4,2,0.2804880440235138,0.37049785256385803,1,0.2534273862838745,0.39980530738830566,1,543062195
4,2,0.278360515832901,0.3392115831375122,1,0.25508636236190796,0.4114050567150116,1,543070528
4,2,0.2825230658054352,0.3556220233440399,1,0.2578403353691101,0.4268046021461487,1,543078862
4,2,0.2766355872154236,0.3664579391479492,1,0.2537304162979126,0.4223834276199341,1,543087195
4,2,0.23123905062675476,0.3600507080554962,1,0.21743930876255035,0.3869648873806,1,543095528
4,2,0.2048196941614151,0.3397461771965027,1,0.18048691749572754,0.39610177278518677,1,543103862
4,2,0.19162389636039734,0.3472763001918793,1,0.17290352284908295,0.3925507366657257,1,543112195
4,2,0.19134271144866943,0.34463605284690857,1,0.1715226024389267,0.3964335024356842,1,543120528
4,2,0.19655513763427734,0.35108843445777893,1,0.1724487692117691,0.39289146661758423,1,543128862
4,2,0.20032815635204315,0.3607637584209442,1,0.1734178513288498,0.405809223651886,1,543137195
4,2,0.19991149008274078,0.34613099694252014,1,0.1673373281955719,0.4074910283088684,1,543145528
4,2,0.19591635465621948,0.3515205979347229,1,0.17170017957687378,0.40340903401374817,1,543153865
4,2,0.20488576591014862,0.3554667532444,1,0.17164410650730133,0.40891823172569275,1,543162198
4,2,0.1931007206439972,0.3578237295150757,1,0.1698509156703949,0.40241512656211853,1,543170531
4,2,0.19642673432826996,0.3424082398414612,1,0.16941775381565094,0.4052708148956299,1,543178865
4,2,0.1922132968902588,0.35845041275024414,1,0.17067842185497284,0.3887140154838562,1,543187198
4,2,0.19731587171554565,0.353317528963089,1,0.1701502501964569,0.39947256445884705,1,543195531
4,2,0.2015853226184845,0.3597007393836975,1,0.17043468356132507,0.39802286028862,1,543203865
4,2,0.19793912768363953,0.36948126554489136,1,0.16732963919639587,0.4016791582107544,1,543212198
4,2,0.1976412534713745,0.35614141821861267,1,0.17032745480537415,0.4029711186885834,1,543220531
4,2,0.1971379667520523,0.3622601628303528,1,0.16905918717384338,0.4036768078804016,1,543228864
4,2,0.19527073204517365,0.3500988483428955,1,0.16811250150203705,0.4082964062690735,1,543237198
4,2,0.19055713713169098,0.3574688732624054,1,0.1699267029762268,0.388276606798172,1,543245531
4,2,0.1976628303527832,0.36202090978622437,1,0.16005335748195648,0.4008719027042389,1,543253865
4,2,0.19164319336414337,0.3443734049797058,1,0.16929666697978973,0.4059191048145294,1,543262198
4,2,0.19113856554031372,0.3670518100261688,1,0.17121915519237518,0.3743377923965454,1,543270531
4,2,0.192031592130661,0.354788601398468,1,0.16524192690849304,0.40050891041755676,1,543278867
4,2,0.19491153955459595,0.3565977215766907,1,0.16750679910182953,0.40201354026794434,1,543287200
4,2,0.19458754360675812,0.3560394048690796,1,0.1638418734073639,0.3830524981021881,1,543295533
4,2,0.1999775916337967,0.36677196621894836,1,0.16601134836673737,0.39437568187713623,1,543303866
4,2,0.1997123807668686,0.34751516580581665,1,0.1758008897304535,0.39806124567985535,1,543312200
4,2,0.19504259526729584,0.34228989481925964,1,0.17252478003501892,0.42573148012161255,1,543320533
4,2,0.19136178493499756,0.3765472173690796,1,0.17291544377803802,0.3957361578941345,1,543328866
4,2,0.19293637573719025,0.3633992671966553,1,0.17330262064933777,0.4069828391075134,1,543337200
4,2,0.22836141288280487,0.352689653635025,1,0.2025933563709259,0.39527755975723267,1,543345533
4,2,0.2913864254951477,0.36454784870147705,1,0.2788156270980835,0.40380504727363586,1,543353866
4,2,0.3444616496562958,0.3817305266857147,1,0.32845261693000793,0.3488229513168335,1,543362200
4,2,0.37746095657348633,0.3633514940738678,1,0.3440667986869812,0.31463828682899475,1,543370533
4,2,0.3651089668273926,0.32312870025634766,1,0.3414219319820404,0.3043765127658844,1,543378866
4,2,0.36267608404159546,0.28946974873542786,1,0.34170007705688477,0.34137964248657227,1,543387200
4,2,0.35880300402641296,0.271477609872818,1,0.3417094349861145,0.33008676767349243,1,543395533
4,2,0.3661949634552002,0.2714191973209381,1,0.33964985609054565,0.3866472542285919,1,543403866
4,2,0.378363698720932,0.3373258709907532,1,0.34741294384002686,0.35316595435142517,1,543412204
4,2,0.37290260195732117,0.3232266902923584,1,0.34414583444595337,0.33418023586273193,1,543420537
4,2,0.3812653720378876,0.3700482249259949,1,0.3427382707595825,0.314653605222702,1,543428872
4,2,0.3784627318382263,0.35431838035583496,1,0.34704792499542236,0.2949894368648529,1,543437204
4,2,0.36784642934799194,0.2791999280452728,1,0.3446677029132843,0.3530695140361786,1,543445537
4,2,0.3810204267501831,0.35836854577064514,1,0.33794206380844116,0.3178088068962097,1,543453870
4,2,0.36774885654449463,0.27015420794487,1,0.34356698393821716,0.33786171674728394,1,543462204
4,2,0.37876513600349426,0.26546820998191833,1,0.3469594717025757,0.35559624433517456,1,543470537
4,2,0.3699447214603424,0.31597697734832764,1,0.34548884630203247,0.3288637101650238,1,543478870
4,2,0.381664514541626,0.3707643151283264,1,0.3392219841480255,0.36953267455101013,1,543487206
4,2,0.37579345703125,0.2811218500137329,1,0.34606871008872986,0.350297212600708,1,543495537
4,2,0.37255769968032837,0.31962043046951294,1,0.3451507091522217,0.3233889043331146,1,543503870
4,2,0.38039737939834595,0.38179880380630493,1,0.3419216573238373,0.3204945921897888,1,543512204
4,2,0.38667815923690796,0.3783932626247406,1,0.3470195531845093,0.3344660997390747,1,543520539
4,2,0.38306012749671936,0.3479735255241394,1,0.343124121427536,0.33537623286247253,1,543528870
4,2,0.3791262209415436,0.36720511317253113,1,0.34793326258659363,0.35798534750938416,1,543537204
4,2,0.3735518455505371,0.3421939015388489,1,0.34060949087142944,0.34097474813461304,1,543545539
4,2,0.37887629866600037,0.3468063771724701,1,0.34212926030158997,0.31078746914863586,1,543553872
4,2,nan,nan,0,0.3458188772201538,0.39353281259536743,1,543562206
4,2,0.3724949359893799,0.34074071049690247,1,0.3472018539905548,0.42854997515678406,1,543570541
4,2,0.376773864030838,0.30116263031959534,1,0.34676554799079895,0.43118128180503845,1,543578872
4,2,0.3818950951099396,0.3987356424331665,1,0.350494384765625,0.40101683139801025,1,543587208
4,2,0.383925199508667,0.3780900835990906,1,0.3475908637046814,0.4100087583065033,1,543595539
4,2,0.3900158405303955,0.3618035316467285,1,0.3436599373817444,0.3456244170665741,1,543603874
4,2,nan,nan,0,0.34329739212989807,0.3967159390449524,1,543612206
4,2,0.3827577531337738,0.3976217210292816,1,0.34501388669013977,0.3469994068145752,1,543620541
4,2,0.3855845332145691,0.3597765564918518,1,0.3453679382801056,0.4094952642917633,1,543628872
4,2,0.3844168186187744,0.3650122880935669,1,0.342079758644104,0.3359159231185913,1,543637208
4,2,0.3808586001396179,0.3721103072166443,1,0.34940099716186523,0.34618696570396423,1,543645539
4,2,0.3730798363685608,0.4122183620929718,1,0.3470020890235901,0.39920827746391296,1,543653874
4,2,0.3879418671131134,0.4125100374221802,1,0.3485759198665619,0.42766910791397095,1,543662206
4,2,0.3849482536315918,0.4250655770301819,1,0.3412003219127655,0.3487148582935333,1,543670539
4,2,0.378995805978775,0.387879341840744,1,0.34207800030708313,0.3739856779575348,1,543678875
4,2,0.3784935772418976,0.34905239939689636,1,0.3421591818332672,0.3897601068019867,1,543687209
4,2,0.3776126503944397,0.29461953043937683,1,0.3418025076389313,0.4015490710735321,1,543695542
4,2,0.38273075222969055,0.3470207750797272,1,0.3428930938243866,0.3425855040550232,1,543703877
4,2,0.37619704008102417,0.3519245684146881,1,0.34077587723731995,0.3885737955570221,1,543712209
4,2,0.374790221452713,0.38629376888275146,1,0.340902179479599,0.3728694021701813,1,543720544
4,2,0.3795713186264038,0.38679084181785583,1,0.336462140083313,0.34162402153015137,1,543728875
4,2,0.3780173659324646,0.2872637212276459,1,0.34269097447395325,0.40874969959259033,1,543737210
4,2,0.38045626878738403,0.37274497747421265,1,0.3451668620109558,0.33964860439300537,1,543745542
4,2,0.3791353106498718,0.3655460774898529,1,0.3456306755542755,0.36264440417289734,1,543753877
4,2,0.3852122724056244,0.4346943497657776,1,0.3390786051750183,0.36890941858291626,1,543762211
4,2,0.379607230424881,0.37789836525917053,1,0.34205514192581177,0.40985384583473206,1,543770542
4,2,0.3765731155872345,0.36348041892051697,1,0.3500010371208191,0.3261546790599823,1,543778877
4,2,0.37128517031669617,0.34632647037506104,1,0.3434099853038788,0.389808714389801,1,543787208
4,2,0.3744639456272125,0.3509509265422821,1,0.3484059274196625,0.38694557547569275,1,543795542
4,2,0.37127673625946045,0.3591599464416504,1,0.34505194425582886,0.37426647543907166,1,543803877
4,2,0.36376991868019104,0.2994057238101959,1,0.3431336283683777,0.29550981521606445,1,543812212
4,2,0.3554384112358093,0.21215057373046875,1,0.34002628922462463,0.24109028279781342,1,543820546
4,2,0.3577858805656433,0.20672741532325745,1,0.34835872054100037,0.23300591111183167,1,543828879
4,2,0.36533793807029724,0.20322439074516296,1,0.3350599408149719,0.24338684976100922,1,543837210
4,2,0.3620886206626892,0.2111905813217163,1,0.33062827587127686,0.23947380483150482,1,543845546
4,2,0.3647957146167755,0.20785081386566162,1,0.33387574553489685,0.2437800168991089,1,543853879
4,2,0.3626783788204193,0.19603727757930756,1,0.3362734913825989,0.23102779686450958,1,543862212
4,2,0.36527135968208313,0.24934843182563782,1,0.3364831209182739,0.25130578875541687,1,543870546
4,2,0.36508485674858093,0.2770945429801941,1,0.33260756731033325,0.24181197583675385,1,543878879
4,2,0.3644542992115021,0.1966531127691269,1,0.333575040102005,0.24247179925441742,1,543887212
4,2,0.3606548309326172,0.19250944256782532,1,0.334649920463562,0.24057529866695404,1,543895546
4,2,0.36490023136138916,0.19530822336673737,1,0.33293697237968445,0.23618103563785553,1,543903879
4,2,0.36350417137145996,0.2085498571395874,1,0.3339003026485443,0.2500293552875519,1,543912212
4,2,0.3601182997226715,0.19838301837444305,1,0.3297617733478546,0.24669930338859558,1,543920546
4,2,0.3628428876399994,0.19788017868995667,1,0.33523455262184143,0.2654518485069275,1,543928879
4,2,0.35823383927345276,0.1959589421749115,1,0.3286769986152649,0.2501598298549652,1,543937217
4,2,0.3628363311290741,0.2259904146194458,1,0.3266529440879822,0.2533428966999054,1,543945551
4,2,0.36068716645240784,0.20662221312522888,1,0.33554112911224365,0.23436762392520905,1,543953884
4,2,0.36239808797836304,0.22752085328102112,1,0.33072108030319214,0.2322721928358078,1,543962217
4,2,0.3613574802875519,0.2141163945198059,1,0.33112481236457825,0.2323579639196396,1,543970551
4,2,0.36521440744400024,0.22614097595214844,1,0.3315393030643463,0.2307332456111908,1,543978884
4,2,0.35741791129112244,0.19779358804225922,1,0.3266204595565796,0.2338472157716751,1,543987217
4,2,0.357387900352478,0.2112150639295578,1,0.33568742871284485,0.23660841584205627,1,543995551
4,2,0.3543168902397156,0.20809990167617798,1,0.3384353220462799,0.23890894651412964,1,544003884
4,2,0.35074397921562195,0.1874190717935562,1,0.33347004652023315,0.22386999428272247,1,544012217
4,2,0.3479940593242645,0.16663101315498352,1,0.33236634731292725,0.19084236025810242,1,544020551
4,2,0.35117000341415405,0.16908787190914154,1,0.32703787088394165,0.21697337925434113,1,544028884
4,2,0.35327643156051636,0.16952469944953918,1,0.3256749212741852,0.22235845029354095,1,544037217
4,2,0.3508698344230652,0.15619097650051117,1,0.3253869414329529,0.21464812755584717,1,544045551
4,2,0.351401686668396,0.16829855740070343,1,0.32010239362716675,0.20298638939857483,1,544053884
4,2,0.34964707493782043,0.16513976454734802,1,0.3217431902885437,0.20794543623924255,1,544062217
4,2,0.3502870202064514,0.1635921597480774,1,0.32446974515914917,0.20164479315280914,1,544070553
4,2,0.34675443172454834,0.15755939483642578,1,0.32389259338378906,0.20382463932037354,1,544078886
4,2,0.34673523902893066,0.15296576917171478,1,0.3295373320579529,0.2092963606119156,1,544087219
4,2,0.34904396533966064,0.15833859145641327,1,0.32146766781806946,0.2116992026567459,1,544095553
4,2,0.34831660985946655,0.1587219536304474,1,0.3200069069862366,0.20649023354053497,1,544103886
4,2,0.3463646173477173,0.16066139936447144,1,0.32156801223754883,0.20414426922798157,1,544112219
4,2,0.3462260365486145,0.15770667791366577,1,0.3229120373725891,0.2021539807319641,1,544120553
4,2,0.35098862648010254,0.16276344656944275,1,0.325064480304718,0.19444914162158966,1,544128886
4,2,0.34194058179855347,0.1605435311794281,1,0.3232961893081665,0.20292304456233978,1,544137219
4,2,0.3464869558811188,0.161723792552948,1,0.32682088017463684,0.2024848461151123,1,544145553
4,2,0.3516705334186554,0.1768508404493332,1,0.3260185122489929,0.19017483294010162,1,544153886
4,2,0.3469047546386719,0.18636642396450043,1,0.32423654198646545,0.22939100861549377,1,544162219
4,2,0.37853652238845825,0.31550946831703186,1,0.35364627838134766,0.32693079113960266,1,544170553
4,2,0.40625423192977905,0.30087679624557495,1,0.3733203113079071,0.3233421742916107,1,544178886
4,2,0.40936851501464844,0.41525891423225403,1,0.3742782771587372,0.3861023187637329,1,544187219
4,2,0.39935141801834106,0.3259328305721283,1,0.3746268153190613,0.3907259702682495,1,544195553
4,2,0.40031901001930237,0.3556332588195801,1,0.3732312321662903,0.3424002528190613,1,544203889
4,2,0.39882755279541016,0.3654933273792267,1,0.3690275251865387,0.34813013672828674,1,544212222
4,2,0.40162527561187744,0.4034470021724701,1,0.3739989399909973,0.36033034324645996,1,544220556
4,2,0.40061700344085693,0.35685136914253235,1,0.3713424801826477,0.3136937618255615,1,544228889
4,2,0.40872856974601746,0.40599489212036133,1,0.3656696379184723,0.34015366435050964,1,544237222
4,2,0.408442884683609,0.406356543302536,1,0.3730987012386322,0.3968588411808014,1,544245556
4,2,0.4048246741294861,0.3682476282119751,1,0.3737337589263916,0.3784787058830261,1,544253889
4,2,0.4102132320404053,0.3791673481464386,1,0.36776086688041687,0.4124293625354767,1,544262222
4,2,0.41584572196006775,0.4280996322631836,1,0.3766595423221588,0.39711320400238037,1,544270556
4,2,0.4056656062602997,0.40086859464645386,1,0.3641335368156433,0.3436543047428131,1,544278889
4,2,0.4004893898963928,0.41633158922195435,1,0.3709099590778351,0.33550000190734863,1,544287222
4,2,0.40833091735839844,0.41738632321357727,1,0.3765663504600525,0.42508184909820557,1,544295556
4,2,0.4046163856983185,0.4070724844932556,1,0.3700236976146698,0.318392813205719,1,544303889
4,2,0.404747873544693,0.3979499936103821,1,0.37953928112983704,0.3767872154712677,1,544312222
4,2,0.40438520908355713,0.3602496087551117,1,0.373853862285614,0.34344205260276794,1,544320555
4,2,0.398159384727478,0.3741582930088043,1,0.36797085404396057,0.33922940492630005,1,544328894
4,2,0.40254440903663635,0.3594339191913605,1,0.3761046528816223,0.41657084226608276,1,544337227
4,2,0.3995433747768402,0.28723809123039246,1,0.3755608797073364,0.3895321488380432,1,544345560
4,2,0.3968068063259125,0.36333513259887695,1,0.3713826537132263,0.3694744408130646,1,544353894
4,2,0.4014723598957062,0.38698610663414,1,0.36836478114128113,0.39468157291412354,1,544362227
4,2,0.3642563819885254,0.3991059958934784,1,0.33822330832481384,0.4176906943321228,1,544370560
4,2,0.36563631892204285,0.40763095021247864,1,0.3279472887516022,0.44099920988082886,1,544378894
4,2,0.36661869287490845,0.38681551814079285,1,0.33228808641433716,0.38205456733703613,1,544387227
4,2,0.3672170042991638,0.3706721365451813,1,0.330689936876297,0.3761913776397705,1,544395560
4,2,0.363411545753479,0.39068469405174255,1,0.3374978303909302,0.43409863114356995,1,544403894
4,2,0.3616105318069458,0.270796537399292,1,0.3302941918373108,0.41100722551345825,1,544412227
4,2,0.3629077970981598,0.4055975675582886,1,0.328861802816391,0.41175031661987305,1,544420560
4,2,0.37476298213005066,0.4086460471153259,1,0.3342694044113159,0.3502807319164276,1,544428894
4,2,0.3640117645263672,0.4188702702522278,1,0.33000609278678894,0.4072585999965668,1,544437227
4,2,0.36731335520744324,0.41532644629478455,1,0.33231207728385925,0.4193824529647827,1,544445560
4,2,0.3678686320781708,0.4022482931613922,1,0.33331993222236633,0.39335474371910095,1,544453894
4,2,0.3656715154647827,0.42098814249038696,1,0.3276180624961853,0.41029122471809387,1,544462227
4,2,0.3665280044078827,0.393555223941803,1,0.34197622537612915,0.44274410605430603,1,544470560
4,2,0.36594024300575256,0.374315083026886,1,0.3357446491718292,0.4203205108642578,1,544478894
4,2,0.3670453727245331,0.37986114621162415,1,0.33288416266441345,0.3937884569168091,1,544487227
4,2,0.3593609035015106,0.3513492941856384,1,0.3284797668457031,0.38654834032058716,1,544495560
4,2,0.33826109766960144,0.20176155865192413,1,0.33177468180656433,0.2262558490037918,1,544503894
4,2,0.34744659066200256,0.13789470493793488,1,0.3433469235897064,0.1816050261259079,1,544512227
4,2,0.3453481197357178,0.1324278712272644,1,0.3402119278907776,0.16841194033622742,1,544520560
4,2,0.34742027521133423,0.13977181911468506,1,0.32979774475097656,0.18351730704307556,1,544528894
4,2,0.3502567708492279,0.14076000452041626,1,0.32470422983169556,0.1858448088169098,1,544537227
4,2,0.35570889711380005,0.1401359587907791,1,0.3197493255138397,0.19164198637008667,1,544545560
4,2,0.3517726957798004,0.1376757174730301,1,0.3299841284751892,0.1633979082107544,1,544553894
4,2,0.3523097038269043,0.14690770208835602,1,0.32821187376976013,0.17830714583396912,1,544562227
4,2,0.34629181027412415,0.14868958294391632,1,0.33005568385124207,0.17797163128852844,1,544570560
4,2,0.3537925183773041,0.14448389410972595,1,0.3268206715583801,0.1906626969575882,1,544578894
4,2,0.35743027925491333,0.16052226722240448,1,0.32552340626716614,0.17739897966384888,1,544587227
4,2,0.3501201570034027,0.15565770864486694,1,0.32819226384162903,0.18066199123859406,1,544595563
4,2,0.3473116159439087,0.1419518142938614,1,0.3295155167579651,0.1941184401512146,1,544603897
4,2,0.35160553455352783,0.14200861752033234,1,0.3239516615867615,0.1934509128332138,1,544612230
4,2,0.3586582541465759,0.13432559370994568,1,0.32520437240600586,0.18932761251926422,1,544620563
4,2,0.3601855933666229,0.139400452375412,1,0.3300512135028839,0.18602705001831055,1,544628897
4,2,0.3547518253326416,0.1352626383304596,1,0.32768625020980835,0.18240930140018463,1,544637230
4,2,0.35555553436279297,0.15382732450962067,1,0.32093268632888794,0.18457935750484467,1,544645563
4,2,0.34841156005859375,0.14732369780540466,1,0.32516053318977356,0.18807506561279297,1,544653897
4,2,0.35115209221839905,0.13978920876979828,1,0.32896673679351807,0.1845843493938446,1,544662230
4,2,0.34851425886154175,0.14045976102352142,1,0.3257736265659332,0.18103556334972382,1,544670563
4,2,0.354037344455719,0.14891678094863892,1,0.323116660118103,0.19277448952198029,1,544678897
4,2,0.35771888494491577,0.1425309181213379,1,0.3235110938549042,0.19406500458717346,1,544687230
4,2,0.36033710837364197,0.1472301334142685,1,0.3216125965118408,0.19010528922080994,1,544695563
4,2,0.3562285304069519,0.15745458006858826,1,0.3228747844696045,0.1928197741508484,1,544703897
4,2,0.35425516963005066,0.149845689535141,1,0.32621946930885315,0.17860782146453857,1,544712230
4,2,0.35395362973213196,0.14440760016441345,1,0.3197934925556183,0.19047078490257263,1,544720563
4,2,0.3618646264076233,0.1330694854259491,1,0.32159680128097534,0.18212133646011353,1,544728899
4,2,0.35287898778915405,0.1386517435312271,1,0.322182834148407,0.18856970965862274,1,544737232
4,2,0.3507384955883026,0.1361478716135025,1,0.31861504912376404,0.19103363156318665,1,544745565
4,2,0.34854358434677124,0.1352178007364273,1,0.32093560695648193,0.1844003051519394,1,544753899
4,2,0.3571338653564453,0.14290744066238403,1,0.32453683018684387,0.18378745019435883,1,544762232
4,2,0.3545733392238617,0.14201778173446655,1,0.32395198941230774,0.18448296189308167,1,544770565
4,2,0.354107141494751,0.14054766297340393,1,0.3219175934791565,0.18984968960285187,1,544778899
4,2,0.349104642868042,0.15016138553619385,1,0.32596975564956665,0.17561522126197815,1,544787232
4,2,0.3533670902252197,0.14472554624080658,1,0.3269805312156677,0.18378324806690216,1,544795565
4,2,0.34989216923713684,0.1356954276561737,1,0.3305007219314575,0.17771801352500916,1,544803899
4,2,0.3563840687274933,0.13794463872909546,1,0.3244900703430176,0.18238040804862976,1,544812232
4,2,0.3587445616722107,0.13591547310352325,1,0.3257655203342438,0.2024204581975937,1,544820565
4,2,0.35383597016334534,0.14530104398727417,1,0.32705140113830566,0.19135186076164246,1,544828899
4,2,0.35129037499427795,0.1425207108259201,1,0.3180864155292511,0.19719108939170837,1,544837232
4,2,0.34875136613845825,0.13977861404418945,1,0.31597021222114563,0.18953955173492432,1,544845565
4,2,0.33819156885147095,0.15168295800685883,1,0.31100741028785706,0.18151067197322845,1,544853903
4,2,0.34217625856399536,0.15228410065174103,1,0.32101279497146606,0.19316478073596954,1,544862236
4,2,0.34478965401649475,0.14527195692062378,1,0.3164790868759155,0.18573424220085144,1,544870569
4,2,0.34859126806259155,0.14904823899269104,1,0.32347965240478516,0.19006206095218658,1,544878902
4,2,0.3390914499759674,0.1503376066684723,1,0.31800833344459534,0.19362697005271912,1,544887236
4,2,0.3397480547428131,0.14859484136104584,1,0.3189798891544342,0.1921619325876236,1,544895569
4,2,0.3500330448150635,0.14716234803199768,1,0.32468241453170776,0.19754429161548615,1,544903902
4,2,0.3418847322463989,0.137705996632576,1,0.3167119324207306,0.18203483521938324,1,544912236
4,2,0.34515222907066345,0.14737573266029358,1,0.3165566027164459,0.19296595454216003,1,544920569
4,2,0.3444051146507263,0.13799619674682617,1,0.31635838747024536,0.18744200468063354,1,544928902
4,2,0.34335142374038696,0.1359068602323532,1,0.3221210241317749,0.19722795486450195,1,544937236
4,2,0.3409140408039093,0.14770753681659698,1,0.31728100776672363,0.1933969259262085,1,544945569
4,2,0.3402208387851715,0.14670908451080322,1,0.3161003589630127,0.19995413720607758,1,544953902
4,2,0.34158721566200256,0.13767534494400024,1,0.31472206115722656,0.18436378240585327,1,544962236
4,2,0.3452906608581543,0.14666056632995605,1,0.3150167167186737,0.19531594216823578,1,544970569
4,2,0.34747371077537537,0.14576368033885956,1,0.31558725237846375,0.18888349831104279,1,544978902
4,2,0.33830004930496216,0.15805739164352417,1,0.31588831543922424,0.19595827162265778,1,544987239
4,2,0.3430913984775543,0.14587435126304626,1,0.322928786277771,0.19216816127300262,1,544995572
4,2,0.334153413772583,0.14619597792625427,1,0.301767498254776,0.18726252019405365,1,545003905
4,2,0.3329395353794098,0.1417810618877411,1,0.2986688017845154,0.19025634229183197,1,545012239
4,2,0.33812615275382996,0.1405055969953537,1,0.3092721104621887,0.18585683405399323,1,545020572
4,2,0.3352496922016144,0.15226975083351135,1,0.30684641003608704,0.1888914704322815,1,545028905
4,2,0.33387452363967896,0.14157426357269287,1,0.3159139156341553,0.19155541062355042,1,545037239
4,2,0.33481746912002563,0.14818310737609863,1,0.30973610281944275,0.20532304048538208,1,545045572
4,2,0.33364856243133545,0.14718851447105408,1,0.31217384338378906,0.18299809098243713,1,545053905
4,2,0.33463504910469055,0.13954360783100128,1,0.30679041147232056,0.1841263771057129,1,545062239
4,2,0.34100377559661865,0.13552530109882355,1,0.31123924255371094,0.17946937680244446,1,545070572
4,2,0.3357201814651489,0.14363084733486176,1,0.3135870397090912,0.1846555918455124,1,545078905
